step,system_total_stopped,system_total_waiting_time,system_mean_waiting_time,system_mean_speed,system_cars_present,system_accumulated_waiting_time (100),system_accumulated_mean_waiting_time (100),system_accumulated_waiting_time (delta),system_accumulated_mean_waiting_time (delta),agents_total_stopped,agents_total_accumulated_waiting_time (100),agents_total_accumulated_waiting_time (delta),agents_mean_speed,agents_mean_waiting_time (100),agents_mean_waiting_time (delta),agents_cars_present,Col3_1_stopped,Col3_1_accumulated_waiting_time,Col3_1_average_speed,Col3_2_stopped,Col3_2_accumulated_waiting_time,Col3_2_average_speed,Col3_3_stopped,Col3_3_accumulated_waiting_time,Col3_3_average_speed
8.0,1,0.0,0.0,5.116047790343873,4,0.0,0.0,0.0,0.0,1,0.0,0.0,4.505369043862447,0.0,0.0,2,0,0.0,1.0,0,0.0,1.0,1,0.0,0.3268124463580948
16.0,0,0.0,0.0,8.161456665934871,11,0.0,0.0,0.0,0.0,0,0.0,0.0,8.047971135094402,0.0,0.0,4,0,0.0,0.897173809132291,0,0.0,0.5441184040775258,0,0.0,0.959419166900201
24.0,4,12.0,0.75,6.986743328889896,16,12.0,0.75,12.0,0.75,3,12.0,12.0,3.3108573208245304,2.4,2.4,5,2,9.0,5.325765212457764e-06,0,0.0,0.9368411773922416,1,3.0,5.207325341604691e-05
32.0,6,39.0,1.625,7.471509141622101,24,39.0,1.625,27.0,1.125,4,39.0,27.0,2.883258087894519,5.571428571428571,5.571428571428571,7,2,25.0,0.2891288943587664,1,3.0,0.2722803810732592,1,11.0,0.0
40.0,5,21.0,0.6774193548387096,6.946396885875289,31,67.0,2.161290322580645,28.0,0.9032258064516128,5,21.0,0.0,3.601364153648929,1.9090909090909087,1.9090909090909087,11,2,1.0,0.2000019446682469,2,1.0,0.3859830846201327,1,19.0,0.3518044061899999
48.0,5,17.0,0.425,9.461829571555464,40,73.0,1.825,6.0,0.15,4,20.0,0.0,6.96821999808372,2.0,2.0,10,2,20.0,0.4382143128698128,1,0.0,0.6168726780194234,1,0.0,0.0
56.0,8,52.0,1.238095238095238,9.39142214995962,42,96.0,2.2857142857142856,23.0,0.5476190476190477,6,51.0,31.0,5.335441409620109,4.636363636363637,4.636363636363637,11,4,43.0,0.1970690658156254,2,8.0,0.5432020203789228,0,0.0,0.9416661425721804
64.0,6,38.0,0.7916666666666666,9.539608917544829,48,131.0,2.7291666666666665,35.0,0.7291666666666666,3,31.0,0.0,7.41276111116441,2.583333333333333,2.583333333333333,12,1,7.0,0.541458506090615,2,24.0,0.5512967252594598,0,0.0,0.9097421219706192
72.0,12,85.0,1.6346153846153846,7.581351047781092,52,180.0,3.4615384615384617,49.0,0.9423076923076924,7,58.0,27.0,4.545408557080796,3.8666666666666663,3.8666666666666663,15,3,12.0,0.3229446773363135,3,46.0,0.3839211336460376,1,0.0,0.4535145211468553
80.0,6,19.0,0.3454545454545454,8.574799901831573,55,233.0,4.236363636363636,53.0,0.9636363636363636,5,43.0,0.0,4.065357040761954,2.5294117647058822,2.5294117647058822,17,2,11.0,0.3398575298554456,3,32.0,0.1987066325206988,0,0.0,0.7118814370837594
88.0,10,73.0,1.3272727272727274,8.042068031970338,55,299.0,5.4363636363636365,66.0,1.2,9,123.0,80.0,5.34008949681632,5.590909090909091,5.590909090909091,22,3,30.0,0.2412209349387586,6,85.0,0.3246790182611688,0,8.0,0.7095984271905611
96.0,16,134.0,2.2711864406779663,7.029229073068306,59,382.0,6.47457627118644,83.0,1.4067796610169492,13,185.0,62.0,3.965971380364773,7.4,7.4,25,0,5.0,0.7799919429824695,12,174.0,0.1083863139640323,1,6.0,0.4609558949946257
104.0,8,34.0,0.5964912280701754,8.197496868502107,57,459.0,8.052631578947368,77.0,1.350877192982456,4,146.0,0.0,4.30920732626303,8.11111111111111,8.11111111111111,18,1,7.0,0.2920814424966497,2,128.0,0.2937756089046037,1,11.0,0.4812827961981867
112.0,15,47.0,0.7704918032786885,7.306561328516508,61,459.0,7.524590163934426,0.0,0.0,13,163.0,17.0,3.4792073776167904,6.269230769230769,6.269230769230769,26,3,16.0,0.2581374642583267,9,142.0,0.1987912256475991,1,5.0,0.4973869948685609
120.0,2,20.0,0.2985074626865671,8.482036452567122,67,514.0,7.671641791044776,55.0,0.8208955223880597,1,74.0,0.0,5.8183303669820114,3.363636363636364,3.363636363636364,22,1,10.0,0.3813775620404103,0,64.0,0.4399146187491605,0,0.0,0.5074630936110129
128.0,15,67.0,1.0307692307692309,7.745559412964466,65,506.0,7.784615384615384,0.0,0.0,12,117.0,43.0,3.772397019531776,4.875,4.875,24,2,21.0,0.5756414465187457,10,96.0,0.187460470512691,0,0.0,0.8705794871098949
136.0,12,103.0,1.4927536231884058,7.787032142888788,69,599.0,8.681159420289855,93.0,1.3478260869565215,7,100.0,0.0,5.613913051707879,4.166666666666667,4.166666666666667,24,3,38.0,0.3964827452182352,4,55.0,0.3264089651588608,0,7.0,0.7832901527915092
144.0,19,180.0,2.6865671641791047,7.197373744218571,67,616.0,9.194029850746269,17.0,0.2537313432835821,15,170.0,70.0,3.428955411221927,6.296296296296297,6.296296296296297,27,4,61.0,0.3447331055462633,11,102.0,0.1146928440438524,0,7.0,0.9453800701312016
152.0,19,228.0,3.4029850746268657,5.933105221944361,67,650.0,9.701492537313433,34.0,0.5074626865671642,15,229.0,59.0,3.428076515916969,7.896551724137931,7.896551724137931,29,6,100.0,0.2122131427235245,5,110.0,0.3186860127896073,4,19.0,0.1621976700967637
160.0,18,264.0,3.616438356164384,7.501254670248048,73,783.0,10.726027397260276,133.0,1.821917808219178,14,261.0,32.0,3.709528538838879,9.666666666666666,9.666666666666666,27,8,126.0,0.2142127749806062,6,132.0,0.2202720112053988,0,3.0,0.9325656043389404
168.0,8,49.0,0.6533333333333333,8.048491160566625,75,805.0,10.733333333333333,22.0,0.2933333333333333,7,210.0,0.0,4.292629351160704,8.4,8.4,25,4,82.0,0.3598601159864517,3,112.0,0.1827784929127218,0,16.0,0.7196210975396109
176.0,14,69.0,0.971830985915493,7.246639939183655,71,684.0,9.633802816901408,0.0,0.0,11,112.0,0.0,4.414201345492542,4.48,4.48,25,4,43.0,0.2745922360161326,5,64.0,0.2315928006180662,2,5.0,0.6644261775259757
184.0,18,157.0,2.3088235294117645,7.195583078879435,68,708.0,10.411764705882351,24.0,0.3529411764705882,16,219.0,107.0,3.235421664210423,7.821428571428571,7.821428571428571,28,6,74.0,0.0716459985035333,7,120.0,0.3948841922413729,3,25.0,0.3601756998242725
192.0,8,62.0,1.0163934426229508,8.242603563289691,61,706.0,11.57377049180328,0.0,0.0,8,120.0,0.0,4.736337737682423,5.217391304347826,5.217391304347826,23,4,68.0,0.3155438937581143,4,43.0,0.3323881185410787,0,9.0,0.5904945863364363
200.0,19,163.0,2.963636363636364,6.10162828248972,55,639.0,11.61818181818182,0.0,0.0,18,231.0,111.0,1.96195346284139,8.884615384615385,8.884615384615385,26,6,96.0,0.0416430288265277,9,114.0,0.2599732068490325,3,21.0,0.0023462411172799
208.0,16,252.0,4.421052631578948,7.031875676729452,57,713.0,12.508771929824562,74.0,1.2982456140350878,15,287.0,56.0,1.7290091670662564,15.105263157894736,15.105263157894736,19,7,125.0,0.0947142045624299,6,130.0,0.0427876568694249,2,32.0,0.4169415931827693
216.0,14,176.0,2.933333333333333,6.674191989259431,60,761.0,12.683333333333334,48.0,0.8,11,272.0,0.0,3.238414237533778,11.826086956521738,11.826086956521738,23,8,189.0,0.1737210339451243,2,79.0,0.2743194654534377,1,4.0,0.5066791827480819
224.0,11,23.0,0.3432835820895522,7.38457172084191,67,757.0,11.298507462686567,0.0,0.0,8,128.0,0.0,3.72853397331169,6.4,6.4,20,3,53.0,0.1842111324142727,5,75.0,0.2354755338033245,0,0.0,0.9558306346433466
232.0,7,40.0,0.6451612903225806,8.83275981678373,62,641.0,10.338709677419354,0.0,0.0,6,82.0,0.0,4.813314640180601,4.1,4.1,20,4,27.0,0.1963904364774455,1,49.0,0.5281140715038934,1,6.0,0.1810631477965023
240.0,10,73.0,1.2372881355932204,7.999194694575025,59,563.0,9.542372881355933,0.0,0.0,9,116.0,34.0,4.53634937610816,4.833333333333333,4.833333333333333,24,3,40.0,0.3677793193181318,6,72.0,0.2987530739666275,0,4.0,0.8126198220972732
248.0,20,138.0,2.3,5.8999476114946,60,599.0,9.983333333333333,36.0,0.6,18,214.0,98.0,2.3500611689281623,6.6875,6.6875,32,0,23.0,0.253716709539566,16,174.0,0.130606851963605,2,17.0,0.3218588143726262
256.0,24,292.0,5.0344827586206895,5.92253842036739,58,707.0,12.189655172413794,108.0,1.862068965517241,20,338.0,124.0,1.6368359579622778,12.51851851851852,12.51851851851852,27,4,48.0,0.0352845189389173,16,287.0,0.1106341314502262,0,3.0,0.9035182094423332
264.0,23,415.0,7.830188679245283,4.909496463913461,53,773.0,14.58490566037736,66.0,1.2452830188679245,20,486.0,148.0,2.01222981037311,17.357142857142858,17.357142857142858,28,3,61.0,0.371677899499456,17,425.0,0.0806236713526363,0,0.0,1.0
272.0,28,602.0,10.033333333333331,4.862278909694601,60,982.0,16.366666666666667,209.0,3.4833333333333334,28,711.0,225.0,2.625465338503446,17.341463414634145,17.341463414634145,41,5,102.0,0.2194138098462415,23,602.0,0.1050951096645874,0,7.0,0.6754498238278528
280.0,18,228.0,3.4545454545454546,6.030226335148987,66,1152.0,17.454545454545453,170.0,2.575757575757576,16,602.0,0.0,3.8251189769545006,15.842105263157896,15.842105263157896,38,7,151.0,0.1032615494000932,9,445.0,0.2386471032261309,0,6.0,0.8256102197783756
288.0,24,224.0,3.4461538461538463,4.875846183575304,65,1203.0,18.50769230769231,51.0,0.7846153846153846,21,660.0,58.0,2.207156070343835,16.097560975609756,16.097560975609756,41,7,174.0,0.2165714731710626,12,477.0,0.1854716181996311,2,9.0,0.1505521661386563
296.0,27,371.0,5.3,4.921433270669647,70,1373.0,19.614285714285717,170.0,2.4285714285714284,24,581.0,0.0,1.8285146750130403,15.702702702702704,15.702702702702704,37,10,233.0,0.1297245272334217,9,300.0,0.1909386864558327,5,48.0,0.1504845019283601
304.0,24,511.0,7.0,6.924937640902957,73,1461.0,20.013698630136982,88.0,1.2054794520547945,21,574.0,0.0,3.124639198255964,16.88235294117647,16.88235294117647,34,9,312.0,0.2637701261274011,7,174.0,0.254679948626782,5,88.0,0.1486887717649726
312.0,22,365.0,4.866666666666666,5.814907085274405,75,1551.0,20.68,90.0,1.2,20,537.0,0.0,2.005313161899468,13.76923076923077,13.76923076923077,39,3,142.0,0.2061341561725816,11,262.0,0.1190527833844337,6,133.0,0.1441211251918538
320.0,16,343.0,4.035294117647059,7.561017381096171,85,1646.0,19.36470588235294,95.0,1.1176470588235294,16,414.0,0.0,4.563086929127931,11.18918918918919,11.18918918918919,37,6,51.0,0.1772592647697008,9,324.0,0.2079178201210595,1,39.0,0.7746169076595315
328.0,16,113.0,1.486842105263158,6.940587756300184,76,1278.0,16.81578947368421,0.0,0.0,14,392.0,0.0,2.748912073619786,11.87878787878788,11.87878787878788,33,5,82.0,0.2401349841499964,6,303.0,0.1322127698292413,3,7.0,0.413704946959179
336.0,17,136.0,1.8888888888888888,6.766546233796602,72,1137.0,15.791666666666666,0.0,0.0,15,291.0,0.0,3.7711038391241103,8.818181818181818,8.818181818181818,33,0,15.0,0.3592163640919503,8,217.0,0.2585810198212303,7,59.0,0.2596181173414112
344.0,11,45.0,0.6716417910447762,7.642029303973874,67,1013.0,15.119402985074627,0.0,0.0,8,184.0,0.0,4.236922955144118,8.0,8.0,23,3,20.0,0.2590226242330878,5,157.0,0.2936104617066778,0,7.0,0.7159938981793177
352.0,9,66.0,1.015384615384615,9.165411070686003,65,902.0,13.876923076923076,0.0,0.0,6,128.0,0.0,4.573954879606823,8.0,8.0,16,2,17.0,0.3010637262984709,3,107.0,0.4558240847126817,1,4.0,0.1810031406018856
360.0,8,55.0,0.8208955223880597,8.97922688222349,67,798.0,11.91044776119403,0.0,0.0,6,67.0,0.0,6.548240146834196,3.35,3.35,20,4,39.0,0.2150678234487073,1,26.0,0.7032759057465533,1,2.0,0.5793252562801051
368.0,10,82.0,1.2615384615384615,8.915760549691301,65,739.0,11.36923076923077,0.0,0.0,8,102.0,35.0,6.349217985181733,4.08,4.08,25,2,46.0,0.6004916992594246,4,44.0,0.2269498818462464,2,12.0,0.5330314221926512
376.0,9,93.0,1.3478260869565215,8.412991497153705,69,762.0,11.043478260869565,23.0,0.3333333333333333,6,103.0,1.0,6.230319230020712,4.478260869565218,4.478260869565218,23,6,87.0,0.2304782543221135,0,10.0,0.6238866397821835,0,6.0,0.659281230067589
384.0,7,46.0,0.6764705882352942,8.854672494949956,68,708.0,10.411764705882351,0.0,0.0,5,75.0,0.0,6.046826495602863,3.75,3.75,20,2,29.0,0.3743747206162733,3,46.0,0.4833026063798822,0,0.0,0.7255018093092133
392.0,21,108.0,1.565217391304348,6.974731725902205,69,554.0,8.028985507246377,0.0,0.0,14,108.0,33.0,4.911176650988307,4.5,4.5,24,3,8.0,0.5196563827192484,10,98.0,0.1741519116217492,1,2.0,0.4886655821965818
400.0,14,132.0,1.8857142857142857,7.429631796207757,70,563.0,8.042857142857143,9.0,0.1285714285714285,13,187.0,79.0,4.230610573929774,6.925925925925926,6.925925925925926,27,3,11.0,0.4433500447231488,10,174.0,0.197474103137058,0,2.0,0.905398954881408
408.0,4,16.0,0.2162162162162162,8.395118781658777,74,569.0,7.689189189189189,6.0,0.081081081081081,2,101.0,0.0,5.524187360447931,4.809523809523809,4.809523809523809,21,2,21.0,0.4255322911389939,0,80.0,0.3736595704502742,0,0.0,0.7976954229001791
416.0,14,44.0,0.6027397260273972,7.417836038153595,73,554.0,7.589041095890411,0.0,0.0,12,119.0,18.0,2.8908883312119795,4.958333333333333,4.958333333333333,24,0,0.0,0.3443483005630701,11,115.0,0.1267225937292115,1,4.0,0.6399918007482746
424.0,14,51.0,0.6986301369863014,7.124033840938883,73,579.0,7.931506849315069,25.0,0.3424657534246575,6,140.0,21.0,4.385717313968539,6.086956521739131,6.086956521739131,23,4,24.0,0.0855232158032868,1,98.0,0.3027472429663981,1,18.0,0.698415686779185
432.0,13,100.0,1.408450704225352,8.07408501224997,71,586.0,8.253521126760564,7.0,0.0985915492957746,8,154.0,14.0,6.3017888860707005,7.7,7.7,20,2,37.0,0.5871549977343921,4,90.0,0.4976131063194994,2,27.0,0.2506906717632281
440.0,20,145.0,1.9333333333333331,6.519923331506707,75,638.0,8.506666666666666,52.0,0.6933333333333334,14,185.0,31.0,2.054878939879922,9.25,9.25,20,8,65.0,0.0475635356071976,6,120.0,0.2936305082079663,0,0.0,1.0
448.0,21,191.0,2.7285714285714286,6.456587138527558,70,661.0,9.442857142857145,23.0,0.3285714285714285,16,283.0,98.0,4.000156695457301,9.758620689655173,9.758620689655173,29,7,124.0,0.3213682195629769,9,156.0,0.2090906317131888,0,3.0,0.700796021147545
456.0,6,37.0,0.5692307692307692,6.597884356293738,65,613.0,9.430769230769233,0.0,0.0,4,114.0,0.0,4.514118009629407,4.956521739130435,4.956521739130435,23,2,42.0,0.240954432676586,1,72.0,0.4267333019373551,1,0.0,0.4425804887689033
464.0,14,91.0,1.378787878787879,7.476125094810528,66,629.0,9.530303030303031,16.0,0.2424242424242424,9,101.0,0.0,3.758999921749472,5.05,5.05,20,6,55.0,0.2267225813754474,3,46.0,0.2747245953588476,0,0.0,0.8807260297032244
472.0,10,65.0,1.031746031746032,7.788008009689353,63,651.0,10.333333333333334,22.0,0.3492063492063492,5,63.0,0.0,4.484494715652682,3.5,3.5,18,2,50.0,0.260664696769307,3,10.0,0.2640652656727326,0,3.0,0.9566577003125512
480.0,7,27.0,0.4576271186440678,8.420399438949909,59,559.0,9.47457627118644,0.0,0.0,5,95.0,32.0,6.689116665444519,5.277777777777778,5.277777777777778,18,4,54.0,0.4678729792162213,0,34.0,0.715930912559418,1,7.0,0.5022856600583439
488.0,12,71.0,1.1833333333333331,7.722627254851639,60,478.0,7.966666666666667,0.0,0.0,8,105.0,10.0,4.629428092361343,5.25,5.25,20,5,72.0,0.1314443180648964,3,33.0,0.4750030518961622,0,0.0,0.73051730149488
496.0,4,43.0,0.7049180327868853,9.372254110498108,61,430.0,7.049180327868853,0.0,0.0,4,79.0,0.0,7.712760383609948,5.642857142857143,5.642857142857143,14,3,47.0,0.3304987869140613,1,32.0,0.7154721029592428,0,0.0,0.9558126462102324
504.0,10,100.0,1.7857142857142858,9.245617433721824,56,391.0,6.982142857142857,0.0,0.0,9,131.0,52.0,6.095841969852685,7.277777777777778,7.277777777777778,18,7,90.0,0.2510751711801166,2,37.0,0.6250889634290225,0,4.0,0.9970899705224994
512.0,12,144.0,3.0,7.6706489317941235,48,365.0,7.604166666666667,0.0,0.0,12,169.0,38.0,3.2893294788978253,8.047619047619047,8.047619047619047,21,6,98.0,0.1654544715315927,5,66.0,0.2186693562247952,1,5.0,0.6037254345021354
520.0,18,202.0,4.122448979591836,6.948121949125061,49,471.0,9.612244897959185,106.0,2.163265306122449,18,245.0,76.0,3.9367695968492,8.75,8.75,28,8,150.0,0.2613575515797058,9,87.0,0.1927403267832471,1,8.0,0.7286726428974393
528.0,13,213.0,4.096153846153846,6.665967202025622,52,527.0,10.134615384615383,56.0,1.0769230769230769,13,239.0,0.0,2.448414665861259,9.958333333333334,9.958333333333334,24,11,226.0,0.1196141120147617,0,9.0,0.454582542577126,2,4.0,0.0
536.0,11,194.0,3.3448275862068964,7.874400011023228,58,592.0,10.20689655172414,65.0,1.1206896551724137,10,229.0,0.0,3.634425631554229,10.904761904761903,10.904761904761903,21,6,194.0,0.164881343366626,3,27.0,0.3606250589453488,1,8.0,0.4838637158565422
544.0,13,234.0,3.9,6.787843936680559,60,578.0,9.633333333333333,0.0,0.0,13,271.0,42.0,3.156626703778542,11.291666666666666,11.291666666666666,24,11,250.0,0.1324666600468228,0,3.0,0.6664124866496481,2,18.0,0.100443670417169
552.0,14,131.0,2.0153846153846158,6.834459972045029,65,656.0,10.092307692307692,78.0,1.2,11,248.0,0.0,3.5048367503517075,9.538461538461538,9.538461538461538,26,8,190.0,0.1655932769629167,1,16.0,0.3945330721127372,2,42.0,0.4209102435157129
560.0,11,90.0,1.3636363636363635,6.938681157356592,66,723.0,10.954545454545457,67.0,1.0151515151515151,10,238.0,0.0,2.8188620516194574,8.206896551724139,8.206896551724139,29,3,138.0,0.1010671389930152,3,36.0,0.4273990406628399,4,64.0,0.1858171033026815
568.0,11,31.0,0.4428571428571428,7.247632745208387,70,762.0,10.885714285714286,39.0,0.5571428571428572,8,128.0,0.0,3.346035084161944,5.12,5.12,25,5,110.0,0.2037061032895205,3,18.0,0.2990290048578271,0,0.0,0.5931041941073695
576.0,15,89.0,1.289855072463768,7.183459598512775,69,707.0,10.246376811594205,0.0,0.0,11,144.0,16.0,4.506258474204595,5.76,5.76,25,9,116.0,0.1513833982423745,2,28.0,0.5483653753726823,0,0.0,0.9834168165276268
584.0,18,85.0,1.4166666666666667,5.983698159429005,60,618.0,10.3,0.0,0.0,15,196.0,52.0,2.4916416310264355,7.538461538461538,7.538461538461538,26,8,126.0,0.1705824838838518,5,62.0,0.2478138501528446,2,8.0,0.0004875250317498
592.0,14,97.0,1.4696969696969695,6.841434912969159,66,718.0,10.87878787878788,100.0,1.5151515151515151,12,222.0,26.0,3.827791219572912,7.655172413793103,7.655172413793103,29,10,175.0,0.2273742344717718,1,37.0,0.3846537382366323,1,10.0,0.5060436625926495
600.0,14,81.0,1.125,7.252017128224937,72,733.0,10.180555555555555,15.0,0.2083333333333333,11,174.0,0.0,3.113421601694684,7.25,7.25,24,7,158.0,0.1564322552504211,3,15.0,0.3255955925207601,1,1.0,0.3659679013380523
608.0,17,83.0,1.106666666666667,7.136203005661828,75,613.0,8.173333333333334,0.0,0.0,10,170.0,0.0,4.493469594278629,5.862068965517241,5.862068965517241,29,6,90.0,0.2277915491643186,4,76.0,0.4130312375635793,0,4.0,0.9351599756540784
616.0,20,197.0,2.4625,7.437128224832563,80,706.0,8.825,93.0,1.1625,14,208.0,38.0,3.35161826341509,7.703703703703703,7.703703703703703,27,11,133.0,0.0451531919747531,2,72.0,0.4843979609379017,1,3.0,0.4566098294138245
624.0,16,238.0,2.975,8.453858684060794,80,799.0,9.9875,93.0,1.1625,12,269.0,61.0,3.8760416874122,12.227272727272728,12.227272727272728,22,9,178.0,0.0822988736998528,3,91.0,0.5079659146885244,0,0.0,0.7757052406377604
632.0,25,410.0,5.616438356164384,6.767405625462692,73,773.0,10.58904109589041,0.0,0.0,17,400.0,131.0,3.559408480159686,14.814814814814817,14.814814814814817,27,12,285.0,0.1691214725106752,3,96.0,0.4568041089556764,2,19.0,0.3435231969366222
640.0,10,38.0,0.5135135135135135,6.20843265850928,74,837.0,11.31081081081081,64.0,0.8648648648648649,6,230.0,0.0,3.93610071262132,8.518518518518519,8.518518518518519,27,4,182.0,0.2128041746236084,2,45.0,0.2573392515147496,0,3.0,0.6288062950824366
648.0,21,127.0,1.6933333333333334,6.341929162031965,75,891.0,11.88,54.0,0.72,12,313.0,83.0,3.9217646843895695,11.592592592592592,11.592592592592592,27,6,202.0,0.1183855995025105,6,108.0,0.2541098098443238,0,3.0,0.9437003512041108
656.0,23,222.0,3.041095890410959,6.78198151256044,73,931.0,12.753424657534246,40.0,0.547945205479452,17,321.0,8.0,3.684207591919662,11.464285714285714,11.464285714285714,28,12,291.0,0.1020797099179492,2,18.0,0.555895386895953,3,12.0,0.2094128341515827
664.0,17,96.0,1.3150684931506849,6.429393881585034,73,1032.0,14.136986301369864,101.0,1.3835616438356164,13,231.0,0.0,2.376522348314175,8.555555555555555,8.555555555555555,27,2,162.0,0.2586912173932935,7,25.0,0.1039532328016384,4,44.0,0.1371947099818416
672.0,20,124.0,1.8507462686567164,6.408836239745695,67,980.0,14.626865671641792,0.0,0.0,14,274.0,43.0,3.3194981524680847,9.785714285714286,9.785714285714286,28,8,188.0,0.1018139902108839,5,66.0,0.3504658224388319,1,20.0,0.5557458535292915
680.0,23,206.0,3.0294117647058822,6.039207003525043,68,931.0,13.691176470588236,0.0,0.0,14,372.0,98.0,4.022460257686974,11.625,11.625,32,12,281.0,0.2043939443836731,2,85.0,0.3320827388004622,0,6.0,0.6749806221611476
688.0,14,139.0,1.9857142857142855,6.990823320218469,70,1047.0,14.957142857142856,116.0,1.6571428571428573,8,166.0,0.0,2.6175864917028973,8.3,8.3,20,5,132.0,0.1195326969516652,3,34.0,0.2474564382473063,0,0.0,0.485819159318724
696.0,12,123.0,1.835820895522388,8.362524027960715,67,950.0,14.17910447761194,0.0,0.0,9,155.0,0.0,4.945658555032645,8.157894736842104,8.157894736842104,19,5,126.0,0.3462227343080664,4,29.0,0.3184493271086285,0,0.0,0.8407796549391361
704.0,13,142.0,2.1194029850746268,7.929139252393542,67,930.0,13.880597014925373,0.0,0.0,7,146.0,0.0,4.878790974918999,8.588235294117647,8.588235294117647,17,6,101.0,0.0666706539395007,1,41.0,0.7525558091278052,0,4.0,0.7282520915764502
712.0,14,178.0,2.617647058823529,7.562013218692482,68,914.0,13.441176470588236,0.0,0.0,8,156.0,10.0,4.6153815791260095,8.666666666666666,8.666666666666666,18,4,113.0,0.1924684591727066,1,24.0,0.7134634776106531,3,19.0,0.2490414677827483
720.0,11,75.0,1.1029411764705883,7.620702938220266,68,799.0,11.75,0.0,0.0,10,102.0,0.0,3.8808123252458784,4.636363636363637,4.636363636363637,22,1,10.0,0.383543747481319,6,49.0,0.2320919299112755,3,43.0,0.338443677525768
728.0,10,70.0,1.1290322580645162,8.602621733242644,62,631.0,10.17741935483871,0.0,0.0,9,188.0,86.0,6.224523106711232,8.952380952380953,8.952380952380953,21,3,20.0,0.0,6,133.0,0.539929386426045,0,35.0,0.7004170537149995
736.0,14,126.0,2.290909090909091,7.478263010919934,55,612.0,11.127272727272729,0.0,0.0,11,187.0,0.0,3.085544730499964,8.904761904761905,8.904761904761905,21,1,1.0,0.3991019892437825,9,185.0,0.2364468178737414,1,1.0,0.0036060850866607
744.0,10,87.0,1.5,7.319884892513177,58,635.0,10.948275862068966,23.0,0.396551724137931,7,146.0,0.0,5.175487148063849,7.3,7.3,20,1,6.0,0.4707700174993197,5,131.0,0.3753077641185244,1,9.0,0.0
752.0,16,101.0,1.8703703703703705,6.150667897897732,54,616.0,11.407407407407408,0.0,0.0,13,243.0,97.0,1.6848706127323128,11.045454545454543,11.045454545454543,22,0,3.0,0.2843111588488785,12,223.0,0.1102838784721862,1,17.0,0.0
760.0,21,197.0,3.581818181818182,6.487687824411298,55,735.0,13.363636363636363,119.0,2.163636363636364,15,354.0,111.0,4.176275958867043,14.16,14.16,25,0,3.0,0.8002016914222518,14,315.0,0.0703522828202827,1,36.0,0.7495273849744204
768.0,3,16.0,0.2807017543859649,8.812999777081743,57,765.0,13.421052631578949,30.0,0.5263157894736842,3,209.0,0.0,5.389327823856352,10.45,10.45,20,1,39.0,0.6369788350197313,2,162.0,0.2008030150433845,0,8.0,0.6445469503598236
776.0,13,52.0,0.8253968253968254,7.8888724822414,63,719.0,11.412698412698411,0.0,0.0,8,87.0,0.0,5.196299061861963,3.782608695652174,3.782608695652174,23,6,70.0,0.2044262438819294,0,14.0,0.5025081490506085,2,3.0,0.5855757595269354
784.0,7,39.0,0.6290322580645161,8.006417683884372,62,628.0,10.129032258064516,0.0,0.0,3,88.0,1.0,7.331466126656949,3.6666666666666665,3.6666666666666665,24,0,49.0,0.4598696777578433,2,18.0,0.5394020831163859,1,21.0,0.7814404681302776
792.0,10,62.0,0.96875,7.86208151308817,64,632.0,9.875,4.0,0.0625,8,92.0,4.0,3.781426706879521,4.0,4.0,23,4,25.0,0.2922598437611569,1,37.0,0.1703410951911467,3,30.0,0.4782537173054781
800.0,14,116.0,2.0350877192982457,7.319617128308886,57,512.0,8.982456140350877,0.0,0.0,14,154.0,62.0,2.955966548864853,5.703703703703703,5.703703703703703,27,5,57.0,0.1501565452351382,6,66.0,0.2722010309014793,3,31.0,0.3820500603572485
808.0,13,117.0,1.9830508474576272,7.056952849280046,59,478.0,8.101694915254237,0.0,0.0,11,136.0,0.0,2.726108751543549,6.476190476190476,6.476190476190476,21,8,108.0,0.0003207475139653,0,12.0,0.7190939162888268,3,16.0,0.2837791342324218
816.0,21,246.0,4.241379310344827,6.037780675500155,58,480.0,8.275862068965518,2.0,0.0344827586206896,17,261.0,125.0,3.108990604415871,9.321428571428571,9.321428571428571,28,9,176.0,0.2232232484773794,2,32.0,0.4279169042844598,6,53.0,0.2427091961897087
824.0,15,280.0,4.666666666666667,6.652479625161382,60,589.0,9.816666666666666,109.0,1.8166666666666669,13,301.0,40.0,3.282787629244723,12.541666666666666,12.541666666666666,24,5,165.0,0.1747535772138605,3,58.0,0.3259158675701958,5,78.0,0.3856405503753923
832.0,15,362.0,6.135593220338983,7.294694582785876,59,678.0,11.491525423728811,89.0,1.5084745762711864,14,345.0,44.0,2.739734057407688,15.681818181818182,15.681818181818182,22,8,218.0,0.0998525889721887,0,5.0,0.6546020189053484,6,122.0,0.2182280815040007
840.0,21,351.0,5.571428571428571,6.065068061741657,63,739.0,11.73015873015873,61.0,0.9682539682539684,12,375.0,30.0,3.251812771065883,17.045454545454547,17.045454545454547,22,8,268.0,0.0718945743966634,2,15.0,0.3118597444777812,2,92.0,0.3927758953531996
848.0,14,229.0,3.013157894736842,7.142038452609086,76,864.0,11.36842105263158,125.0,1.644736842105263,9,247.0,0.0,5.643109485649999,9.148148148148149,9.148148148148149,27,5,192.0,0.332403529444376,3,41.0,0.4199611710957981,1,14.0,0.5966030702937498
856.0,21,320.0,4.383561643835616,6.903226677155432,73,835.0,11.438356164383562,0.0,0.0,17,318.0,71.0,3.144489326370708,10.6,10.6,30,7,206.0,0.2332259526972754,6,77.0,0.119485169703038,4,35.0,0.3686938433158216
864.0,17,353.0,4.77027027027027,6.962623525128806,74,980.0,13.243243243243244,145.0,1.9594594594594597,15,397.0,79.0,3.4456925731945542,13.233333333333333,13.233333333333333,30,7,252.0,0.1263023850950396,8,142.0,0.3010403841909406,0,3.0,0.4418659188716733
872.0,23,254.0,3.4794520547945207,5.696917259756205,73,1078.0,14.767123287671232,98.0,1.3424657534246576,19,281.0,0.0,1.7238158137604909,9.366666666666667,9.366666666666667,30,1,32.0,0.1471676683274234,17,242.0,0.1534546114638934,1,7.0,0.1276341639088514
880.0,25,397.0,5.591549295774648,5.747619225491463,71,1106.0,15.577464788732394,28.0,0.3943661971830985,22,444.0,163.0,2.7451814497672835,12.685714285714283,12.685714285714283,35,4,42.0,0.2766785799413767,17,387.0,0.1623287392747923,1,15.0,0.4749234851105142
888.0,21,159.0,2.23943661971831,5.958327809576608,71,1078.0,15.183098591549296,0.0,0.0,14,335.0,0.0,2.679226556353454,10.46875,10.46875,32,6,79.0,0.0454283756759604,7,224.0,0.1879486638092303,1,32.0,0.5344919405567581
896.0,23,230.0,3.026315789473684,6.062103545110967,76,1227.0,16.144736842105264,149.0,1.9605263157894737,17,337.0,2.0,2.847065771259433,10.212121212121213,10.212121212121213,33,6,146.0,0.2366793335511758,9,190.0,0.166348125157387,2,1.0,0.426638104675478
904.0,23,167.0,2.168831168831169,6.437121250669297,77,1302.0,16.90909090909091,75.0,0.974025974025974,18,339.0,2.0,2.8573111622844176,10.935483870967742,10.935483870967742,31,6,143.0,0.1662338636678234,10,180.0,0.175096701763094,2,16.0,0.4877502320858101
912.0,26,274.0,3.702702702702703,6.1340900400115945,74,1358.0,18.35135135135135,56.0,0.7567567567567568,23,499.0,160.0,1.957655330733816,16.096774193548388,16.096774193548388,31,7,200.0,0.2860968016676338,16,299.0,0.0420355532158799,0,0.0,0.3809716565423982
920.0,31,477.0,6.115384615384615,5.946855074033107,78,1369.0,17.55128205128205,11.0,0.141025641025641,27,687.0,188.0,3.0170699635593508,15.976744186046512,15.976744186046512,43,6,231.0,0.2642826843541512,20,446.0,0.0974449935183569,1,10.0,0.751912954837398
928.0,37,531.0,6.034090909090909,4.784036355400431,88,1505.0,17.102272727272727,136.0,1.5454545454545454,33,799.0,112.0,1.6399065011807803,15.666666666666666,15.666666666666666,51,7,147.0,0.1513046217293468,23,628.0,0.0657167570536359,3,24.0,0.4172557447601677
936.0,36,687.0,7.633333333333334,5.547229236451909,90,1739.0,19.322222222222223,234.0,2.6,34,992.0,193.0,2.045316756145057,19.84,19.84,50,5,126.0,0.2790587248319217,28,863.0,0.0571774378437669,1,3.0,0.5051556379936523
944.0,34,302.0,3.1789473684210527,4.915404947055853,95,2033.0,21.4,294.0,3.094736842105263,26,924.0,0.0,1.6180658049827692,19.659574468085108,19.659574468085108,47,11,192.0,0.0921972937724579,13,715.0,0.1108917205821076,2,17.0,0.3787496538813966
952.0,33,250.0,2.4752475247524752,5.118954431281777,101,2183.0,21.613861386138613,150.0,1.4851485148514851,26,1112.0,188.0,2.041147762742008,19.857142857142858,19.857142857142858,56,13,284.0,0.0633423106585553,13,823.0,0.160486114870315,0,5.0,0.5762031783316414
960.0,38,370.0,3.8947368421052633,4.202819495574634,95,1983.0,20.87368421052632,0.0,0.0,31,1051.0,0.0,1.4705565759219084,21.02,21.02,50,12,347.0,0.0760537827095229,17,693.0,0.08828087165725,2,11.0,0.5551479274044139
968.0,22,198.0,2.0412371134020617,5.09930542461933,97,2192.0,22.5979381443299,209.0,2.154639175257732,18,1001.0,0.0,2.050989803411856,19.62745098039216,19.62745098039216,51,5,272.0,0.2909111851282424,10,701.0,0.092866529671899,3,28.0,0.1799803297592362
976.0,40,255.0,2.6020408163265305,4.742522122151235,98,2289.0,23.357142857142858,97.0,0.9897959183673468,34,1037.0,36.0,1.4633464603057804,20.33333333333333,20.33333333333333,51,5,138.0,0.3003909567683916,29,889.0,0.0309362224509122,0,10.0,0.3507327509271445
984.0,55,553.0,5.475247524752476,3.6472486961005455,101,2615.0,25.89108910891089,326.0,3.227722772277228,45,1328.0,291.0,0.5680077269991248,25.056603773584907,25.056603773584907,53,8,178.0,0.0685917609582943,36,1140.0,0.0076686441999498,1,10.0,0.4539704719496065
992.0,37,409.0,4.0495049504950495,4.697438512868847,101,2810.0,27.821782178217823,195.0,1.9306930693069304,25,1046.0,0.0,1.746707108613096,24.32558139534884,24.32558139534884,43,9,215.0,0.135341411897311,16,831.0,0.1175838241253187,0,0.0,0.6173233715163586
1000.0,18,78.0,0.8125,5.784080696154515,96,2815.0,29.322916666666668,5.0,0.0520833333333333,14,1067.0,21.0,2.548389836931453,24.25,24.25,44,4,142.0,0.2813982000202993,10,925.0,0.149442575177187,0,0.0,0.8603023570624642
1008.0,27,80.0,0.8163265306122449,4.88412907512393,98,2756.0,28.12244897959184,0.0,0.0,19,854.0,0.0,1.4085449386735052,20.82926829268293,20.82926829268293,41,5,143.0,0.1882434924124182,13,707.0,0.08811792426868,1,4.0,0.1404624142076629
1016.0,26,132.0,1.2941176470588236,5.347723460705174,102,2811.0,27.558823529411764,55.0,0.5392156862745098,16,874.0,20.0,2.297937457204963,19.0,19.0,46,6,115.0,0.1432555563678245,10,759.0,0.1691609730650991,0,0.0,0.6453668135339383
1024.0,21,130.0,1.2871287128712872,5.07592066391402,101,2727.0,27.0,0.0,0.0,14,717.0,0.0,2.551059654884278,15.58695652173913,15.58695652173913,46,6,113.0,0.1986731920621293,8,601.0,0.1475265111317537,0,3.0,0.99349885073015
1032.0,23,150.0,1.4563106796116505,6.65982551537552,103,2530.0,24.563106796116504,0.0,0.0,16,494.0,0.0,2.9392673898317527,12.666666666666666,12.666666666666666,39,11,183.0,0.0466084790506397,5,308.0,0.3219011730528757,0,3.0,0.9154281839746958
1040.0,19,182.0,1.7333333333333334,7.457976757004356,105,2463.0,23.457142857142856,0.0,0.0,12,396.0,0.0,4.650493366078216,10.421052631578949,10.421052631578949,38,9,215.0,0.1127181701235761,3,174.0,0.4574460514469513,0,7.0,0.7525205540440547
1048.0,33,335.0,3.130841121495327,6.280970854508226,107,2357.0,22.02803738317757,0.0,0.0,21,464.0,68.0,3.4671486792637154,10.311111111111112,10.311111111111112,45,11,287.0,0.22761524403007,9,168.0,0.1306345254983943,1,9.0,0.6330441171335414
1056.0,16,203.0,1.9150943396226412,6.922675044491667,106,2323.0,21.91509433962264,0.0,0.0,7,355.0,0.0,4.763390239889341,10.441176470588236,10.441176470588236,34,4,215.0,0.2686838489130829,3,140.0,0.2837737417326866,0,0.0,0.7938120285311799
1064.0,34,270.0,2.7,6.065554329892494,100,2214.0,22.14,0.0,0.0,18,300.0,0.0,3.049390690062876,8.823529411764707,8.823529411764707,34,6,113.0,0.2882054440593209,11,171.0,0.0920446750369997,1,16.0,0.5494449256074327
1072.0,21,247.0,2.5729166666666665,6.135213434685447,96,2087.0,21.73958333333333,0.0,0.0,11,206.0,0.0,2.908721343197953,7.357142857142857,7.357142857142857,28,7,102.0,0.0768197245019227,1,84.0,0.3404052911187998,3,20.0,0.2541450464067928
1080.0,21,222.0,2.43956043956044,6.529667838193812,91,2043.0,22.45054945054945,0.0,0.0,10,329.0,123.0,3.826593553439449,10.28125,10.28125,32,2,129.0,0.4341406530890578,7,181.0,0.1029644276438626,1,19.0,0.5118500870346481
1088.0,25,338.0,3.976470588235294,6.737892131634995,85,1866.0,21.95294117647059,0.0,0.0,9,236.0,0.0,4.382731960378579,9.833333333333334,9.833333333333334,24,4,119.0,0.4018858046880706,5,117.0,0.2100078443676307,0,0.0,0.9618527872264964
1096.0,22,382.0,4.292134831460674,5.968474863656228,89,1919.0,21.56179775280899,53.0,0.5955056179775281,10,218.0,0.0,3.082058837185305,7.266666666666667,7.266666666666667,30,3,58.0,0.2600280325298971,7,160.0,0.1325852679638016,0,0.0,0.9216003073125832
1104.0,24,145.0,1.6477272727272727,6.035455940542497,88,1767.0,20.079545454545453,0.0,0.0,15,376.0,158.0,3.614781184736725,11.058823529411764,11.058823529411764,34,8,187.0,0.2650610939570258,7,186.0,0.2682763146169049,0,3.0,0.8833376785226346
1112.0,22,164.0,1.9523809523809523,5.251483051145904,84,1784.0,21.23809523809524,17.0,0.2023809523809523,13,411.0,35.0,2.2010660752976543,12.454545454545457,12.454545454545457,33,7,179.0,0.0383753652939894,6,232.0,0.222971857567804,0,0.0,0.930697648765746
1120.0,30,318.0,3.8313253012048194,4.781389507171116,83,1934.0,23.301204819277107,150.0,1.8072289156626504,20,705.0,294.0,2.53032628097599,17.625,17.625,40,10,336.0,0.2317297067539116,9,358.0,0.0853403291467291,1,11.0,0.6373667731636882
1128.0,22,194.0,2.3095238095238093,6.122735620271359,84,2056.0,24.476190476190474,122.0,1.4523809523809523,14,582.0,0.0,2.367918644046956,17.636363636363637,17.636363636363637,33,5,199.0,0.186533077171395,8,367.0,0.1266898716130979,1,16.0,0.5566611725801743
1136.0,27,244.0,2.975609756097561,5.980225876576192,82,2033.0,24.79268292682927,0.0,0.0,18,632.0,50.0,2.439317441036315,19.151515151515152,19.151515151515152,33,7,171.0,0.1106955861714598,10,433.0,0.1043698632259642,1,28.0,0.6648747530309616
1144.0,29,213.0,2.597560975609756,5.311793763348473,82,1962.0,23.92682926829268,0.0,0.0,24,662.0,30.0,2.556973025458851,16.55,16.55,40,5,128.0,0.344209611965952,16,497.0,0.0920189511742859,3,37.0,0.3726195735933836
1152.0,26,185.0,2.2839506172839505,5.426942349059611,81,2107.0,26.012345679012345,145.0,1.7901234567901234,20,620.0,0.0,2.2798033020122466,16.31578947368421,16.31578947368421,38,3,61.0,0.1951829548636054,12,488.0,0.1214592307339572,5,71.0,0.3291952041129384
1160.0,12,134.0,1.6962025316455696,6.304380165161568,79,2055.0,26.0126582278481,0.0,0.0,9,495.0,0.0,3.35141309742521,15.46875,15.46875,32,5,72.0,0.0949844295888465,3,377.0,0.2695290713756319,1,46.0,0.5326600161355627
1168.0,22,137.0,1.611764705882353,6.117372933365071,85,2116.0,24.894117647058824,61.0,0.7176470588235294,15,571.0,76.0,3.5818890157662144,16.794117647058822,16.794117647058822,34,3,26.0,0.3535109773250501,10,481.0,0.1592796348084328,2,64.0,0.5274786610977693
1176.0,17,154.0,1.9012345679012344,6.59821416164472,81,1890.0,23.33333333333333,0.0,0.0,10,475.0,0.0,3.2695306669862623,16.379310344827587,16.379310344827587,29,4,33.0,0.1608020843681719,6,431.0,0.1111894221778239,0,11.0,0.6501423508546689
1184.0,20,236.0,2.8780487804878048,7.117688644193343,82,1768.0,21.5609756097561,0.0,0.0,10,225.0,0.0,3.9361119631754544,8.653846153846153,8.653846153846153,26,6,73.0,0.1416144124413104,3,152.0,0.2519444512753681,1,0.0,0.5293877573781843
1192.0,15,128.0,1.6,7.230568714203289,80,1675.0,20.9375,0.0,0.0,7,186.0,0.0,4.783428466150295,7.75,7.75,24,1,50.0,0.4056943757680057,6,133.0,0.2853028957881436,0,3.0,0.956340926722035
1200.0,6,27.0,0.3375,7.832693965630978,80,1544.0,19.3,0.0,0.0,5,210.0,24.0,5.303763072084829,7.241379310344827,7.241379310344827,29,4,122.0,0.2713452045665982,1,81.0,0.3472511576886078,0,7.0,0.6981006947402244
1208.0,18,71.0,0.8765432098765432,7.28485619736887,81,1379.0,17.02469135802469,0.0,0.0,12,170.0,0.0,5.083027225855436,5.0,5.0,34,3,36.0,0.6174141236913528,7,123.0,0.2045799311585666,2,11.0,0.4612671948240099
1216.0,16,130.0,1.625,7.2472146120365775,80,1120.0,14.0,0.0,0.0,11,169.0,0.0,3.654622551128832,5.121212121212121,5.121212121212121,33,8,67.0,0.1220210873433729,1,74.0,0.3724130169748978,2,28.0,0.5225600457554038
1224.0,16,120.0,1.4457831325301205,7.720851650735085,83,1088.0,13.10843373493976,0.0,0.0,15,206.0,37.0,3.717724117284962,6.645161290322581,6.645161290322581,31,7,72.0,0.2311729441431884,6,94.0,0.2851011921645021,2,40.0,0.5350293054930851
1232.0,16,146.0,1.7176470588235293,7.68727875716115,85,1077.0,12.670588235294115,0.0,0.0,13,263.0,57.0,4.1814608091500345,7.96969696969697,7.96969696969697,33,9,150.0,0.1431106640217116,4,89.0,0.3598017232665536,0,24.0,0.6053764607732195
1240.0,28,306.0,3.825,6.271633458320709,80,992.0,12.4,0.0,0.0,24,437.0,174.0,2.17639398380906,11.81081081081081,11.81081081081081,37,10,225.0,0.0249444960222321,12,198.0,0.0931292043875402,2,14.0,0.5898987197955002
1248.0,24,341.0,4.108433734939759,6.148391058033289,83,1149.0,13.843373493975903,157.0,1.891566265060241,19,454.0,17.0,2.8486680109140754,13.352941176470589,13.352941176470589,34,10,305.0,0.1604519118301356,5,140.0,0.2042371173484343,4,9.0,0.33494745943414
1256.0,29,512.0,6.095238095238095,6.860025245587159,84,1226.0,14.595238095238097,77.0,0.9166666666666666,18,507.0,53.0,2.346202781665626,20.28,20.28,25,11,391.0,0.0,6,112.0,0.2665738709250131,1,4.0,0.471137870186476
1264.0,28,684.0,8.76923076923077,6.908990010802006,78,1319.0,16.91025641025641,93.0,1.1923076923076923,14,587.0,80.0,2.6518261103450134,29.35,29.35,20,10,465.0,0.0825433140061433,3,110.0,0.3779274827695089,1,12.0,0.2152569831719722
1272.0,19,261.0,3.2625,6.994092302965318,80,1373.0,17.1625,54.0,0.675,9,309.0,0.0,5.342557285937418,12.36,12.36,25,3,184.0,0.3378414836437009,5,105.0,0.4010857250980787,1,20.0,0.4236587721869631
1280.0,21,140.0,1.728395061728395,6.911935155824732,81,1264.0,15.604938271604938,0.0,0.0,15,322.0,13.0,3.855434368029489,10.0625,10.0625,32,10,196.0,0.1692961875372136,3,93.0,0.405712230718694,2,33.0,0.4390462267999384
1288.0,27,246.0,3.1538461538461537,6.3850454271377135,78,1148.0,14.717948717948715,0.0,0.0,17,433.0,111.0,3.380736564398254,14.93103448275862,14.93103448275862,29,8,264.0,0.2734685553280494,8,133.0,0.2721198753856352,1,36.0,0.4877308923611057
1296.0,25,230.0,3.066666666666667,5.643599391668001,75,1079.0,14.386666666666668,0.0,0.0,15,292.0,0.0,4.070695171231154,10.06896551724138,10.06896551724138,29,3,66.0,0.2912038453496181,12,223.0,0.302017069422859,0,3.0,0.9938176299334076
1304.0,17,79.0,1.0675675675675675,5.864401012889178,74,1155.0,15.608108108108109,76.0,1.027027027027027,10,267.0,0.0,4.0382834542727,9.20689655172414,9.20689655172414,29,5,146.0,0.2442574936974785,5,121.0,0.3135604798828241,0,0.0,0.6408004596775722
1312.0,19,163.0,2.202702702702702,7.739645219199247,74,1197.0,16.175675675675677,42.0,0.5675675675675675,11,304.0,37.0,5.076663556995803,11.692307692307692,11.692307692307692,26,4,127.0,0.4894345660303135,7,177.0,0.3446254506296783,0,0.0,0.4379868958365276
1320.0,31,337.0,4.434210526315789,6.166201023802597,76,1269.0,16.69736842105263,72.0,0.9473684210526316,20,434.0,130.0,2.64936563812985,14.466666666666669,14.466666666666669,30,7,164.0,0.2156615570618263,12,261.0,0.124959232032244,1,9.0,0.4554428916216724
1328.0,26,493.0,6.573333333333333,6.5592523727955445,75,1314.0,17.52,45.0,0.6,18,566.0,132.0,4.245234377348972,16.647058823529413,16.647058823529413,34,9,229.0,0.3058203397381563,8,333.0,0.2587083214827509,1,4.0,0.604556297191916
1336.0,28,434.0,5.493670886075949,5.55018191527707,79,1483.0,18.772151898734176,169.0,2.1392405063291138,25,642.0,76.0,1.0233042323074586,17.833333333333332,17.833333333333332,36,14,320.0,0.001681183736144,11,322.0,0.0775865005675245,0,0.0,0.922659267704149
1344.0,28,578.0,7.706666666666667,5.388051833949834,75,1596.0,21.28,113.0,1.5066666666666666,24,774.0,132.0,2.7636168864205173,19.846153846153847,19.846153846153847,39,13,444.0,0.1371516227625671,9,322.0,0.2644788484965547,2,8.0,0.2855259636447533
1352.0,16,368.0,4.779220779220779,6.790242678691267,77,1687.0,21.90909090909091,91.0,1.181818181818182,10,491.0,0.0,3.076058725819446,19.64,19.64,25,2,203.0,0.133247493918546,8,288.0,0.2284990850463385,0,0.0,0.9818394632527626
1360.0,22,287.0,3.5875,7.031273504970322,80,1640.0,20.5,0.0,0.0,11,492.0,1.0,4.312992369394238,17.571428571428573,17.571428571428573,28,4,183.0,0.2319834994449138,6,298.0,0.2341900851732598,1,11.0,0.551882932486319
1368.0,22,425.0,5.182926829268292,7.186318190526176,82,1610.0,19.634146341463413,0.0,0.0,13,444.0,0.0,3.2274460429453087,20.181818181818183,20.181818181818183,22,4,131.0,0.3177065960707953,9,313.0,0.1075595334098518,0,0.0,0.8224494372459669
1376.0,25,523.0,6.620253164556962,6.803127951794043,79,1583.0,20.037974683544306,0.0,0.0,16,499.0,55.0,2.3267193844817182,19.192307692307693,19.192307692307693,26,4,137.0,0.0862920168524596,11,359.0,0.1005205202904653,1,3.0,0.5091878296455205
1384.0,14,185.0,2.3125,7.57570355202896,80,1507.0,18.8375,0.0,0.0,11,382.0,0.0,3.6311340784726647,16.608695652173914,16.608695652173914,23,3,67.0,0.0396348635395365,8,315.0,0.2306746314516081,0,0.0,0.8132684799828844
1392.0,25,331.0,4.472972972972973,6.244379085040788,74,1393.0,18.824324324324323,0.0,0.0,17,550.0,168.0,2.980340158965993,18.96551724137931,18.96551724137931,29,3,117.0,0.4672781063193417,14,433.0,0.1131457266738994,0,0.0,0.6535260228260179
1400.0,25,465.0,6.36986301369863,6.306705459320201,73,1540.0,21.095890410958905,147.0,2.0136986301369864,21,593.0,43.0,3.278743084159084,17.96969696969697,17.96969696969697,33,5,148.0,0.3327076643630481,16,442.0,0.1069254174904699,0,3.0,0.8761663472998973
1408.0,14,78.0,1.164179104477612,6.445370373400823,67,1332.0,19.88059701492537,0.0,0.0,8,419.0,0.0,4.167397015346555,14.964285714285714,14.964285714285714,28,3,86.0,0.3749353657837478,4,325.0,0.2678684746906546,1,8.0,0.5914960895339129
1416.0,29,175.0,2.464788732394366,5.449686545299979,71,1396.0,19.66197183098592,64.0,0.9014084507042254,21,506.0,87.0,1.7338047824130327,15.333333333333334,15.333333333333334,33,8,154.0,0.1480794486085137,11,332.0,0.0818881425783033,2,20.0,0.2409632883084458
1424.0,28,289.0,3.958904109589041,5.307371992706559,73,1504.0,20.6027397260274,108.0,1.4794520547945205,17,424.0,0.0,3.6532477710513778,12.848484848484848,12.848484848484848,33,11,242.0,0.2072381516345142,4,164.0,0.2139483387372063,2,18.0,0.5328020749915569
1432.0,30,381.0,5.219178082191781,5.46420377761609,73,1715.0,23.493150684931507,211.0,2.8904109589041096,22,457.0,33.0,1.5508334993235922,15.233333333333333,15.233333333333333,30,14,346.0,0.0470752438154447,5,75.0,0.2387801285356736,3,36.0,0.1649761708182745
1440.0,26,293.0,3.6625,5.863178838467299,80,1920.0,24.0,205.0,2.5625,13,426.0,0.0,2.1145523649358564,17.75,17.75,24,6,250.0,0.1237298772129243,7,171.0,0.1211083376591942,0,5.0,0.6726116683502278
1448.0,18,215.0,2.721518987341772,6.870224721402279,79,1876.0,23.746835443037973,0.0,0.0,11,309.0,0.0,4.024263155426382,11.884615384615383,11.884615384615383,26,7,188.0,0.2689008919441891,3,118.0,0.4230150702212741,1,3.0,0.4036872661111537
1456.0,12,135.0,1.8243243243243243,7.114046504347288,74,1670.0,22.56756756756757,0.0,0.0,8,409.0,100.0,4.394129752897961,16.36,16.36,25,4,144.0,0.2241032113097451,4,265.0,0.4622789532352544,0,0.0,0.641310236490251
1464.0,16,203.0,2.985294117647059,6.472200697889211,68,1486.0,21.852941176470587,0.0,0.0,10,289.0,0.0,2.6216159559858108,13.761904761904765,13.761904761904765,21,5,123.0,0.072412237320983,4,160.0,0.1604171815224246,1,6.0,0.716309488993026
1472.0,7,32.0,0.5517241379310345,7.3708191768061315,58,1036.0,17.862068965517242,0.0,0.0,3,167.0,0.0,6.212212539257008,10.4375,10.4375,16,3,98.0,0.3359205137985576,0,69.0,0.5154276548063907,0,0.0,0.9039324853482692
1480.0,12,63.0,1.1886792452830188,7.602604575980542,53,930.0,17.547169811320753,0.0,0.0,6,130.0,0.0,3.2349707501599574,10.0,10.0,13,3,46.0,0.0421404046178668,2,77.0,0.5450305712183964,1,7.0,0.1633244842200828
1488.0,10,39.0,0.7358490566037735,7.981179017040021,53,830.0,15.660377358490566,0.0,0.0,5,100.0,0.0,5.196606059214855,9.090909090909092,9.090909090909092,11,3,56.0,0.000477241063393,1,29.0,0.478148157827569,1,15.0,0.5337696706266408
1496.0,11,83.0,1.3833333333333333,7.881892814324759,60,839.0,13.983333333333333,9.0,0.15,3,82.0,0.0,6.702879813092765,6.833333333333333,6.833333333333333,12,1,52.0,0.3524073073375107,0,7.0,0.7590740222074125,2,23.0,0.5260443529191704
1504.0,8,59.0,1.0172413793103448,8.291160148681175,58,796.0,13.724137931034482,0.0,0.0,3,99.0,17.0,5.189337866939837,9.0,9.0,11,2,61.0,0.1671402110759922,0,4.0,0.9693830524154976,1,34.0,0.6188911845936513
1512.0,8,59.0,0.9672131147540984,7.33729556480603,61,695.0,11.39344262295082,0.0,0.0,2,57.0,0.0,5.718129836576486,4.071428571428571,4.071428571428571,14,1,46.0,0.3293462689792001,1,8.0,0.2356797259084017,0,3.0,0.6739170542201792
1520.0,7,27.0,0.3970588235294117,8.756771953577722,68,693.0,10.191176470588236,0.0,0.0,6,33.0,0.0,6.452749927594432,1.9411764705882355,1.9411764705882355,17,2,18.0,0.4556257412926473,2,7.0,0.6319204391321986,2,8.0,0.5088686672552943
1528.0,10,74.0,1.1746031746031746,8.489864153040164,63,656.0,10.412698412698411,0.0,0.0,7,84.0,51.0,5.260910897311955,4.666666666666667,4.666666666666667,18,4,43.0,0.148641280708294,2,40.0,0.5642941743083256,1,1.0,0.6511882983868879
1536.0,16,184.0,2.9206349206349205,7.346676688711982,63,569.0,9.031746031746032,0.0,0.0,11,164.0,80.0,4.593262657855452,6.833333333333333,6.833333333333333,24,5,84.0,0.3502369322769331,6,77.0,0.3382133661070691,0,3.0,0.733467064370909
1544.0,17,183.0,2.6911764705882355,6.842574921906534,68,677.0,9.955882352941176,108.0,1.588235294117647,12,252.0,88.0,4.719413848158768,9.692307692307692,9.692307692307692,26,9,144.0,0.111229891559263,1,102.0,0.6554688841489582,2,6.0,0.3322533384304856
1552.0,26,297.0,4.304347826086956,6.013925206087675,69,730.0,10.579710144927535,53.0,0.7681159420289855,20,379.0,127.0,1.5298041867246723,14.037037037037036,14.037037037037036,27,13,235.0,5.197472502819777e-06,6,130.0,0.18068146730037,1,14.0,0.3417906483264498
1560.0,22,291.0,4.098591549295775,5.922812227962473,71,868.0,12.225352112676056,138.0,1.943661971830986,21,548.0,169.0,3.8605691929112993,14.81081081081081,14.81081081081081,37,8,263.0,0.2867297791926357,11,276.0,0.1998758206133792,2,9.0,0.5455226651304717
1568.0,12,271.0,3.51948051948052,6.702696820201192,77,954.0,12.38961038961039,86.0,1.1168831168831168,12,478.0,0.0,4.384570945765672,12.91891891891892,12.91891891891892,37,8,268.0,0.2425961450857779,2,188.0,0.2671125670144721,2,22.0,0.5650006813817885
1576.0,33,422.0,5.48051948051948,5.569121664961163,77,1070.0,13.896103896103895,116.0,1.5064935064935066,28,606.0,128.0,1.1803911796591382,15.538461538461538,15.538461538461538,39,10,335.0,0.0224759759214512,10,218.0,0.1239148891677967,8,53.0,0.1573729163341083
1584.0,26,567.0,7.662162162162162,5.291158544886585,74,1265.0,17.094594594594593,195.0,2.635135135135135,21,636.0,30.0,1.967884689795083,18.705882352941178,18.705882352941178,34,9,393.0,0.0914733926214076,2,113.0,0.25025903588906,10,130.0,0.0851438807289123
1592.0,29,589.0,7.95945945945946,5.800419481687205,74,1398.0,18.89189189189189,133.0,1.7972972972972974,24,684.0,48.0,2.187091000668511,20.727272727272727,20.727272727272727,33,11,485.0,0.201812143875342,11,159.0,0.0752594570573623,2,40.0,0.3626981773262067
1600.0,10,96.0,1.2467532467532467,6.831947307112555,77,1392.0,18.07792207792208,0.0,0.0,9,306.0,0.0,3.654230796209173,12.75,12.75,24,5,216.0,0.2088826708527391,1,42.0,0.300155513118558,3,48.0,0.4083459794884772
1608.0,16,143.0,1.8333333333333333,8.104235536236631,78,1295.0,16.602564102564102,0.0,0.0,14,400.0,94.0,4.553853981461662,14.814814814814817,14.814814814814817,27,7,257.0,0.168625743359202,4,74.0,0.4806331859438427,3,69.0,0.4862488123520081
1616.0,16,112.0,1.4545454545454546,6.980773137991463,77,1321.0,17.155844155844157,26.0,0.3376623376623376,9,296.0,0.0,4.493828773446439,10.20689655172414,10.20689655172414,29,4,160.0,0.2178194822353848,3,102.0,0.3936711312943457,2,34.0,0.5341431864864314
1624.0,15,85.0,1.1971830985915493,7.857888803516676,71,1274.0,17.943661971830984,0.0,0.0,12,262.0,0.0,4.530530080631548,10.076923076923077,10.076923076923077,26,4,134.0,0.3367893225492099,7,114.0,0.3299638641367735,1,14.0,0.4151279951227384
1632.0,14,116.0,1.8125,7.251726965715648,64,1074.0,16.78125,0.0,0.0,13,267.0,5.0,3.1235402912978127,11.608695652173912,11.608695652173912,23,1,44.0,0.3848272894449341,11,205.0,0.1545118150974969,1,18.0,0.0
1640.0,23,271.0,4.593220338983051,6.576985831754525,59,1085.0,18.389830508474574,11.0,0.1864406779661017,18,389.0,122.0,2.5193376441803097,15.56,15.56,25,3,47.0,0.3421359851288733,14,313.0,0.0787259042235534,1,29.0,0.5732093768984398
1648.0,8,62.0,1.0,6.350050837448165,62,1061.0,17.112903225806452,0.0,0.0,5,273.0,0.0,4.36507025933446,9.1,9.1,30,4,76.0,0.3255435900163936,1,197.0,0.2364990915513269,0,0.0,0.7467509237970462
1656.0,16,136.0,2.0,6.692101683724914,68,1147.0,16.86764705882353,86.0,1.2647058823529411,12,310.0,37.0,3.807266769381617,10.0,10.0,31,7,151.0,0.1824649486017951,4,159.0,0.3610799284299935,1,0.0,0.7546020903048655
1664.0,23,196.0,2.8823529411764706,5.581185754573961,68,1233.0,18.13235294117647,86.0,1.2647058823529411,20,413.0,103.0,1.9203476801844843,13.32258064516129,13.32258064516129,31,12,220.0,0.0100037681602063,7,187.0,0.1686283922070404,1,6.0,0.5912425828220353
1672.0,17,120.0,1.6666666666666667,6.180298605387765,72,1345.0,18.68055555555556,112.0,1.5555555555555556,16,442.0,29.0,4.043223809507491,10.523809523809524,10.523809523809524,42,3,146.0,0.3613836955518834,11,284.0,0.1637764312362012,2,12.0,0.4561844766776317
1680.0,19,101.0,1.3835616438356164,6.01499526607466,73,1298.0,17.78082191780822,0.0,0.0,16,392.0,0.0,2.454282004525868,10.594594594594597,10.594594594594597,37,10,187.0,0.0800045692935821,1,173.0,0.2349677131050485,5,32.0,0.2301548639428046
1688.0,20,181.0,2.4133333333333336,7.047430547492281,75,1374.0,18.32,76.0,1.0133333333333334,17,355.0,0.0,2.273717757701345,12.241379310344827,12.241379310344827,29,5,104.0,0.1153987437767254,5,168.0,0.2778445691979572,7,83.0,0.1497338586821382
1696.0,12,140.0,1.75,8.296787025381324,80,1476.0,18.45,102.0,1.275,8,259.0,0.0,4.660684873211262,9.961538461538462,9.961538461538462,26,4,88.0,0.3447220293773924,4,169.0,0.3598838383216383,0,2.0,0.3387906474090777
1704.0,20,220.0,3.055555555555556,6.973046004609786,72,1284.0,17.833333333333332,0.0,0.0,19,382.0,123.0,2.8975206463258933,12.32258064516129,12.32258064516129,31,4,122.0,0.3720601003505794,14,249.0,0.002828909358568,1,11.0,0.5284016731453615
1712.0,29,325.0,4.391891891891892,5.750600527130095,74,1170.0,15.81081081081081,0.0,0.0,27,553.0,171.0,2.001585319084492,13.48780487804878,13.48780487804878,41,6,97.0,0.099310172099178,18,429.0,0.1089539918888828,3,27.0,0.3566446922026873
1720.0,19,265.0,3.840579710144928,6.349886856497487,69,1205.0,17.463768115942027,35.0,0.5072463768115942,19,513.0,0.0,2.026190851690154,14.657142857142857,14.657142857142857,35,5,144.0,0.2132385088129122,8,302.0,0.1685124452889498,6,67.0,1.5073680888031032e-05
1728.0,16,124.0,1.9375,6.193881283843571,64,1161.0,18.140625,0.0,0.0,15,468.0,0.0,1.408243418822522,16.714285714285715,16.714285714285715,28,7,133.0,0.0554922344037695,8,326.0,0.1331334539656116,0,9.0,0.3316794715802371
1736.0,10,140.0,2.0588235294117645,7.074805412946825,68,1150.0,16.91176470588235,0.0,0.0,9,358.0,0.0,2.584179856134728,16.272727272727273,16.272727272727273,22,5,138.0,0.2598525699223857,4,220.0,0.123861580929725,0,0.0,0.2686926465682381
1744.0,14,218.0,3.0704225352112675,8.189141890123247,71,1196.0,16.845070422535212,46.0,0.647887323943662,7,232.0,0.0,4.816474482341305,12.88888888888889,12.88888888888889,18,6,193.0,0.310249823313228,1,39.0,0.4701412313997533,0,0.0,0.4748922842960402
1752.0,9,59.0,0.855072463768116,8.575905219922586,69,1089.0,15.782608695652174,0.0,0.0,3,63.0,0.0,7.598104722170329,3.7058823529411766,3.7058823529411766,17,2,30.0,0.4353180673652763,1,22.0,0.4402325627036302,0,11.0,0.8380319692320649
1760.0,11,42.0,0.6268656716417911,7.329453170664457,67,973.0,14.522388059701491,0.0,0.0,8,94.0,31.0,3.509893515464947,4.947368421052632,4.947368421052632,19,5,64.0,0.0534879064893375,1,19.0,0.6160997902084164,2,11.0,0.2008794330260413
1768.0,11,74.0,1.1746031746031746,7.037202524452598,63,838.0,13.301587301587302,0.0,0.0,9,119.0,25.0,4.321225112042556,6.2631578947368425,6.2631578947368425,19,5,82.0,0.3024893094683251,4,37.0,0.0001888139874248,0,0.0,0.6518159481146298
1776.0,11,84.0,1.3548387096774193,7.233002279171348,62,612.0,9.870967741935484,0.0,0.0,7,125.0,6.0,4.485570488037695,5.681818181818182,5.681818181818182,22,2,51.0,0.3394085535572826,4,72.0,0.3382866381807907,1,2.0,0.5695021153304936
1784.0,8,58.0,1.0,8.480028213478517,58,516.0,8.89655172413793,0.0,0.0,4,76.0,0.0,6.674774259803524,3.4545454545454546,3.4545454545454546,22,3,64.0,0.4344883772884488,0,11.0,0.6274478893344477,1,1.0,0.706671980516888
1792.0,13,138.0,2.3389830508474576,8.132896434085529,59,535.0,9.067796610169491,19.0,0.3220338983050847,9,130.0,54.0,3.2407766626608416,6.842105263157895,6.842105263157895,19,5,98.0,0.0,2,23.0,0.434524600925552,2,9.0,0.3599803647785258
1800.0,16,250.0,4.098360655737705,6.83979662730384,61,585.0,9.59016393442623,50.0,0.819672131147541,13,256.0,126.0,4.655206703215329,7.757575757575758,7.757575757575758,33,5,138.0,0.0,6,87.0,0.384987828240481,2,31.0,0.5624873407210838
1808.0,21,176.0,2.626865671641791,5.575390881869704,67,687.0,10.25373134328358,102.0,1.5223880597014925,20,269.0,13.0,2.521757554767529,7.911764705882353,7.911764705882353,34,1,37.0,0.6595294676569342,16,190.0,0.0087219626364287,3,42.0,0.3810519877703837
1816.0,12,82.0,1.1232876712328768,6.731004330283992,73,790.0,10.821917808219178,103.0,1.4109589041095891,9,171.0,0.0,3.040725901411045,5.896551724137931,5.896551724137931,29,4,15.0,0.0942329744072257,4,148.0,0.1930031645550294,1,8.0,0.4945431085988208
1824.0,19,193.0,2.608108108108108,6.918743146406418,74,861.0,11.635135135135137,71.0,0.9594594594594594,14,172.0,1.0,2.376938160073461,7.818181818181818,7.818181818181818,22,5,50.0,0.2687072599845954,4,94.0,0.2178075549377817,5,28.0,0.0703489521101319
1832.0,23,333.0,4.269230769230769,6.664598922896903,78,973.0,12.474358974358974,112.0,1.435897435897436,15,273.0,101.0,2.765136034349781,13.65,13.65,20,6,93.0,6.810353944086846e-06,5,129.0,0.3097643047699372,4,51.0,0.3043583506513226
1840.0,17,132.0,1.6296296296296295,7.422564447059106,81,1062.0,13.11111111111111,89.0,1.0987654320987654,9,195.0,0.0,5.848705418671827,8.125,8.125,24,1,60.0,0.6115157577738389,4,59.0,0.4290555611014325,4,76.0,0.2389580646547601
1848.0,18,211.0,2.74025974025974,7.576482587631737,77,1078.0,14.0,16.0,0.2077922077922078,9,191.0,0.0,3.99664959968221,9.55,9.55,20,3,30.0,0.3324833928566081,1,46.0,0.2369891739915547,5,115.0,0.2777034936659406
1856.0,25,317.0,4.226666666666667,6.280950504102454,75,1044.0,13.92,0.0,0.0,17,254.0,63.0,2.3492988952997576,9.76923076923077,9.76923076923077,26,8,75.0,0.1983785691074171,4,35.0,0.1546791404703676,5,144.0,0.1658631453787965
1864.0,24,381.0,5.148648648648648,6.41810845685445,74,1116.0,15.08108108108108,72.0,0.972972972972973,19,396.0,142.0,3.888162198827616,11.647058823529411,11.647058823529411,34,9,145.0,0.067452309163751,6,81.0,0.4390380738302789,4,170.0,0.4195413425072042
1872.0,18,156.0,2.0526315789473686,6.109953159363834,76,1228.0,16.157894736842106,112.0,1.4736842105263157,7,209.0,0.0,4.907956745670843,8.36,8.36,25,5,136.0,0.2451378709344768,2,73.0,0.3349030741546416,0,0.0,0.7258236162685361
1880.0,18,251.0,3.585714285714286,7.438168844868411,70,1116.0,15.942857142857145,0.0,0.0,9,186.0,0.0,3.4995343600329423,11.625,11.625,16,6,162.0,0.0021505678060713,2,23.0,0.4638445692287135,1,1.0,0.3517004241934318
1888.0,26,395.0,5.266666666666667,6.841860108241772,75,1231.0,16.413333333333334,115.0,1.5333333333333334,8,275.0,89.0,5.205236697243634,13.095238095238097,13.095238095238097,21,5,192.0,0.3200712515932922,2,74.0,0.4326186535306486,1,9.0,0.5683378073215652
1896.0,17,294.0,3.769230769230769,6.793099259780347,78,1389.0,17.807692307692307,158.0,2.025641025641025,4,155.0,0.0,5.94241952221036,6.2,6.2,25,1,72.0,0.3185289320979348,3,79.0,0.5267227544046249,0,4.0,0.5668239720054972
1904.0,17,283.0,3.824324324324324,6.854454111265656,74,1392.0,18.81081081081081,3.0,0.0405405405405405,9,136.0,0.0,4.9791967108736905,5.44,5.44,25,2,20.0,0.2970063136200682,4,97.0,0.3715952923642048,3,19.0,0.4747743491508303
1912.0,19,345.0,4.859154929577465,6.629669107700786,71,1287.0,18.12676056338028,0.0,0.0,10,274.0,138.0,3.665651586195235,11.416666666666666,11.416666666666666,24,3,47.0,0.2930320679656026,7,227.0,0.2344789924339259,0,0.0,0.4162978206272409
1920.0,17,302.0,4.376811594202898,6.985139947312393,69,1211.0,17.55072463768116,0.0,0.0,8,179.0,0.0,3.947198206263667,6.884615384615385,6.884615384615385,26,1,16.0,0.3791854333645758,6,161.0,0.225480758160756,1,2.0,0.3797792487697055
1928.0,16,237.0,3.703125,7.055435721973863,64,1250.0,19.53125,39.0,0.609375,12,213.0,34.0,3.651459941171422,8.875,8.875,24,2,20.0,0.2159869944539059,9,189.0,0.2549130483190104,1,4.0,0.5243255943752029
1936.0,10,59.0,0.9516129032258064,7.821299458910008,62,1256.0,20.258064516129032,6.0,0.0967741935483871,8,113.0,0.0,4.346007740984699,6.277777777777778,6.277777777777778,18,4,51.0,0.1975815396087913,2,42.0,0.3414374307879305,2,20.0,0.4581794582508103
1944.0,18,143.0,2.1666666666666665,7.579900853339239,66,1111.0,16.833333333333332,0.0,0.0,7,113.0,0.0,5.904040691595551,7.0625,7.0625,16,4,85.0,0.2856993977545601,3,25.0,0.3720341493438462,0,3.0,0.9287776140915668
1952.0,15,135.0,1.9565217391304348,7.3484505484633535,69,1108.0,16.057971014492754,0.0,0.0,5,72.0,0.0,5.959009022304748,3.6,3.6,20,3,35.0,0.0936905740722257,1,27.0,0.6511352717870355,1,10.0,0.586232841244352
1960.0,13,71.0,0.9726027397260274,7.082392874016992,73,1086.0,14.876712328767123,0.0,0.0,11,164.0,92.0,5.00367787665359,7.809523809523809,7.809523809523809,21,4,106.0,0.2647943595056782,7,58.0,0.382814353332137,0,0.0,0.9354475259676476
1968.0,16,149.0,2.0985915492957745,7.348650768442784,71,981.0,13.816901408450704,0.0,0.0,8,241.0,77.0,5.112556956665234,10.478260869565217,10.478260869565217,23,5,76.0,0.3488528645766818,3,165.0,0.386634223012942,0,0.0,1.0
1976.0,26,257.0,3.724637681159421,6.130997086744361,69,941.0,13.63768115942029,0.0,0.0,17,310.0,69.0,2.08651454483653,11.923076923076923,11.923076923076923,26,6,97.0,0.303060171624098,11,213.0,0.006119581494236,0,0.0,0.9251704912239088
1984.0,21,357.0,5.492307692307692,6.25467228976881,65,1015.0,15.615384615384617,74.0,1.1384615384615384,12,312.0,2.0,3.9368636657433487,12.0,12.0,26,9,179.0,0.1699102492437131,3,130.0,0.3695861466934408,0,3.0,0.9575196881202468
1992.0,25,377.0,5.626865671641791,5.61207676833047,67,1165.0,17.388059701492537,150.0,2.238805970149253,15,303.0,0.0,2.4920554781048785,12.625,12.625,24,9,205.0,0.0425879181626376,5,80.0,0.1660418850886167,1,18.0,0.6541058900218876
2000.0,34,562.0,8.515151515151516,4.48594066655402,66,1279.0,19.37878787878788,114.0,1.7272727272727273,19,372.0,69.0,2.409587413633919,14.307692307692308,14.307692307692308,26,7,208.0,0.2835703247457432,8,130.0,0.0168259965920637,4,34.0,0.2780548129189197
2008.0,25,514.0,7.449275362318841,5.70240181841574,69,1472.0,21.33333333333333,193.0,2.7971014492753623,9,187.0,0.0,2.830902444498101,11.0,11.0,17,2,26.0,0.2635870542214217,6,151.0,0.1811600884149027,1,10.0,0.4862309679885752
2016.0,27,667.0,9.955223880597014,6.450362898151374,67,1466.0,21.88059701492537,0.0,0.0,15,288.0,101.0,2.347225547321619,14.4,14.4,20,5,60.0,0.2483977520637001,7,209.0,0.2040825412584806,3,19.0,0.00231120127862
2024.0,26,785.0,12.265625,6.0241756989401045,64,1523.0,23.796875,57.0,0.890625,13,315.0,27.0,3.0503276561615835,16.57894736842105,16.57894736842105,19,3,34.0,0.3787738813297614,10,278.0,0.0028262914734355,0,3.0,0.715606981508385
2032.0,10,148.0,2.276923076923077,6.905062261116469,65,1495.0,23.0,0.0,0.0,6,148.0,0.0,3.758563277063212,7.7894736842105265,7.7894736842105265,19,3,68.0,0.1636735608262255,2,78.0,0.3882735127421016,1,2.0,0.4375011276361208
2040.0,15,70.0,1.1864406779661016,5.971936061968278,59,1436.0,24.338983050847457,0.0,0.0,10,216.0,68.0,2.996998278887016,10.285714285714286,10.285714285714286,21,3,80.0,0.2319391709408565,6,126.0,0.283611399592942,1,10.0,0.490576852209691
2048.0,17,132.0,2.1639344262295084,5.9567598776977295,61,1564.0,25.639344262295083,128.0,2.098360655737705,7,354.0,138.0,4.220211444759821,17.7,17.7,20,3,54.0,0.2283279159601372,3,279.0,0.3162977411081521,1,21.0,0.4916061462367349
2056.0,12,119.0,1.9508196721311477,7.903648022599513,61,1547.0,25.36065573770492,0.0,0.0,7,118.0,0.0,3.742626124679175,9.076923076923077,9.076923076923077,13,0,27.0,0.5670787895469137,5,64.0,0.2200925244181569,2,27.0,0.0001417818661944
2064.0,9,106.0,1.6307692307692307,7.328290952613808,65,1529.0,23.523076923076925,0.0,0.0,8,254.0,136.0,3.839687799995896,12.095238095238097,12.095238095238097,21,2,83.0,0.3618335507799785,6,168.0,0.1432708563239871,0,3.0,0.9679132626058482
2072.0,18,103.0,1.6349206349206349,6.597713890269984,63,1475.0,23.41269841269841,0.0,0.0,12,408.0,154.0,4.188985249001092,18.545454545454547,18.545454545454547,22,4,20.0,0.3791327876215665,8,381.0,0.1041732482941081,0,7.0,0.936434850763718
2080.0,22,241.0,3.950819672131148,6.439140030059088,61,1453.0,23.81967213114754,0.0,0.0,16,372.0,0.0,2.714492490233514,14.88,14.88,25,5,39.0,0.2826043869440713,10,325.0,0.156163562524583,1,8.0,0.1587157838394934
2088.0,12,82.0,1.3015873015873016,7.375985366255891,63,1453.0,23.063492063492063,0.0,0.0,8,143.0,0.0,4.469967714360669,7.15,7.15,20,7,107.0,0.2863580383550249,1,33.0,0.3353902864113312,0,3.0,0.7549084264228948
2096.0,15,166.0,2.721311475409836,7.003854916396207,61,1166.0,19.114754098360656,0.0,0.0,12,271.0,128.0,3.674550027611336,10.423076923076923,10.423076923076923,26,8,204.0,0.2129522953972471,4,64.0,0.3511666565625986,0,3.0,0.6636224467685831
2104.0,15,98.0,1.53125,6.555633409717524,64,1254.0,19.59375,88.0,1.375,13,263.0,0.0,3.854046690421193,9.392857142857142,9.392857142857142,28,4,42.0,0.2062876061551767,8,211.0,0.3343479655633959,1,10.0,0.580368473073611
2112.0,28,242.0,3.611940298507463,5.792543208393269,67,1220.0,18.2089552238806,0.0,0.0,21,399.0,136.0,2.869041401386045,12.870967741935484,12.870967741935484,31,7,87.0,0.2706918856849517,12,294.0,0.1881269380218477,2,18.0,0.3582544599924017
2120.0,28,394.0,5.96969696969697,5.587163577339764,66,1156.0,17.515151515151516,0.0,0.0,19,491.0,92.0,2.810871830634068,16.93103448275862,16.93103448275862,29,5,58.0,0.0997272321280778,12,401.0,0.1747122614473265,2,32.0,0.4569866102341704
2128.0,32,609.0,8.577464788732394,4.922646974475119,71,1299.0,18.295774647887324,143.0,2.014084507042253,25,665.0,174.0,1.5810666964519378,19.0,19.0,35,5,89.0,0.1909816658382415,15,514.0,0.084731310930683,5,62.0,0.1779496522206152
2136.0,15,226.0,3.095890410958904,6.82014296671739,73,1476.0,20.21917808219178,177.0,2.4246575342465757,12,536.0,0.0,3.692526017574068,17.29032258064516,17.29032258064516,31,1,52.0,0.3789729575341818,5,378.0,0.2290268889830403,6,106.0,0.3037751653347899
2144.0,17,73.0,0.9864864864864864,7.334278742598109,74,1495.0,20.2027027027027,19.0,0.2567567567567567,14,464.0,0.0,2.0799479592525536,16.0,16.0,29,5,28.0,0.1559676519893812,8,423.0,0.1036851752978769,1,13.0,0.4282823169405511
2152.0,20,121.0,1.6575342465753424,6.964176173995746,73,1472.0,20.164383561643834,0.0,0.0,13,371.0,0.0,4.472928378957036,12.366666666666667,12.366666666666667,30,4,53.0,0.4061138755692094,7,284.0,0.1655325725251893,2,34.0,0.6353630993225361
2160.0,12,39.0,0.5416666666666666,6.301018188821834,72,1381.0,19.18055555555556,0.0,0.0,10,444.0,73.0,2.009226140364515,15.857142857142858,15.857142857142858,28,3,66.0,0.3102969809848507,7,374.0,0.0788836040300563,0,4.0,0.1971515509545294
2168.0,13,59.0,0.8082191780821918,7.208822774006498,73,1386.0,18.98630136986301,5.0,0.0684931506849315,7,307.0,0.0,4.033865317300394,11.807692307692308,11.807692307692308,26,1,51.0,0.3008883344421281,6,256.0,0.2683878437527214,0,0.0,0.8580095263399775
2176.0,19,87.0,1.144736842105263,6.449881330155559,76,1065.0,14.013157894736842,0.0,0.0,13,343.0,36.0,3.0724272988762125,10.393939393939394,10.393939393939394,33,4,44.0,0.2914616607486321,8,293.0,0.2012490540528762,1,6.0,0.2973843750455762
2184.0,25,168.0,2.3013698630136985,6.117489706256613,73,1081.0,14.808219178082192,16.0,0.2191780821917808,22,460.0,117.0,2.113520420992536,13.93939393939394,13.93939393939394,33,2,14.0,0.3658164824368765,20,439.0,0.0298888448610006,0,7.0,0.9468008154606196
2192.0,28,274.0,3.859154929577465,5.634734107611435,71,1287.0,18.12676056338028,206.0,2.901408450704225,23,573.0,113.0,0.5981416128716952,19.1,19.1,30,2,19.0,0.1778122588301118,21,554.0,0.014206773849741,0,0.0,1.0
2200.0,9,103.0,1.4927536231884058,6.163217589966677,69,1250.0,18.115942028985508,0.0,0.0,8,495.0,0.0,2.2889216179987377,19.03846153846154,19.03846153846154,26,3,35.0,0.0376569429595748,5,460.0,0.1504149059274191,0,0.0,0.9911427330174024
2208.0,10,49.0,0.7,7.803859567721721,70,1206.0,17.228571428571428,0.0,0.0,4,260.0,0.0,4.507247040620297,13.68421052631579,13.68421052631579,19,2,18.0,0.4910264045190817,1,240.0,0.322663936063014,1,2.0,2.2214936571094622e-05
2216.0,11,97.0,1.4057971014492754,8.735352985208388,69,1133.0,16.420289855072465,0.0,0.0,5,155.0,0.0,5.150467441951557,9.117647058823527,9.117647058823527,17,2,4.0,0.0862634810580418,2,138.0,0.4268199264170836,1,13.0,0.4076831370476267
2224.0,12,142.0,2.0285714285714285,8.832093432225655,70,1025.0,14.642857142857142,0.0,0.0,6,88.0,0.0,8.59643970761953,4.631578947368421,4.631578947368421,19,2,30.0,0.7042683044655559,2,35.0,0.5735873392174505,2,23.0,0.4709510778257926
2232.0,14,124.0,1.7714285714285714,7.240584694191666,70,869.0,12.414285714285716,0.0,0.0,10,135.0,47.0,3.6576139664629537,5.625,5.625,24,6,56.0,0.097812657738554,1,36.0,0.5387595296465945,3,43.0,0.362436928578684
2240.0,24,246.0,3.3698630136986303,6.2328164604576335,73,867.0,11.876712328767123,0.0,0.0,20,341.0,206.0,3.5101810586478264,9.742857142857142,9.742857142857142,35,12,174.0,0.0951225469148187,5,100.0,0.2421078361469531,3,67.0,0.4988567063617424
2248.0,27,371.0,5.3,5.97951450284578,70,926.0,13.228571428571428,59.0,0.8428571428571429,24,475.0,134.0,2.8650928915870155,12.17948717948718,12.17948717948718,39,14,297.0,0.1353240065010985,9,161.0,0.1915347885246212,1,17.0,0.6845711278220495
2256.0,13,164.0,2.3768115942028984,6.29929590875341,69,983.0,14.246376811594205,57.0,0.8260869565217391,11,357.0,0.0,2.7327307717549205,12.75,12.75,28,7,289.0,0.1424651206375494,2,53.0,0.2601666085515237,2,15.0,0.4579494591388141
2264.0,15,151.0,2.287878787878788,6.3954140607207215,66,967.0,14.651515151515152,0.0,0.0,12,323.0,0.0,1.38686932486119,13.458333333333334,13.458333333333334,24,6,237.0,0.1243735984955002,3,55.0,0.1340287400143376,3,31.0,0.0499066924499889
2272.0,20,263.0,4.174603174603175,6.5475597891004576,63,915.0,14.523809523809524,0.0,0.0,14,384.0,61.0,3.904216187300664,14.76923076923077,14.76923076923077,26,10,277.0,0.1426843151378153,1,49.0,0.4817580063988366,3,58.0,0.3602841481921452
2280.0,33,443.0,6.712121212121212,5.095102931355979,66,1075.0,16.28787878787879,160.0,2.4242424242424243,21,498.0,114.0,3.6325702958648263,14.228571428571428,14.228571428571428,35,14,381.0,0.1657367758764635,2,26.0,0.4927014292689377,5,91.0,0.3502796223367041
2288.0,21,488.0,7.393939393939394,5.627655181849742,66,1249.0,18.924242424242426,174.0,2.636363636363636,13,478.0,0.0,2.8512985130693527,19.12,19.12,25,7,353.0,0.2444864067836832,2,16.0,0.0,4,109.0,0.1776050617053968
2296.0,13,167.0,2.609375,6.23500227543713,64,1185.0,18.515625,0.0,0.0,11,426.0,0.0,2.7878986202134075,15.77777777777778,15.77777777777778,27,6,228.0,0.1508159026985535,1,57.0,0.5244730582416389,4,141.0,0.121349439251003
2304.0,16,228.0,4.0,5.379755222434923,57,1075.0,18.859649122807017,0.0,0.0,14,464.0,38.0,3.4263990733050664,14.96774193548387,14.96774193548387,31,6,214.0,0.1396242738858789,3,70.0,0.4880735334597965,5,180.0,0.2714023783666879
2312.0,14,248.0,4.428571428571429,6.346310958472578,56,1112.0,19.857142857142858,37.0,0.6607142857142857,13,390.0,0.0,1.7520731595431795,15.6,15.6,25,6,161.0,0.0715154482868012,0,0.0,0.6994125959102363,7,229.0,0.0635343768923909
2320.0,10,289.0,5.351851851851852,6.753402649400529,54,1076.0,19.925925925925927,0.0,0.0,9,386.0,0.0,2.868656800902181,17.545454545454547,17.545454545454547,22,2,112.0,0.197436416302225,2,14.0,0.3307293761258622,5,260.0,0.2067715782849646
2328.0,13,365.0,6.293103448275862,7.788789699493652,58,1104.0,19.03448275862069,28.0,0.4827586206896552,9,423.0,37.0,4.063497905169932,17.625,17.625,24,2,89.0,0.0904964422661119,2,31.0,0.4368291860291208,5,303.0,0.452662646350731
2336.0,14,387.0,6.344262295081967,7.897984498565847,61,995.0,16.311475409836067,0.0,0.0,13,456.0,33.0,3.665739138394252,19.82608695652174,19.82608695652174,23,2,56.0,0.5256308694094348,4,51.0,0.4475784333031742,7,349.0,0.0069959570914283
2344.0,14,129.0,2.0806451612903225,6.997635522106263,62,955.0,15.403225806451612,0.0,0.0,14,364.0,0.0,1.5109390315196196,15.826086956521738,15.826086956521738,23,5,53.0,0.0444387111239107,6,94.0,0.2191811478970067,3,217.0,0.1793702634351421
2352.0,11,38.0,0.6229508196721312,7.942340577807548,61,931.0,15.262295081967212,0.0,0.0,7,258.0,0.0,4.655469549543287,15.176470588235292,15.176470588235292,17,3,26.0,0.3946477168423358,1,4.0,0.3299213309470656,3,228.0,0.3015674494990011
2360.0,15,103.0,1.7457627118644068,7.130869366967886,59,913.0,15.47457627118644,0.0,0.0,10,164.0,0.0,2.0021922857870997,9.647058823529411,9.647058823529411,17,4,35.0,0.1495942272490895,3,22.0,0.1895744075820345,3,107.0,0.1679817063289305
2368.0,18,163.0,2.4696969696969697,6.712189761881366,66,959.0,14.530303030303031,46.0,0.696969696969697,10,123.0,0.0,3.7593574968990007,7.235294117647059,7.235294117647059,17,7,79.0,0.0707391816338191,1,19.0,0.468649592002872,2,25.0,0.554849470751703
2376.0,9,90.0,1.3235294117647058,7.313563677047893,68,918.0,13.5,0.0,0.0,3,95.0,0.0,6.043059100452817,4.75,4.75,20,3,70.0,0.409085889110294,0,6.0,0.4853993666147722,0,19.0,0.9814336267962424
2384.0,13,95.0,1.417910447761194,7.173425659116803,67,878.0,13.1044776119403,0.0,0.0,8,159.0,64.0,4.241953371388946,7.571428571428571,7.571428571428571,21,6,139.0,0.2412575117434312,0,17.0,0.6822617427260352,2,3.0,0.0034207121956736
2392.0,17,96.0,1.4545454545454546,6.524662295694841,66,908.0,13.757575757575758,30.0,0.4545454545454545,11,144.0,0.0,3.8874660350036128,5.76,5.76,25,6,77.0,0.1673324698437558,3,48.0,0.6148365826453551,2,19.0,0.3036899131015455
2400.0,16,122.0,1.967741935483871,6.174792025216851,62,848.0,13.67741935483871,0.0,0.0,13,191.0,47.0,2.622605876298408,7.958333333333333,7.958333333333333,24,4,73.0,0.2123199748831469,7,83.0,0.2383748796169446,2,35.0,0.2750499340684169
2408.0,25,236.0,3.806451612903226,5.670139369446842,62,909.0,14.661290322580646,61.0,0.9838709677419356,17,294.0,103.0,2.844386359957314,11.307692307692308,11.307692307692308,26,9,135.0,0.1245799493658583,8,159.0,0.2478249239046323,0,0.0,0.5380378445458842
2416.0,29,440.0,6.769230769230769,5.701292474472327,65,1053.0,16.2,144.0,2.2153846153846155,22,443.0,149.0,1.909532868476068,15.275862068965518,15.275862068965518,29,9,192.0,0.171692957027671,12,244.0,0.1101724722687303,1,7.0,0.0
2424.0,25,482.0,7.303030303030303,6.386286065659516,66,1176.0,17.818181818181817,123.0,1.8636363636363635,18,434.0,0.0,2.675004423135846,16.692307692307693,16.692307692307693,26,3,95.0,0.4422334227160858,15,339.0,0.0003274803530965,0,0.0,0.665474374678422
2432.0,15,164.0,2.484848484848485,6.800932722732643,66,1080.0,16.363636363636363,0.0,0.0,12,351.0,0.0,2.5148692872888665,12.535714285714286,12.535714285714286,28,10,221.0,0.0772749469061514,1,124.0,0.3101010139383071,1,6.0,0.3342257753120272
2440.0,20,233.0,3.3768115942028984,6.145484978222967,69,1118.0,16.202898550724637,38.0,0.5507246376811594,16,368.0,17.0,2.6304288106720177,13.62962962962963,13.62962962962963,27,5,205.0,0.0990764075432667,9,141.0,0.2151905278042632,2,22.0,0.4203034589357267
2448.0,10,64.0,0.8533333333333334,7.400562295121691,75,1123.0,14.973333333333333,5.0,0.0666666666666666,5,246.0,0.0,5.1094443301908425,9.11111111111111,9.11111111111111,27,3,73.0,0.2635951892120684,0,135.0,0.4429360817536218,2,38.0,0.4337243535635462
2456.0,16,85.0,1.1805555555555556,7.402540932615433,72,1036.0,14.38888888888889,0.0,0.0,11,219.0,0.0,2.157392633101783,10.95,10.95,20,3,41.0,0.2530206724328743,8,178.0,0.0983056191587582,0,0.0,0.8422551459570904
2464.0,25,262.0,3.742857142857143,6.93240745340528,70,1091.0,15.585714285714284,55.0,0.7857142857142857,21,383.0,164.0,3.062864194860432,12.766666666666667,12.766666666666667,30,6,88.0,0.3070432188992248,14,284.0,0.096799986195886,1,11.0,0.6506664001298345
2472.0,12,144.0,2.0869565217391304,6.742952105582559,69,1197.0,17.347826086956523,106.0,1.536231884057971,6,301.0,0.0,4.929966470213529,13.08695652173913,13.08695652173913,23,3,53.0,0.5092204496505233,3,241.0,0.1565728373017246,0,7.0,0.924489665415247
2480.0,11,182.0,2.4266666666666667,7.917588907438738,75,1138.0,15.173333333333334,0.0,0.0,4,155.0,0.0,6.098396967481549,7.045454545454546,7.045454545454546,22,4,67.0,0.1572172354600074,0,88.0,0.5986406904524909,0,0.0,0.9249077641609612
2488.0,17,201.0,2.8714285714285714,6.936797145314755,70,1033.0,14.757142857142858,0.0,0.0,9,121.0,0.0,3.5586199398704528,5.761904761904762,5.761904761904762,21,2,8.0,0.3303961411583628,7,108.0,0.1874759554084706,0,5.0,0.7110640871465456
2496.0,11,217.0,3.557377049180328,7.480131994647102,61,978.0,16.0327868852459,0.0,0.0,6,139.0,18.0,5.35771723836682,7.315789473684211,7.315789473684211,19,4,36.0,0.1943792545860142,1,98.0,0.3189593961220394,1,5.0,0.6515352930931607
2504.0,21,224.0,3.733333333333333,6.291790776579648,60,1023.0,17.05,45.0,0.75,16,228.0,89.0,2.3401511878685417,10.857142857142858,10.857142857142858,21,4,68.0,0.1268398793627368,9,140.0,0.1711624999977062,3,20.0,0.2430541163958144
2512.0,15,148.0,2.4262295081967213,6.256251239878047,61,914.0,14.98360655737705,0.0,0.0,13,332.0,104.0,3.576197470871516,13.28,13.28,25,2,39.0,0.2947574555729532,9,254.0,0.2025627053072757,2,39.0,0.4845672863119765
2520.0,7,65.0,1.0,7.142986462001947,65,925.0,14.23076923076923,11.0,0.1692307692307692,5,286.0,0.0,3.248349268990494,14.3,14.3,20,4,48.0,0.0005473253063934,1,238.0,0.2728900038337965,0,0.0,0.6525438794490128
2528.0,15,100.0,1.5625,6.977044033505178,64,857.0,13.390625,0.0,0.0,13,341.0,55.0,1.8418795705871696,14.826086956521738,14.826086956521738,23,3,31.0,0.0030561706831855,8,299.0,0.103813193554121,2,11.0,0.5671453882225614
2536.0,25,217.0,3.390625,5.635771480351583,64,867.0,13.546875,10.0,0.15625,17,428.0,87.0,2.989334362379699,16.46153846153846,16.46153846153846,26,4,65.0,0.274471035918488,12,349.0,0.1182602693215922,1,14.0,0.502844942550545
2544.0,10,56.0,0.7671232876712328,7.254292424072586,73,941.0,12.89041095890411,74.0,1.0136986301369864,7,304.0,0.0,5.044001859532589,12.16,12.16,25,3,61.0,0.3880021937067506,3,238.0,0.287126303249371,1,5.0,0.710891046503032
2552.0,15,103.0,1.355263157894737,7.443701209282967,76,873.0,11.486842105263158,0.0,0.0,13,285.0,0.0,4.191678050161109,9.193548387096774,9.193548387096774,31,6,84.0,0.2596758728304231,5,190.0,0.2504198862513859,2,11.0,0.5643630013751797
2560.0,31,258.0,3.44,5.762474830605028,75,980.0,13.066666666666666,107.0,1.4266666666666667,27,430.0,145.0,2.4918480749592398,11.62162162162162,11.62162162162162,37,9,103.0,0.0965172260373789,14,285.0,0.1553772631553797,4,42.0,0.3841670854170412
2568.0,18,218.0,3.0277777777777777,5.931523055522625,72,1016.0,14.11111111111111,36.0,0.5,10,401.0,0.0,3.757665718552036,11.794117647058824,11.794117647058824,34,7,153.0,0.2020909981271503,0,215.0,0.3392112206975466,3,33.0,0.2901929940553727
2576.0,17,93.0,1.2236842105263157,6.383227261441276,76,1100.0,14.473684210526317,84.0,1.105263157894737,13,346.0,0.0,1.6772940842858153,12.357142857142858,12.357142857142858,28,1,61.0,0.2398226180600717,11,279.0,0.0965350077674343,1,6.0,0.0
2584.0,11,48.0,0.64,7.154583709064861,75,1108.0,14.773333333333332,8.0,0.1066666666666666,9,245.0,0.0,3.065031962370464,9.423076923076923,9.423076923076923,26,6,76.0,0.216443962480067,2,155.0,0.2502847115770398,1,14.0,0.0
2592.0,24,154.0,2.053333333333333,6.203673986385964,75,1109.0,14.786666666666669,1.0,0.0133333333333333,20,335.0,90.0,2.814089537097211,9.305555555555555,9.305555555555555,36,8,138.0,0.2452340268781313,10,172.0,0.1156183239305798,2,25.0,0.4916348183726441
2600.0,8,59.0,0.8676470588235294,6.881417968267815,68,1024.0,15.058823529411764,0.0,0.0,3,194.0,0.0,4.771797613492796,7.76,7.76,25,0,45.0,0.5169822541350679,3,143.0,0.233223591672935,0,6.0,0.5591997966922504
2608.0,18,107.0,1.5735294117647058,6.938146896171114,68,999.0,14.691176470588236,0.0,0.0,13,243.0,49.0,2.838979652800925,9.346153846153848,9.346153846153848,26,2,64.0,0.4251691317347213,11,178.0,0.069912921233021,0,1.0,0.9957288105424816
2616.0,8,30.0,0.4761904761904761,7.9169418618965635,63,964.0,15.301587301587302,0.0,0.0,5,203.0,0.0,4.582849349669924,9.666666666666666,9.666666666666666,21,3,73.0,0.3811138556990338,2,123.0,0.2155399136695674,0,7.0,0.7194688005994009
2624.0,14,44.0,0.6470588235294118,7.20970353349246,68,890.0,13.088235294117649,0.0,0.0,11,277.0,74.0,4.261461016896432,8.935483870967742,8.935483870967742,31,2,79.0,0.4101896608116361,8,185.0,0.1691096374158302,1,13.0,0.6835137042693399
2632.0,12,76.0,1.1875,6.777198002248934,64,870.0,13.59375,0.0,0.0,7,250.0,0.0,4.659977388428576,9.25925925925926,9.25925925925926,27,7,114.0,0.2112327334504696,0,133.0,0.4126549891150471,0,3.0,0.9433084790386586
2640.0,6,11.0,0.171875,7.558752316280186,64,795.0,12.421875,0.0,0.0,4,155.0,0.0,3.787672306902535,7.75,7.75,20,0,52.0,0.2726866085689462,4,103.0,0.3308051290822896,0,0.0,0.5089314056038893
2648.0,12,61.0,0.9242424242424242,8.791642735016085,66,778.0,11.787878787878787,0.0,0.0,7,84.0,0.0,6.6109400442385935,4.2,4.2,20,3,37.0,0.5155011123046708,3,45.0,0.4729156000827532,1,2.0,0.5237817407839718
2656.0,10,54.0,0.8059701492537313,8.720880703654286,67,692.0,10.328358208955224,0.0,0.0,8,60.0,0.0,6.109644924209156,3.1578947368421053,3.1578947368421053,19,3,23.0,0.4340296180614324,4,32.0,0.2084053224396631,1,5.0,0.6740072250461291
2664.0,10,75.0,1.2096774193548387,8.206654255486358,62,640.0,10.32258064516129,0.0,0.0,9,115.0,55.0,5.238702131641592,5.227272727272728,5.227272727272728,22,2,32.0,0.3455730033785794,6,78.0,0.2175621773133761,1,5.0,0.7453538651680832
2672.0,21,186.0,3.263157894736842,6.716182752691604,57,597.0,10.473684210526317,0.0,0.0,18,199.0,84.0,1.2014529229632136,8.652173913043478,8.652173913043478,23,5,51.0,0.1343677431523058,11,146.0,0.0716619025334032,2,2.0,0.0106580334474845
2680.0,6,66.0,1.2692307692307692,8.217065340223034,52,584.0,11.23076923076923,0.0,0.0,6,147.0,0.0,3.8971840217499247,9.8,9.8,15,3,66.0,0.373814069239581,0,58.0,0.3150896339280034,3,23.0,0.2384154496735242
2688.0,12,83.0,1.456140350877193,7.25891967538326,57,563.0,9.87719298245614,0.0,0.0,10,148.0,1.0,2.253474898079973,8.222222222222221,8.222222222222221,18,2,15.0,0.3044566570503927,5,86.0,0.0530169501833454,3,47.0,0.2441627098894007
2696.0,17,144.0,2.571428571428572,7.463938116847596,56,619.0,11.053571428571429,56.0,1.0,14,213.0,65.0,3.53192289732241,10.65,10.65,20,5,47.0,0.2503653069835367,8,153.0,0.1018386705623412,1,13.0,0.5474552224087716
2704.0,7,73.0,1.123076923076923,8.483916291998161,65,633.0,9.738461538461538,14.0,0.2153846153846154,3,115.0,0.0,6.193836468572174,5.75,5.75,20,2,37.0,0.280865771391438,0,64.0,0.536906520917223,1,14.0,0.5975453713554542
2712.0,18,125.0,1.953125,6.695764932341325,64,615.0,9.609375,0.0,0.0,15,170.0,55.0,2.46334715438309,6.296296296296297,6.296296296296297,27,3,54.0,0.2116727530739559,10,90.0,0.2008442828674487,2,26.0,0.2047443312786475
2720.0,7,69.0,1.1129032258064515,7.435869994858802,62,512.0,8.258064516129032,0.0,0.0,7,117.0,0.0,4.698354410673923,4.178571428571429,4.178571428571429,28,1,9.0,0.4696953708973689,2,49.0,0.2253725186187209,4,59.0,0.3753205398819466
2728.0,12,75.0,1.271186440677966,8.124225901964584,59,478.0,8.101694915254237,0.0,0.0,7,77.0,0.0,4.847289505037804,4.529411764705882,4.529411764705882,17,5,21.0,0.1229930094954087,1,18.0,0.6130530331110252,1,38.0,0.4277942473991398
2736.0,16,128.0,2.3703703703703702,7.60010570293389,54,452.0,8.37037037037037,0.0,0.0,9,91.0,14.0,3.77223212171398,5.6875,5.6875,16,3,46.0,0.321687499772166,6,41.0,0.0005781527923518,0,4.0,0.7619668847598161
2744.0,16,203.0,3.440677966101695,7.628433435924135,59,533.0,9.033898305084746,81.0,1.3728813559322033,8,133.0,42.0,4.894412136618073,7.823529411764706,7.823529411764706,17,4,66.0,0.2356867742664858,3,61.0,0.4984500566449596,1,6.0,0.2108340279464056
2752.0,12,113.0,1.8833333333333333,7.549423445515346,60,590.0,9.833333333333334,57.0,0.95,6,96.0,0.0,4.9457629808476335,4.8,4.8,20,2,38.0,0.4233555485622644,3,44.0,0.3717118958984178,1,14.0,0.5316483295033906
2760.0,13,97.0,1.6440677966101696,6.599411987540381,59,649.0,11.0,59.0,1.0,10,137.0,41.0,4.330029282030979,6.227272727272728,6.227272727272728,22,2,47.0,0.3201750386832013,8,87.0,0.2639232300871058,0,3.0,0.7790200472684287
2768.0,8,30.0,0.5084745762711864,7.624502297542754,59,638.0,10.813559322033898,0.0,0.0,6,123.0,0.0,4.792307365379157,6.15,6.15,20,3,71.0,0.1881196620467493,3,49.0,0.3876295263221436,0,3.0,0.9137100288048148
2776.0,6,56.0,1.0566037735849056,8.795679009449929,53,622.0,11.735849056603774,0.0,0.0,4,95.0,0.0,6.063808474243304,7.3076923076923075,7.3076923076923075,13,1,41.0,0.3306095781136355,3,51.0,0.4975417666312573,0,3.0,0.5725929436063686
2784.0,12,53.0,0.9814814814814816,7.159542306345869,54,590.0,10.925925925925926,0.0,0.0,6,135.0,40.0,4.063763881131822,9.0,9.0,15,4,90.0,0.1829247995682875,2,45.0,0.3695547079817808,0,0.0,1.0
2792.0,21,178.0,3.016949152542373,6.308840824253262,59,701.0,11.88135593220339,111.0,1.88135593220339,12,233.0,98.0,4.562695006929468,8.62962962962963,8.62962962962963,27,4,122.0,0.0,8,111.0,0.3994575187609612,0,0.0,0.6271092122161941
2800.0,12,134.0,2.2333333333333334,7.170413649891586,60,760.0,12.666666666666666,59.0,0.9833333333333332,7,237.0,4.0,5.306118400709809,9.48,9.48,25,2,116.0,0.381920898499433,5,121.0,0.3407334019286201,0,0.0,0.9118403264298648
2808.0,21,243.0,4.339285714285714,6.031629556992988,56,754.0,13.464285714285714,0.0,0.0,18,319.0,82.0,2.78111888096891,11.814814814814817,11.814814814814817,27,2,122.0,0.408793250865298,14,190.0,0.0578313263950089,2,7.0,0.5996123230477756
2816.0,18,158.0,2.981132075471698,5.33310062543402,53,808.0,15.245283018867925,54.0,1.018867924528302,16,278.0,0.0,2.201419710717007,9.928571428571429,9.928571428571429,28,2,59.0,0.2140867384230917,9,185.0,0.1329333312740049,5,34.0,0.2316634321936502
2824.0,17,108.0,1.894736842105263,6.042616685649074,57,862.0,15.12280701754386,54.0,0.9473684210526316,13,322.0,44.0,2.147376788259933,14.0,14.0,23,2,79.0,0.5226128173573895,5,163.0,0.0578447831931934,6,80.0,0.1070998739678721
2832.0,11,102.0,1.8214285714285716,6.574521098075462,56,873.0,15.589285714285714,11.0,0.1964285714285714,10,265.0,0.0,2.7735686783097213,14.72222222222222,14.72222222222222,18,2,43.0,0.2513217210673054,4,127.0,0.2249390346382428,4,95.0,0.2801608341377419
2840.0,11,65.0,1.1607142857142858,7.103496044375265,56,864.0,15.428571428571429,0.0,0.0,9,229.0,0.0,4.263707456316362,12.72222222222222,12.72222222222222,18,2,58.0,0.2529201038260393,4,130.0,0.4775528696167748,3,41.0,0.2401952302263951
2848.0,6,55.0,0.9649122807017544,8.35639793010282,57,827.0,14.508771929824562,0.0,0.0,3,103.0,0.0,6.754821466986359,5.421052631578948,5.421052631578948,19,1,31.0,0.2399968448573166,2,64.0,0.5489678856567277,0,8.0,0.842490579743578
2856.0,13,113.0,2.017857142857143,7.603959582671756,56,808.0,14.428571428571429,0.0,0.0,13,165.0,62.0,3.740781467026913,7.5,7.5,22,3,49.0,0.5097960026902898,10,116.0,0.1986069071277455,0,0.0,0.2846980960433525
2864.0,10,96.0,1.7777777777777777,7.797137318233654,54,624.0,11.555555555555555,0.0,0.0,10,151.0,0.0,4.631274625215568,6.565217391304348,6.565217391304348,23,6,82.0,0.1788638602545024,4,69.0,0.3223963384041367,0,0.0,0.9248685137430276
2872.0,14,147.0,2.5789473684210527,7.929240915492847,57,671.0,11.771929824561404,47.0,0.8245614035087719,13,198.0,47.0,4.701668784551757,9.0,9.0,22,3,70.0,0.2568078558934768,10,128.0,0.3544846654735902,0,0.0,1.0
2880.0,14,79.0,1.2950819672131149,7.475530084778199,61,710.0,11.63934426229508,39.0,0.639344262295082,13,138.0,0.0,3.4668816843412653,6.2727272727272725,6.2727272727272725,22,1,3.0,0.2838610562791656,12,128.0,0.1472401746226043,0,7.0,0.7349310728305616
2888.0,7,30.0,0.4838709677419355,8.267833323371402,62,707.0,11.403225806451612,0.0,0.0,5,97.0,0.0,4.782699978539301,5.105263157894737,5.105263157894737,19,3,18.0,0.2292690658575561,2,79.0,0.3658507568334736,0,0.0,0.9349446504235944
2896.0,15,99.0,1.8333333333333333,7.362626476623381,54,544.0,10.074074074074074,0.0,0.0,11,132.0,35.0,2.2568750226213874,7.333333333333333,7.333333333333333,18,3,26.0,0.254668955509488,7,102.0,0.0715393631292723,1,4.0,0.4892334844342171
2904.0,12,125.0,2.314814814814815,8.15406906414062,54,539.0,9.98148148148148,0.0,0.0,9,133.0,1.0,6.019067773209138,7.388888888888889,7.388888888888889,18,2,28.0,0.4161413089246062,6,93.0,0.3808947506971945,1,12.0,0.5748825172857623
2912.0,10,23.0,0.4107142857142857,7.284638471276954,56,453.0,8.089285714285714,0.0,0.0,6,66.0,0.0,5.140919858629628,3.6666666666666665,3.6666666666666665,18,2,15.0,0.6431610368163224,2,46.0,0.1528123385211509,2,5.0,0.0057588933583746
2920.0,9,53.0,0.8983050847457628,8.47588877260272,59,472.0,8.0,19.0,0.3220338983050847,7,65.0,0.0,6.8742582979510685,3.095238095238096,3.095238095238096,21,5,22.0,0.2222117080220976,2,41.0,0.4144066480648575,0,2.0,0.9569824079586478
2928.0,9,34.0,0.5483870967741935,7.763526671564588,62,444.0,7.161290322580645,0.0,0.0,6,59.0,0.0,5.2166557263413615,2.6818181818181817,2.6818181818181817,22,3,28.0,0.2378621886754157,1,14.0,0.6819800210053076,2,17.0,0.4026264676115994
2936.0,8,48.0,0.8,8.354134816181338,60,447.0,7.45,3.0,0.05,5,51.0,0.0,5.331986922990113,2.833333333333333,2.833333333333333,18,4,26.0,0.1875409041496918,1,25.0,0.5450810157536135,0,0.0,0.8067533664011922
2944.0,11,54.0,0.8852459016393442,8.456578739590343,61,472.0,7.737704918032787,25.0,0.4098360655737705,8,88.0,37.0,5.064201683466796,4.631578947368421,4.631578947368421,19,4,54.0,0.2920438053869313,3,34.0,0.508428459596358,1,0.0,0.2934885470785818
2952.0,13,107.0,1.7258064516129032,7.164299663035502,62,467.0,7.532258064516129,0.0,0.0,12,166.0,78.0,3.633295034053462,5.928571428571429,5.928571428571429,28,6,89.0,0.1585646878569051,4,64.0,0.2578133821458839,2,13.0,0.4889147763924024
2960.0,13,71.0,1.1833333333333331,7.517466153760647,60,483.0,8.05,16.0,0.2666666666666666,11,116.0,0.0,4.330042018665574,4.833333333333333,4.833333333333333,24,7,60.0,0.1187541876766024,3,54.0,0.3954006108977518,1,2.0,0.458174461773418
2968.0,14,108.0,1.7704918032786885,6.957826718280178,61,513.0,8.40983606557377,30.0,0.4918032786885246,13,138.0,22.0,2.910676813057878,5.307692307692308,5.307692307692308,26,3,44.0,0.2907052833146731,10,94.0,0.1461720051521847,0,0.0,0.8439018801987735
2976.0,12,160.0,2.5806451612903225,6.814646955300819,62,599.0,9.661290322580646,86.0,1.3870967741935485,10,177.0,39.0,2.689496127810643,9.31578947368421,9.31578947368421,19,6,77.0,0.098554476302674,4,100.0,0.2668329060681567,0,0.0,0.8913978134116083
2984.0,14,48.0,0.7619047619047619,7.123667346586063,63,610.0,9.682539682539682,11.0,0.1746031746031746,9,105.0,0.0,4.1776220535303485,4.375,4.375,24,4,43.0,0.1726163841845581,5,62.0,0.3781571168398586,0,0.0,0.3683591518798216
2992.0,8,35.0,0.5645161290322581,7.255252134652231,62,626.0,10.096774193548388,16.0,0.2580645161290322,8,110.0,5.0,5.033544967250985,4.583333333333333,4.583333333333333,24,3,40.0,0.4038865195029967,4,60.0,0.3234268487525448,1,10.0,0.6030288674830424
3000.0,15,112.0,1.696969696969697,8.187880937871336,66,664.0,10.06060606060606,38.0,0.5757575757575758,11,137.0,27.0,3.4625015843491607,8.5625,8.5625,16,5,67.0,1.9633554946932624e-06,5,56.0,0.4129194845517963,1,14.0,0.4772301929960011
3008.0,16,56.0,0.8115942028985508,6.135757300986204,69,592.0,8.579710144927537,0.0,0.0,4,47.0,0.0,5.585155312436394,2.611111111111111,2.611111111111111,18,0,17.0,0.6149902776742321,3,28.0,0.3553562941491903,1,2.0,0.5071022557037931
3016.0,20,131.0,1.8985507246376807,6.952745127523376,69,663.0,9.608695652173912,71.0,1.0289855072463767,12,89.0,42.0,4.672888263023689,3.56,3.56,25,2,6.0,0.4936015364507499,9,73.0,0.167793905635354,1,10.0,0.6564090537516077
3024.0,23,235.0,3.4558823529411766,6.275282003747876,68,757.0,11.132352941176473,94.0,1.3823529411764706,18,226.0,137.0,2.5193080819292386,8.37037037037037,8.37037037037037,27,1,13.0,0.4505723812121221,13,182.0,0.0910313445006938,4,31.0,0.3521588786110285
3032.0,13,132.0,2.0307692307692307,7.372339155452752,65,784.0,12.06153846153846,27.0,0.4153846153846154,8,209.0,0.0,4.5942416662861945,10.45,10.45,20,2,63.0,0.4373760853814879,4,136.0,0.2306315101206608,2,10.0,0.3987899801106476
3040.0,13,71.0,1.0597014925373134,7.8184082877283165,67,775.0,11.567164179104475,0.0,0.0,8,158.0,0.0,3.427814679706284,9.294117647058824,9.294117647058824,17,3,29.0,0.3178665958798605,5,122.0,0.1169444216466589,0,7.0,0.4689541869450248
3048.0,7,30.0,0.46875,7.996028359645658,64,698.0,10.90625,0.0,0.0,3,126.0,0.0,6.811478289135333,8.4,8.4,15,2,40.0,0.410493113147404,1,79.0,0.4330805377446453,0,7.0,0.9402089106111072
3056.0,12,72.0,1.0746268656716418,7.252101967662711,67,672.0,10.029850746268655,0.0,0.0,6,80.0,0.0,3.6530571981769935,6.153846153846154,6.153846153846154,13,3,16.0,0.3993259266799505,3,61.0,0.0122395311657954,0,3.0,0.9427742703960608
3064.0,20,167.0,2.352112676056338,6.779123165678565,71,687.0,9.67605633802817,15.0,0.2112676056338028,8,114.0,34.0,4.902170553091562,6.0,6.0,19,3,37.0,0.1902417356072826,5,74.0,0.3805716746164258,0,3.0,0.6772697749252486
3072.0,20,218.0,3.303030303030303,6.273405633682145,66,673.0,10.196969696969695,0.0,0.0,14,229.0,115.0,4.3229676701510265,8.481481481481481,8.481481481481481,27,4,65.0,0.2724396068640582,9,156.0,0.268977243163048,1,8.0,0.6087052569684853
3080.0,20,81.0,1.1095890410958904,5.8322078719364425,73,756.0,10.356164383561644,83.0,1.1369863013698631,7,147.0,0.0,4.675224981129591,4.9,4.9,30,0,34.0,0.589839368619669,3,85.0,0.3482657579442834,4,28.0,0.3033095308542715
3088.0,27,195.0,2.708333333333333,5.842179805601344,72,861.0,11.958333333333334,105.0,1.4583333333333333,17,233.0,86.0,3.0394516687056563,8.03448275862069,8.03448275862069,29,2,46.0,0.3929107582259316,9,120.0,0.3034232262837366,6,67.0,0.0003053328270384
3096.0,23,269.0,3.635135135135135,6.064273097423302,74,980.0,13.243243243243244,119.0,1.608108108108108,6,166.0,0.0,3.9469106326974335,7.904761904761905,7.904761904761905,21,3,68.0,0.370524362446032,3,95.0,0.2446988264844484,0,3.0,0.9501476921540484
3104.0,18,271.0,3.6621621621621614,6.712234961088859,74,999.0,13.5,19.0,0.2567567567567567,8,177.0,11.0,3.7695689099798857,8.85,8.85,20,3,100.0,0.2267693610599467,5,74.0,0.2451278606811818,0,3.0,0.9216707808859024
3112.0,27,428.0,5.35,6.40263738478148,80,1154.0,14.425,155.0,1.9375,11,247.0,70.0,2.600933657205132,11.761904761904765,11.761904761904765,21,3,113.0,0.24798798456162,8,131.0,0.0806513045810409,0,3.0,0.7990530243945986
3120.0,36,648.0,8.526315789473685,4.954602713311799,76,1150.0,15.13157894736842,0.0,0.0,19,371.0,124.0,2.804753058214115,12.79310344827586,12.79310344827586,29,4,137.0,0.386394433477072,14,217.0,0.0387864043133925,1,17.0,0.6095350522477027
3128.0,33,657.0,8.423076923076923,5.198379074256721,78,1392.0,17.846153846153847,242.0,3.102564102564102,21,474.0,103.0,3.899267955528032,13.166666666666666,13.166666666666666,36,3,109.0,0.482534004209895,15,334.0,0.1971228370134708,3,31.0,0.3067406854270529
3136.0,19,365.0,4.620253164556962,5.783480058284929,79,1512.0,19.139240506329116,120.0,1.518987341772152,8,483.0,9.0,3.926274788369663,15.09375,15.09375,32,5,186.0,0.1920285210312397,1,258.0,0.3031384865159367,2,39.0,0.4816343541776441
3144.0,21,483.0,6.527027027027027,7.147497952115543,74,1578.0,21.324324324324323,66.0,0.8918918918918919,11,248.0,0.0,2.2553351763929554,16.533333333333335,16.533333333333335,15,5,172.0,0.1909745089373643,4,24.0,0.1822749250754764,2,52.0,0.1967831550747648
3152.0,9,127.0,1.6933333333333334,7.602537967057672,75,1590.0,21.2,12.0,0.16,8,155.0,0.0,4.182582000209052,11.071428571428571,11.071428571428571,14,1,28.0,0.4704661544241664,4,53.0,0.3716840965618213,3,74.0,0.0
3160.0,8,166.0,2.4411764705882355,8.97990599294468,68,1460.0,21.47058823529412,0.0,0.0,8,357.0,202.0,7.000562440513247,17.85,17.85,20,2,187.0,0.4340757612919574,3,68.0,0.3683683253904029,3,102.0,0.6267192757675031
3168.0,16,153.0,2.25,6.583186104992872,68,1404.0,20.647058823529413,0.0,0.0,9,217.0,0.0,4.491675411996438,9.041666666666666,9.041666666666666,24,2,27.0,0.3516678580856324,2,62.0,0.4023811006426731,5,128.0,0.2797248118436661
3176.0,21,223.0,3.140845070422535,6.082351636020515,71,1269.0,17.87323943661972,0.0,0.0,12,292.0,75.0,4.366684440590919,12.166666666666666,12.166666666666666,24,2,53.0,0.5013059615694813,6,90.0,0.3101500973057008,4,149.0,0.2035182754268894
3184.0,19,141.0,2.0434782608695654,6.409859155470331,69,1129.0,16.36231884057971,0.0,0.0,10,176.0,0.0,4.022932637030212,8.380952380952381,8.380952380952381,21,4,72.0,0.0514360567560622,6,69.0,0.3615308444177697,0,35.0,0.5895281156351233
3192.0,24,284.0,4.0,6.189690346932454,71,1302.0,18.338028169014084,173.0,2.436619718309859,15,354.0,178.0,2.6170413883808834,14.16,14.16,25,3,102.0,0.2493903359790629,11,213.0,0.1470900549684158,1,39.0,0.5658469982172797
3200.0,34,495.0,6.971830985915493,4.970571034159607,71,1383.0,19.47887323943662,81.0,1.1408450704225352,20,437.0,83.0,2.1374370716145346,15.607142857142858,15.607142857142858,28,3,106.0,0.0,17,331.0,0.1731160635657895,0,0.0,0.3207297631491123
3208.0,17,273.0,4.074626865671642,5.774658450348331,67,1445.0,21.56716417910448,62.0,0.9253731343283582,7,337.0,0.0,4.299504569432745,13.48,13.48,25,0,48.0,0.3138771009388772,6,274.0,0.2583266356812636,1,15.0,0.6590163862307392
3216.0,15,149.0,2.0135135135135136,7.598128168138963,74,1486.0,20.08108108108108,41.0,0.5540540540540541,11,175.0,0.0,3.359769944101481,9.72222222222222,9.72222222222222,18,0,26.0,0.3920815459164683,7,123.0,0.2373737626217741,4,26.0,0.2720246380794674
3224.0,11,55.0,0.7333333333333333,7.827342799350161,75,1411.0,18.813333333333333,0.0,0.0,4,123.0,0.0,6.9516553190657975,6.833333333333333,6.833333333333333,18,2,61.0,0.4169216412288626,2,55.0,0.4790878739473869,0,7.0,0.7855090559210917
3232.0,16,103.0,1.3376623376623376,7.668911609971617,77,1425.0,18.506493506493506,14.0,0.1818181818181818,5,139.0,16.0,7.366997942941595,6.95,6.95,20,1,59.0,0.574368481378092,3,75.0,0.5093680894200262,1,5.0,0.6268314151127446
3240.0,22,160.0,2.0253164556962027,7.54499864340459,79,1437.0,18.18987341772152,12.0,0.1518987341772152,10,152.0,13.0,3.29059256817595,8.941176470588236,8.941176470588236,17,3,106.0,0.309020507406251,4,24.0,0.0156183233569816,3,22.0,0.3782826755114024
3248.0,9,113.0,1.5066666666666666,8.19541239066392,75,1432.0,19.093333333333334,0.0,0.0,2,103.0,0.0,7.68915216617683,6.4375,6.4375,16,1,37.0,0.4321953150232986,0,51.0,0.7197837641053493,1,15.0,0.6000289094422079
3256.0,13,116.0,1.6338028169014085,7.639816674551687,71,1305.0,18.380281690140844,0.0,0.0,8,244.0,141.0,5.137017527469695,11.090909090909092,11.090909090909092,22,4,107.0,0.2968961142194599,3,96.0,0.3144147984755331,1,41.0,0.5939535044903141
3264.0,13,89.0,1.328358208955224,6.6483021345813285,67,1211.0,18.074626865671643,0.0,0.0,7,167.0,0.0,4.25198707131971,8.789473684210526,8.789473684210526,19,5,81.0,0.2820388102888064,1,80.0,0.3364626413470548,1,6.0,0.3401600436645344
3272.0,14,131.0,1.955223880597015,7.6088064813050975,67,1204.0,17.970149253731343,0.0,0.0,11,159.0,0.0,3.439129740111802,8.368421052631579,8.368421052631579,19,7,132.0,0.1541111579733609,1,7.0,0.5794095056578858,3,20.0,0.0015465712249091
3280.0,17,196.0,2.925373134328358,7.173957297768567,67,1178.0,17.582089552238806,0.0,0.0,14,278.0,119.0,3.6625652413978336,11.583333333333334,11.583333333333334,24,6,207.0,0.1876133883908409,5,24.0,0.2515750928564403,3,47.0,0.44921806336079
3288.0,23,239.0,3.463768115942029,5.555948067028686,69,1057.0,15.318840579710145,0.0,0.0,17,350.0,72.0,3.215631433744877,9.72222222222222,9.72222222222222,36,5,174.0,0.2205535445305805,6,100.0,0.2963016241980367,6,76.0,0.2497501285006529
3296.0,25,330.0,4.583333333333333,6.007299038815614,72,1188.0,16.5,131.0,1.8194444444444444,19,422.0,72.0,2.904994858880689,13.612903225806452,13.612903225806452,31,6,175.0,0.1684297914299115,4,124.0,0.408238545685417,9,123.0,0.1265684978755319
3304.0,19,260.0,3.661971830985916,6.713726728867938,71,1283.0,18.070422535211268,95.0,1.3380281690140845,13,375.0,0.0,3.230033675356523,17.045454545454547,17.045454545454547,22,9,238.0,0.1359205864175162,4,120.0,0.2256355629247204,0,17.0,0.5490701536726351
3312.0,19,102.0,1.3076923076923077,6.926810513109028,78,1316.0,16.871794871794872,33.0,0.4230769230769231,12,232.0,0.0,4.137220295748479,8.592592592592593,8.592592592592593,27,4,134.0,0.3879477997296233,3,61.0,0.1198931551785758,5,37.0,0.3057830194951476
3320.0,17,112.0,1.5342465753424657,6.761366381048728,73,1077.0,14.753424657534246,0.0,0.0,9,197.0,0.0,3.282214039360104,9.85,9.85,20,4,102.0,0.1737266237754151,5,95.0,0.2528484136446154,0,0.0,0.5960683149178615
3328.0,20,186.0,2.583333333333333,6.303182294090238,72,996.0,13.833333333333334,0.0,0.0,11,261.0,64.0,4.131065153400855,10.875,10.875,24,2,104.0,0.4461420694362403,8,156.0,0.2244037927637786,1,1.0,0.4698842634435595
3336.0,35,392.0,4.962025316455696,5.865713909732149,79,1115.0,14.113924050632912,119.0,1.5063291139240509,18,370.0,109.0,3.9341841713173697,12.333333333333334,12.333333333333334,30,4,120.0,0.403357913143647,14,250.0,0.2335889939538276,0,0.0,0.6140167206839964
3344.0,16,190.0,2.183908045977012,6.501567601668277,87,1299.0,14.93103448275862,184.0,2.1149425287356323,7,129.0,0.0,3.753385592612428,4.448275862068965,4.448275862068965,29,3,22.0,0.301387807513572,2,99.0,0.3348670140262562,2,8.0,0.3760051073809448
3352.0,17,81.0,0.9204545454545454,7.914867920753202,88,1326.0,15.068181818181818,27.0,0.3068181818181818,10,143.0,14.0,4.157765470596475,6.809523809523809,6.809523809523809,21,3,64.0,0.3297305203533934,4,54.0,0.3491546958413972,3,25.0,0.3693738656435334
3360.0,24,184.0,2.0,7.5497362382416275,92,1379.0,14.98913043478261,53.0,0.5760869565217391,12,219.0,76.0,4.828268443897154,8.423076923076923,8.423076923076923,26,6,104.0,0.194035854534102,3,63.0,0.5362876666713161,3,52.0,0.3724186472843296
3368.0,18,158.0,1.7752808988764044,6.80814787884418,89,1388.0,15.595505617977528,9.0,0.1011235955056179,10,223.0,4.0,5.378063881587799,6.96875,6.96875,32,3,61.0,0.3342944809277985,7,133.0,0.3931195000816139,0,29.0,0.6539436133638042
3376.0,20,128.0,1.4545454545454546,6.696139740064351,88,1409.0,16.011363636363637,21.0,0.2386363636363636,10,124.0,0.0,3.990023345966103,4.0,4.0,31,6,49.0,0.2366703563094321,2,44.0,0.2872938434826266,2,31.0,0.4164062561347261
3384.0,27,321.0,3.776470588235294,6.810150981539513,85,1418.0,16.68235294117647,9.0,0.1058823529411764,16,238.0,114.0,3.005750306167867,8.206896551724139,8.206896551724139,29,10,147.0,0.1722006176366125,3,36.0,0.2757340707287797,3,55.0,0.4051036840932471
3392.0,25,355.0,4.329268292682927,5.961238389606193,82,1503.0,18.32926829268293,85.0,1.0365853658536586,15,298.0,60.0,3.688016107649591,10.642857142857142,10.642857142857142,28,8,167.0,0.0694698661143478,3,41.0,0.498705962262392,4,90.0,0.3182138141951739
3400.0,25,497.0,5.847058823529411,6.041134798490811,85,1652.0,19.435294117647057,149.0,1.7529411764705882,15,387.0,89.0,2.50488041281708,15.48,15.48,25,10,204.0,0.0295962728801963,1,68.0,0.3882988368268464,4,115.0,0.3387743820900404
3408.0,18,276.0,3.45,6.959219694006525,80,1639.0,20.4875,0.0,0.0,12,417.0,30.0,3.8644756304218064,17.375,17.375,24,4,185.0,0.267152513417202,4,78.0,0.2745677728892182,4,154.0,0.4157524124935529
3416.0,13,92.0,1.1358024691358024,7.064115023078637,81,1517.0,18.7283950617284,0.0,0.0,5,203.0,0.0,5.486213537058302,9.227272727272728,9.227272727272728,22,2,103.0,0.2266357114930808,3,27.0,0.4406758507562188,0,73.0,0.5554338680033165
3424.0,23,193.0,2.608108108108108,6.347956033360816,74,1327.0,17.93243243243243,0.0,0.0,12,188.0,0.0,2.560984975195808,8.952380952380953,8.952380952380953,21,6,101.0,0.120101932216006,3,75.0,0.3236356351325956,3,12.0,0.0996901362282368
3432.0,14,196.0,2.5454545454545454,7.562188723979134,77,1321.0,17.155844155844157,0.0,0.0,2,47.0,0.0,6.500876009199192,4.2727272727272725,4.2727272727272725,11,2,41.0,0.2235445040450033,0,3.0,0.6092909727759864,0,3.0,0.9193178906286976
3440.0,14,276.0,3.68,8.430951456433776,75,1269.0,16.92,0.0,0.0,3,57.0,10.0,7.247168829690031,5.181818181818182,5.181818181818182,11,2,39.0,0.3228817365428932,0,18.0,0.8702778660360373,1,0.0,0.4126448642603437
3448.0,19,352.0,4.957746478873239,6.685827508254944,71,1265.0,17.816901408450704,0.0,0.0,6,47.0,0.0,4.91831041062139,2.473684210526316,2.473684210526316,19,4,30.0,0.2058496981177571,2,14.0,0.286245490464333,0,3.0,0.7698299452220211
3456.0,15,284.0,4.176470588235294,6.559052588665848,68,1112.0,16.352941176470587,0.0,0.0,3,49.0,2.0,5.608981528506098,3.769230769230769,3.769230769230769,13,1,4.0,0.2349161158474812,1,38.0,0.4713000822565479,1,7.0,0.5087987560158107
3464.0,14,56.0,0.8615384615384616,7.325623259170058,65,1013.0,15.584615384615384,0.0,0.0,12,183.0,134.0,3.5328029489517108,9.15,9.15,20,3,113.0,0.4044217879439803,8,68.0,0.1781940300978886,1,2.0,0.3175400257880535
3472.0,12,78.0,1.2,7.120172095028567,65,983.0,15.123076923076924,0.0,0.0,4,106.0,0.0,6.842672513113451,6.625,6.625,16,2,19.0,0.0003346002298154,2,84.0,0.5360834697497544,0,3.0,0.6438448002742642
3480.0,17,119.0,1.7246376811594204,7.229736095815769,69,1007.0,14.594202898550725,24.0,0.3478260869565217,7,111.0,5.0,5.535888393431843,5.285714285714286,5.285714285714286,21,0,5.0,0.8097832897351118,7,106.0,0.3525804498054123,0,0.0,0.3839752805539704
3488.0,28,294.0,4.388059701492537,5.96282594330532,67,982.0,14.656716417910449,0.0,0.0,16,207.0,96.0,2.1514971020759948,8.625,8.625,24,2,9.0,0.0776210824139445,14,195.0,0.0641168527322479,0,3.0,0.7057243318459381
3496.0,14,90.0,1.1842105263157894,6.29153872379627,76,1070.0,14.078947368421051,88.0,1.1578947368421053,10,133.0,0.0,3.996462217663829,4.586206896551724,4.586206896551724,29,4,45.0,0.2649185226421732,2,75.0,0.4253535948540584,4,13.0,0.2652614116746541
3504.0,20,118.0,1.4936708860759491,7.191981254693888,79,1101.0,13.936708860759492,31.0,0.3924050632911392,19,341.0,208.0,3.970440823351805,9.216216216216216,9.216216216216216,37,6,132.0,0.3109359965028128,12,207.0,0.2368219663666844,1,2.0,0.676508480967113
3512.0,36,320.0,3.902439024390244,6.278072779448809,82,1243.0,15.158536585365852,142.0,1.7317073170731707,30,758.0,417.0,2.7909683839312223,18.047619047619047,18.047619047619047,42,13,336.0,0.1524780979485138,16,405.0,0.1716279381731392,1,17.0,0.7235603457768648
3520.0,24,303.0,3.6506024096385534,5.552240227311102,83,1393.0,16.783132530120483,150.0,1.8072289156626504,22,719.0,0.0,1.044885091179372,20.542857142857144,20.542857142857144,35,2,164.0,0.1351693056282525,17,536.0,0.0018193453466404,3,19.0,0.2139915347859134
3528.0,34,509.0,6.132530120481928,5.185021195253661,83,1484.0,17.879518072289155,91.0,1.0963855421686748,24,758.0,39.0,2.1186065991937983,21.65714285714286,21.65714285714286,35,3,32.0,0.2394692470854516,19,691.0,0.0546468858944156,2,35.0,0.5987948702357831
3536.0,36,661.0,7.776470588235294,4.841922733519072,85,1662.0,19.55294117647059,178.0,2.094117647058824,27,896.0,138.0,1.5271159223234068,24.216216216216218,24.216216216216218,37,4,31.0,0.271428576915858,22,861.0,0.0377111044652501,1,4.0,0.5492373000168287
3544.0,17,179.0,2.1058823529411765,6.059667939541997,85,1781.0,20.95294117647059,119.0,1.4,10,718.0,0.0,3.206441017166424,23.161290322580644,23.161290322580644,31,3,54.0,0.3272349865755604,4,645.0,0.2138028590020114,3,19.0,0.2841540645978194
3552.0,20,239.0,2.715909090909091,7.841363279488117,88,1827.0,20.76136363636364,46.0,0.5227272727272727,9,323.0,0.0,4.879514199702254,14.043478260869565,14.043478260869565,23,4,82.0,0.2183366390591836,3,229.0,0.4712931259587369,2,12.0,0.3224951318379495
3560.0,27,358.0,4.211764705882353,5.938965036082434,85,1791.0,21.07058823529412,0.0,0.0,16,482.0,159.0,2.2614016654917064,14.606060606060606,14.606060606060606,33,7,140.0,0.1454438327585746,7,314.0,0.1705954248336958,2,28.0,0.2188807535904125
3568.0,40,595.0,6.761363636363637,4.874446691837466,88,2016.0,22.90909090909091,225.0,2.5568181818181817,30,698.0,216.0,2.143640643903105,17.897435897435898,17.897435897435898,39,10,207.0,0.1784035391254157,18,447.0,0.0494657814491452,2,44.0,0.5570965631098315
3576.0,16,355.0,3.901098901098901,6.022458619534029,91,1870.0,20.54945054945055,0.0,0.0,9,420.0,0.0,4.124914534754909,10.5,10.5,40,4,106.0,0.298714354577867,2,235.0,0.2486069256250705,3,79.0,0.4326415247570878
3584.0,31,434.0,4.822222222222222,5.980402159529112,90,1691.0,18.788888888888888,0.0,0.0,21,518.0,98.0,2.4402563366230026,13.282051282051285,13.282051282051285,39,7,100.0,0.1493979839951351,12,342.0,0.1368727200061845,2,76.0,0.4728578926626914
3592.0,38,670.0,7.127659574468085,5.409931066451421,94,1875.0,19.9468085106383,184.0,1.9574468085106385,26,688.0,170.0,2.1882583635100743,15.636363636363637,15.636363636363637,44,7,142.0,0.1228698039685796,16,448.0,0.1232241394345699,3,98.0,0.4260639822061793
3600.0,33,665.0,6.855670103092783,5.422533258769136,97,2052.0,21.15463917525773,177.0,1.824742268041237,14,531.0,0.0,2.643870350917392,14.75,14.75,36,7,90.0,0.1515907934952645,4,326.0,0.2738235148916907,3,115.0,0.2495137680032076
