step,system_total_stopped,system_total_waiting_time,system_mean_waiting_time,system_mean_speed,system_cars_present,system_accumulated_waiting_time (100),system_accumulated_mean_waiting_time (100),system_accumulated_waiting_time (delta),system_accumulated_mean_waiting_time (delta),agents_total_stopped,agents_total_accumulated_waiting_time (100),agents_total_accumulated_waiting_time (delta),agents_mean_speed,agents_mean_waiting_time (100),agents_mean_waiting_time (delta),agents_cars_present,Ing1_1_stopped,Ing1_1_accumulated_waiting_time,Ing1_1_average_speed
16.0,0.0,0.0,0.0,7.128409875078238,6.0,0.0,0.0,0.0,0.0,0.0,0.0,0.0,7.6707404120220914,0.0,0.0,3.0,0.0,0.0,0.5722177873816613
24.0,2.0,4.0,0.4,8.156301841799662,10.0,4.0,0.4,4.0,0.4,1.0,4.0,4.0,7.675411150273685,1.0,1.0,4.0,1.0,4.0,0.5365846103495135
32.0,1.0,12.0,0.8571428571428571,9.421799458704418,14.0,12.0,0.8571428571428571,8.0,0.5714285714285714,1.0,12.0,8.0,7.130682965914062,2.4,2.4,5.0,1.0,12.0,0.4955565264207612
40.0,0.0,0.0,0.0,9.738433779020676,16.0,15.0,0.9375,3.0,0.1875,0.0,0.0,0.0,8.103589527629312,0.0,0.0,8.0,0.0,0.0,0.5789350055088538
48.0,0.0,0.0,0.0,9.875096762687589,18.0,15.0,0.8333333333333334,0.0,0.0,0.0,0.0,0.0,9.016889348489372,0.0,0.0,8.0,0.0,0.0,0.6026794892773986
56.0,2.0,11.0,0.6111111111111112,9.837226157617676,18.0,11.0,0.6111111111111112,0.0,0.0,0.0,0.0,0.0,8.673351539324702,0.0,0.0,8.0,0.0,0.0,0.6238777793996532
64.0,0.0,0.0,0.0,8.729007687100788,17.0,27.0,1.588235294117647,16.0,0.9411764705882352,0.0,1.0,1.0,7.084135493497572,0.125,0.125,8.0,0.0,1.0,0.5578287082647834
72.0,3.0,8.0,0.4,6.757620831119448,20.0,23.0,1.15,0.0,0.0,3.0,9.0,8.0,5.150483639267768,0.6,0.6,15.0,3.0,9.0,0.3904268043047599
80.0,3.0,2.0,0.0833333333333333,6.484240894679477,24.0,36.0,1.5,13.0,0.5416666666666666,3.0,17.0,8.0,4.8091570379025095,1.2142857142857142,1.2142857142857142,14.0,3.0,17.0,0.3619634941211234
88.0,3.0,3.0,0.1071428571428571,7.174344513277909,28.0,40.0,1.4285714285714286,4.0,0.1428571428571428,3.0,10.0,0.0,3.764994079719368,0.625,0.625,16.0,3.0,10.0,0.2804560568118713
96.0,7.0,35.0,1.5909090909090908,3.107591815058461,22.0,55.0,2.5,15.0,0.6818181818181818,7.0,44.0,34.0,1.7581291637471703,2.3157894736842106,2.3157894736842106,19.0,7.0,44.0,0.1217882356321599
104.0,5.0,13.0,0.52,3.761623874928804,25.0,98.0,3.92,43.0,1.72,5.0,37.0,0.0,2.4715172858318435,2.055555555555556,2.055555555555556,18.0,5.0,37.0,0.1876930087648987
112.0,4.0,6.0,0.2142857142857142,5.187265952311397,28.0,128.0,4.571428571428571,30.0,1.0714285714285714,4.0,52.0,15.0,2.282867997450877,2.736842105263158,2.736842105263158,19.0,4.0,52.0,0.1641805133339181
120.0,2.0,11.0,0.4230769230769231,5.161720761043416,26.0,87.0,3.3461538461538463,0.0,0.0,2.0,64.0,12.0,3.887017077335956,3.0476190476190474,3.0476190476190474,21.0,2.0,64.0,0.2841040258545706
128.0,3.0,22.0,0.8461538461538461,5.223144547233672,26.0,91.0,3.5,4.0,0.1538461538461538,3.0,56.0,0.0,2.692166317412033,3.294117647058824,3.294117647058824,17.0,3.0,56.0,0.1905820949960938
136.0,4.0,47.0,2.0434782608695654,5.430817842091606,23.0,92.0,4.0,1.0,0.0434782608695652,4.0,75.0,19.0,3.759100891159561,4.6875,4.6875,16.0,4.0,75.0,0.2693127040151829
144.0,7.0,85.0,3.269230769230769,5.888411639814992,26.0,118.0,4.538461538461538,26.0,1.0,6.0,97.0,22.0,4.323081318933475,6.0625,6.0625,16.0,6.0,97.0,0.3306018821831423
152.0,3.0,24.0,0.9230769230769232,6.939150537187639,26.0,144.0,5.538461538461538,26.0,1.0,1.0,25.0,0.0,6.470123955920499,2.272727272727273,2.272727272727273,11.0,1.0,25.0,0.4664083020165049
160.0,5.0,41.0,1.5769230769230769,7.135954906084507,26.0,172.0,6.615384615384615,28.0,1.0769230769230769,3.0,36.0,11.0,4.072967566980202,3.0,3.0,12.0,3.0,36.0,0.3068036849591587
168.0,4.0,61.0,3.05,5.702107449462749,20.0,90.0,4.5,0.0,0.0,3.0,42.0,6.0,3.7538915087419142,3.230769230769231,3.230769230769231,13.0,3.0,42.0,0.2705814379744163
176.0,3.0,71.0,4.176470588235294,6.414426903055812,17.0,95.0,5.588235294117647,5.0,0.2941176470588235,1.0,40.0,0.0,4.953433239437133,6.666666666666667,6.666666666666667,6.0,1.0,40.0,0.3514605548016401
184.0,2.0,86.0,6.615384615384615,7.782708233718709,13.0,102.0,7.846153846153846,7.0,0.5384615384615384,1.0,46.0,6.0,1.8738806385582292,11.5,11.5,4.0,1.0,46.0,0.1356611098231536
192.0,3.0,10.0,1.25,6.978026634396592,8.0,103.0,12.875,1.0,0.125,3.0,10.0,0.0,2.580504491252352,2.5,2.5,4.0,3.0,10.0,0.1639398941128187
200.0,1.0,5.0,0.7142857142857143,7.58221892153238,7.0,120.0,17.142857142857142,17.0,2.4285714285714284,1.0,11.0,1.0,4.15282995279875,3.6666666666666665,3.6666666666666665,3.0,1.0,11.0,0.3610432491410344
208.0,1.0,0.0,0.0,9.246290896980843,5.0,21.0,4.2,0.0,0.0,1.0,0.0,0.0,4.729425224465392,0.0,0.0,2.0,1.0,0.0,0.4508007123102715
216.0,1.0,1.0,0.1428571428571428,7.480244876264257,7.0,9.0,1.2857142857142858,0.0,0.0,0.0,0.0,0.0,8.98217345503218,0.0,0.0,2.0,0.0,0.0,0.669160731527803
224.0,1.0,2.0,0.2222222222222222,6.662021139660332,9.0,4.0,0.4444444444444444,0.0,0.0,1.0,2.0,2.0,4.430030778160992,0.4,0.4,5.0,1.0,2.0,0.342691427645197
232.0,1.0,1.0,0.1,9.297573466672864,10.0,7.0,0.7,3.0,0.3,0.0,0.0,0.0,8.80041519268611,0.0,0.0,4.0,0.0,0.0,0.653117574426126
240.0,1.0,4.0,0.3076923076923077,8.374486188594007,13.0,11.0,0.8461538461538461,4.0,0.3076923076923077,1.0,4.0,4.0,5.486623385677182,0.5714285714285714,0.5714285714285714,7.0,1.0,4.0,0.3808296211778699
248.0,1.0,0.0,0.0,7.759168540823846,9.0,13.0,1.4444444444444444,2.0,0.2222222222222222,1.0,0.0,0.0,7.0966997716908935,0.0,0.0,4.0,1.0,0.0,0.5027701745266198
256.0,2.0,11.0,1.0,9.6251532542341,11.0,24.0,2.1818181818181817,11.0,1.0,0.0,0.0,0.0,7.4470828006160446,0.0,0.0,2.0,0.0,0.0,0.5229045939820248
264.0,1.0,1.0,0.125,7.168334524907996,8.0,19.0,2.375,0.0,0.0,0.0,0.0,0.0,6.195818454620895,0.0,0.0,2.0,0.0,0.0,0.4535135872177663
272.0,0.0,0.0,0.0,11.210442440757296,9.0,10.0,1.1111111111111112,0.0,0.0,0.0,0.0,0.0,12.585801202416912,0.0,0.0,4.0,0.0,0.0,0.9121457354872264
280.0,0.0,0.0,0.0,8.407438645514976,7.0,0.0,0.0,0.0,0.0,0.0,0.0,0.0,1.3628933531162697,0.0,0.0,1.0,0.0,0.0,0.0868305275219821
288.0,0.0,0.0,0.0,9.700720743569988,6.0,3.0,0.5,3.0,0.5,0.0,0.0,0.0,3.3973354928893977,0.0,0.0,1.0,0.0,0.0,0.2489245787516671
296.0,0.0,0.0,0.0,8.598793956486967,4.0,3.0,0.75,0.0,0.0,0.0,0.0,0.0,7.275978970277883,0.0,0.0,2.0,0.0,0.0,0.5286026899353549
304.0,1.0,7.0,1.1666666666666667,6.842644858045255,6.0,7.0,1.1666666666666667,4.0,0.6666666666666666,1.0,7.0,7.0,6.080984512314899,1.75,1.75,4.0,1.0,7.0,0.4109453157446446
312.0,0.0,0.0,0.0,6.925057884289654,6.0,10.0,1.6666666666666667,3.0,0.5,0.0,0.0,0.0,7.3034049058505826,0.0,0.0,4.0,0.0,0.0,0.5096471979564812
320.0,2.0,12.0,1.5,7.375302162308898,8.0,24.0,3.0,14.0,1.75,2.0,12.0,12.0,5.252921157851628,3.0,3.0,4.0,2.0,12.0,0.3524621594899923
336.0,1.0,0.0,0.0,11.255625570314454,7.0,20.0,2.857142857142857,0.0,0.0,1.0,0.0,0.0,0.0,0.0,0.0,1.0,1.0,0.0,0.0
344.0,2.0,4.0,1.0,3.944301393687161,4.0,4.0,1.0,0.0,0.0,2.0,4.0,4.0,0.5635471281701266,1.3333333333333333,1.3333333333333333,3.0,2.0,4.0,0.0442350390350988
352.0,0.0,0.0,0.0,8.188463333969628,6.0,7.0,1.1666666666666667,3.0,0.5,0.0,0.0,0.0,6.618937766129403,0.0,0.0,2.0,0.0,0.0,0.5215173212840918
360.0,1.0,0.0,0.0,8.052772849750246,6.0,7.0,1.1666666666666667,0.0,0.0,1.0,0.0,0.0,0.0,0.0,0.0,1.0,1.0,0.0,0.0
368.0,0.0,0.0,0.0,6.6588971168596265,6.0,0.0,0.0,0.0,0.0,0.0,0.0,0.0,0.9677155416086732,0.0,0.0,1.0,0.0,0.0,0.0602732724771338
376.0,1.0,7.0,0.6363636363636364,5.814690839497858,11.0,7.0,0.6363636363636364,7.0,0.6363636363636364,1.0,7.0,7.0,4.845693713967534,1.4,1.4,5.0,1.0,7.0,0.3564215753790116
384.0,4.0,6.0,0.375,5.698966485585903,16.0,16.0,1.0,9.0,0.5625,1.0,5.0,0.0,0.0001326088849194,5.0,5.0,1.0,1.0,5.0,9.0967001372294e-06
392.0,0.0,0.0,0.0,8.258319947666662,15.0,23.0,1.5333333333333334,7.0,0.4666666666666667,0.0,5.0,0.0,9.662292580861916,2.5,2.5,2.0,0.0,5.0,0.7485550668061871
400.0,1.0,0.0,0.0,7.51847816449617,12.0,13.0,1.0833333333333333,0.0,0.0,0.0,0.0,0.0,7.207108431391515,0.0,0.0,2.0,0.0,0.0,0.6554651859952554
408.0,1.0,4.0,0.3636363636363636,5.47501956644927,11.0,4.0,0.3636363636363636,0.0,0.0,1.0,4.0,4.0,4.452038229150046,2.0,2.0,2.0,1.0,4.0,0.2857680925089642
416.0,0.0,0.0,0.0,7.195907326538329,12.0,7.0,0.5833333333333334,3.0,0.25,0.0,0.0,0.0,9.266264498746024,0.0,0.0,1.0,0.0,0.0,0.5566513546278201
424.0,2.0,0.0,0.0,4.549018110268364,15.0,7.0,0.4666666666666667,0.0,0.0,1.0,0.0,0.0,3.666625562027517,0.0,0.0,3.0,1.0,0.0,0.2380072998155991
464.0,3.0,1.0,0.0769230769230769,6.101417320443354,13.0,8.0,0.6153846153846154,1.0,0.0769230769230769,1.0,0.0,0.0,6.931164026074711,0.0,0.0,4.0,1.0,0.0,0.4906869937027101
472.0,3.0,12.0,0.75,5.141154345354917,16.0,20.0,1.25,12.0,0.75,0.0,0.0,0.0,4.6227084579343725,0.0,0.0,4.0,0.0,0.0,0.3762549019505544
480.0,2.0,6.0,0.3529411764705882,7.092634130905031,17.0,31.0,1.8235294117647056,11.0,0.6470588235294118,2.0,6.0,6.0,5.947240855165674,1.5,1.5,4.0,2.0,6.0,0.4693976997421631
488.0,2.0,2.0,0.1428571428571428,6.512212613930996,14.0,24.0,1.7142857142857142,0.0,0.0,2.0,2.0,0.0,3.731348912325768,0.6666666666666666,0.6666666666666666,3.0,2.0,2.0,0.3306266179244859
496.0,1.0,5.0,0.4166666666666667,6.588851641852944,12.0,22.0,1.8333333333333333,0.0,0.0,1.0,5.0,3.0,3.7470143363490576,1.6666666666666667,1.6666666666666667,3.0,1.0,5.0,0.2905647657164622
504.0,2.0,1.0,0.0769230769230769,5.399137137783575,13.0,15.0,1.1538461538461535,0.0,0.0,0.0,0.0,0.0,4.530697548517493,0.0,0.0,2.0,0.0,0.0,0.3126675546310621
512.0,4.0,19.0,1.3571428571428572,6.206369658799978,14.0,28.0,2.0,13.0,0.9285714285714286,0.0,0.0,0.0,9.6982139979923,0.0,0.0,1.0,0.0,0.0,0.9316473359964488
520.0,3.0,21.0,1.6153846153846154,4.667245803156837,13.0,66.0,5.076923076923077,38.0,2.923076923076923,1.0,5.0,5.0,2.798144285846502,2.5,2.5,2.0,1.0,5.0,0.206131297228941
528.0,2.0,15.0,1.0714285714285714,5.194525543626981,14.0,50.0,3.571428571428572,0.0,0.0,2.0,15.0,10.0,0.0017110981966467,7.5,7.5,2.0,2.0,15.0,0.0001260517167556
536.0,1.0,0.0,0.0,7.703502558029936,16.0,30.0,1.875,0.0,0.0,0.0,0.0,0.0,12.133639649162069,0.0,0.0,1.0,0.0,0.0,0.7820860725961704
544.0,0.0,0.0,0.0,6.715640412522258,16.0,21.0,1.3125,0.0,0.0,0.0,0.0,0.0,2.370846924023956,0.0,0.0,1.0,0.0,0.0,0.1528153475090762
552.0,1.0,0.0,0.0,6.033556708422404,16.0,2.0,0.125,0.0,0.0,1.0,0.0,0.0,2.817625907296315,0.0,0.0,2.0,1.0,0.0,0.2244981593576585
560.0,2.0,2.0,0.1176470588235294,5.19374283720872,17.0,2.0,0.1176470588235294,0.0,0.0,1.0,2.0,2.0,4.690690986657221,0.5,0.5,4.0,1.0,2.0,0.3504133586488631
568.0,1.0,0.0,0.0,6.0500213359719615,20.0,7.0,0.35,5.0,0.25,1.0,0.0,0.0,5.0682850084340325,0.0,0.0,3.0,1.0,0.0,0.3859739261250836
576.0,0.0,0.0,0.0,7.707864632920258,21.0,8.0,0.3809523809523809,1.0,0.0476190476190476,0.0,0.0,0.0,8.303082922337111,0.0,0.0,3.0,0.0,0.0,0.5760937228345714
584.0,4.0,5.0,0.3125,4.648353726144464,16.0,5.0,0.3125,0.0,0.0,4.0,5.0,5.0,1.9081075781571724,0.8333333333333334,0.8333333333333334,6.0,4.0,5.0,0.1372797764437969
592.0,0.0,0.0,0.0,6.206364248335547,15.0,16.0,1.0666666666666669,11.0,0.7333333333333333,0.0,0.0,0.0,6.541690082528343,0.0,0.0,3.0,0.0,0.0,0.4794992999520886
608.0,3.0,4.0,0.3333333333333333,5.916628266968435,12.0,17.0,1.4166666666666667,0.0,0.0,2.0,4.0,4.0,0.6138371059923197,1.3333333333333333,1.3333333333333333,3.0,2.0,4.0,0.0389258174019145
616.0,0.0,0.0,0.0,6.341710105436013,8.0,12.0,1.5,0.0,0.0,0.0,0.0,0.0,4.912886427755936,0.0,0.0,3.0,0.0,0.0,0.3426350740142099
624.0,3.0,13.0,1.4444444444444444,6.002471336609334,9.0,25.0,2.7777777777777777,13.0,1.4444444444444444,3.0,13.0,13.0,3.904204172587812,2.6,2.6,5.0,3.0,13.0,0.2734643642805076
632.0,2.0,21.0,2.333333333333333,6.040419037499775,9.0,29.0,3.2222222222222223,4.0,0.4444444444444444,2.0,21.0,8.0,6.065643668449315,3.5,3.5,6.0,2.0,21.0,0.4543110211208648
640.0,4.0,41.0,2.7333333333333334,5.828724069008775,15.0,49.0,3.2666666666666666,20.0,1.3333333333333333,4.0,41.0,20.0,5.017969459386093,4.1,4.1,10.0,4.0,41.0,0.3675775827993967
648.0,1.0,0.0,0.0,7.596284871643759,20.0,60.0,3.0,11.0,0.55,1.0,0.0,0.0,7.704298187234743,0.0,0.0,9.0,1.0,0.0,0.5589868056845332
656.0,3.0,9.0,0.36,7.622354083460765,25.0,79.0,3.16,19.0,0.76,3.0,9.0,9.0,4.44560039586123,0.75,0.75,12.0,3.0,9.0,0.3590629651514512
664.0,2.0,1.0,0.05,8.777605462916764,20.0,43.0,2.15,0.0,0.0,2.0,9.0,0.0,6.849481376617725,1.125,1.125,8.0,2.0,9.0,0.5740300950407486
672.0,4.0,15.0,0.6818181818181818,8.269813639099544,22.0,52.0,2.363636363636364,9.0,0.4090909090909091,3.0,15.0,6.0,4.671302746115387,1.6666666666666667,1.6666666666666667,9.0,3.0,15.0,0.3806747033142887
680.0,1.0,2.0,0.1176470588235294,7.914039123839935,17.0,46.0,2.7058823529411766,0.0,0.0,1.0,5.0,0.0,6.481272485759595,0.5555555555555556,0.5555555555555556,9.0,1.0,5.0,0.4947987195726175
688.0,3.0,17.0,0.9444444444444444,8.98687494437895,18.0,49.0,2.7222222222222223,3.0,0.1666666666666666,2.0,10.0,5.0,6.900299904903143,1.6666666666666667,1.6666666666666667,6.0,2.0,10.0,0.5397825923943474
696.0,2.0,33.0,2.357142857142857,8.727244252773778,14.0,33.0,2.357142857142857,0.0,0.0,1.0,18.0,8.0,6.871982397383054,3.0,3.0,6.0,1.0,18.0,0.4961067981844143
704.0,2.0,1.0,0.0588235294117647,6.51209445490559,17.0,41.0,2.411764705882353,8.0,0.4705882352941176,2.0,1.0,0.0,5.038679117138556,0.0909090909090909,0.0909090909090909,11.0,2.0,1.0,0.3594315599069407
712.0,1.0,0.0,0.0,9.462495807062773,21.0,50.0,2.380952380952381,9.0,0.4285714285714285,1.0,0.0,0.0,8.040282502861807,0.0,0.0,8.0,1.0,0.0,0.5962445577376391
720.0,3.0,4.0,0.1666666666666666,9.903703664970104,24.0,14.0,0.5833333333333334,0.0,0.0,2.0,4.0,4.0,5.960156783520382,0.5714285714285714,0.5714285714285714,7.0,2.0,4.0,0.4778941647030614
728.0,1.0,0.0,0.0,8.837345170401113,19.0,11.0,0.5789473684210527,0.0,0.0,0.0,0.0,0.0,8.1996095272132,0.0,0.0,6.0,0.0,0.0,0.6025814548372016
736.0,2.0,0.0,0.0,9.963296225132543,22.0,11.0,0.5,0.0,0.0,1.0,0.0,0.0,9.09462459880628,0.0,0.0,7.0,1.0,0.0,0.6391177063866019
744.0,3.0,9.0,0.4736842105263157,8.757218448861776,19.0,9.0,0.4736842105263157,0.0,0.0,3.0,9.0,9.0,5.874356818007529,1.125,1.125,8.0,3.0,9.0,0.4143280391093734
752.0,2.0,7.0,0.35,10.000351195109443,20.0,25.0,1.25,16.0,0.8,1.0,5.0,0.0,9.350508057531371,0.7142857142857143,0.7142857142857143,7.0,1.0,5.0,0.6541512875523836
760.0,1.0,3.0,0.1666666666666666,8.696214232347527,18.0,26.0,1.4444444444444444,1.0,0.0555555555555555,1.0,3.0,0.0,6.29192534906627,0.375,0.375,8.0,1.0,3.0,0.4529532049802731
768.0,0.0,0.0,0.0,9.342910377757311,19.0,26.0,1.368421052631579,0.0,0.0,0.0,1.0,0.0,8.542800899326707,0.125,0.125,8.0,0.0,1.0,0.6163117163432754
776.0,2.0,0.0,0.0,8.689335183139322,18.0,24.0,1.3333333333333333,0.0,0.0,1.0,4.0,3.0,6.871874000674334,0.6666666666666666,0.6666666666666666,6.0,1.0,4.0,0.5188026421954083
784.0,0.0,0.0,0.0,10.490593398135244,15.0,12.0,0.8,0.0,0.0,0.0,0.0,0.0,9.609499078486452,0.0,0.0,4.0,0.0,0.0,0.7002944239729254
792.0,0.0,0.0,0.0,10.367910512853795,16.0,0.0,0.0,0.0,0.0,0.0,0.0,0.0,8.518283505280271,0.0,0.0,7.0,0.0,0.0,0.5954126982252509
800.0,4.0,7.0,0.3888888888888889,7.264765003543562,18.0,7.0,0.3888888888888889,7.0,0.3888888888888889,4.0,7.0,7.0,5.012299134305346,0.7,0.7,10.0,4.0,7.0,0.3723776995224747
808.0,1.0,0.0,0.0,8.946958619864109,20.0,19.0,0.95,12.0,0.6,1.0,0.0,0.0,7.165341400756521,0.0,0.0,8.0,1.0,0.0,0.5190907366212467
816.0,0.0,0.0,0.0,10.67057276370833,19.0,14.0,0.7368421052631579,0.0,0.0,0.0,0.0,0.0,6.535421995081596,0.0,0.0,6.0,0.0,0.0,0.5081546451613989
824.0,0.0,0.0,0.0,10.280874819434002,16.0,3.0,0.1875,0.0,0.0,0.0,0.0,0.0,9.71963735813823,0.0,0.0,6.0,0.0,0.0,0.7067037556385215
832.0,2.0,6.0,0.375,9.180004722127874,16.0,9.0,0.5625,6.0,0.375,2.0,6.0,6.0,7.881420294185595,1.0,1.0,6.0,2.0,6.0,0.5624232118617961
840.0,3.0,16.0,1.3333333333333333,6.093593081374866,12.0,26.0,2.1666666666666665,17.0,1.4166666666666667,3.0,16.0,10.0,2.948372242794344,2.6666666666666665,2.6666666666666665,6.0,3.0,16.0,0.2264730040731425
848.0,1.0,19.0,1.4615384615384617,9.540693892917734,13.0,43.0,3.3076923076923075,17.0,1.3076923076923077,1.0,19.0,3.0,2.8754499784653085,9.5,9.5,2.0,1.0,19.0,0.2203582211175453
856.0,0.0,0.0,0.0,8.959994879273541,15.0,33.0,2.2,0.0,0.0,0.0,0.0,0.0,6.206629709793628,0.0,0.0,5.0,0.0,0.0,0.4531533941608718
864.0,1.0,0.0,0.0,10.33293394474648,13.0,22.0,1.6923076923076923,0.0,0.0,0.0,0.0,0.0,11.166487566575798,0.0,0.0,6.0,0.0,0.0,0.8241528401971309
872.0,0.0,0.0,0.0,10.741121401638038,11.0,0.0,0.0,0.0,0.0,0.0,0.0,0.0,9.582260252887432,0.0,0.0,3.0,0.0,0.0,0.6917418983185044
880.0,1.0,4.0,0.6666666666666666,9.24985805708804,6.0,4.0,0.6666666666666666,4.0,0.6666666666666666,1.0,4.0,4.0,0.0,4.0,4.0,1.0,1.0,4.0,0.0
888.0,1.0,0.0,0.0,5.950213007333844,7.0,7.0,1.0,3.0,0.4285714285714285,1.0,0.0,0.0,4.000564848688211,0.0,0.0,4.0,1.0,0.0,0.2669438612592975
896.0,0.0,0.0,0.0,8.50555660842781,11.0,7.0,0.6363636363636364,0.0,0.0,0.0,0.0,0.0,9.09845150813164,0.0,0.0,8.0,0.0,0.0,0.621319933015342
920.0,3.0,32.0,1.6,6.017100683716753,20.0,32.0,1.6,17.0,0.85,1.0,23.0,8.0,4.699752299235992,5.75,5.75,4.0,1.0,23.0,0.3580755592459494
928.0,3.0,13.0,0.7647058823529411,6.458873581250295,17.0,53.0,3.117647058823529,21.0,1.2352941176470589,3.0,13.0,0.0,1.580883943132554,3.25,3.25,4.0,3.0,13.0,0.1222538312965556
936.0,0.0,0.0,0.0,7.558770228681461,15.0,60.0,4.0,7.0,0.4666666666666667,0.0,0.0,0.0,9.703622674766557,0.0,0.0,2.0,0.0,0.0,0.7520036416468193
944.0,1.0,0.0,0.0,7.3465333197775475,18.0,22.0,1.2222222222222223,0.0,0.0,1.0,0.0,0.0,2.508414501068182,0.0,0.0,2.0,1.0,0.0,0.1805913967651679
952.0,2.0,7.0,0.3684210526315789,6.474952642104858,19.0,7.0,0.3684210526315789,0.0,0.0,1.0,2.0,2.0,4.470443593532351,0.4,0.4,5.0,1.0,2.0,0.3817174086490509
960.0,0.0,0.0,0.0,7.070888992458014,21.0,20.0,0.9523809523809524,13.0,0.6190476190476191,0.0,0.0,0.0,7.444202363187294,0.0,0.0,4.0,0.0,0.0,0.5544983186090148
968.0,4.0,15.0,0.75,5.545820234228056,20.0,28.0,1.4,8.0,0.4,3.0,14.0,14.0,0.8200242291502357,3.5,3.5,4.0,3.0,14.0,0.0583505935840214
976.0,1.0,1.0,0.0555555555555555,6.605703820778941,18.0,36.0,2.0,8.0,0.4444444444444444,0.0,0.0,0.0,9.406703817050223,0.0,0.0,1.0,0.0,0.0,0.712901938190015
992.0,1.0,0.0,0.0,5.185107854216204,15.0,0.0,0.0,0.0,0.0,1.0,0.0,0.0,0.0,0.0,0.0,1.0,1.0,0.0,0.0
1000.0,0.0,0.0,0.0,4.708110326231283,17.0,0.0,0.0,0.0,0.0,0.0,0.0,0.0,6.747512532455758,0.0,0.0,4.0,0.0,0.0,0.5203094832423353
1008.0,3.0,3.0,0.1363636363636363,5.921745913396946,22.0,3.0,0.1363636363636363,3.0,0.1363636363636363,0.0,0.0,0.0,9.32697337007133,0.0,0.0,4.0,0.0,0.0,0.7116008923612517
1016.0,6.0,23.0,0.9583333333333334,3.964117161414698,24.0,39.0,1.625,36.0,1.5,2.0,4.0,4.0,2.2201184554628304,1.0,1.0,4.0,2.0,4.0,0.1570396915911146
1024.0,1.0,0.0,0.0,4.847391062884611,26.0,51.0,1.9615384615384612,12.0,0.4615384615384615,1.0,0.0,0.0,4.269674412184395,0.0,0.0,4.0,1.0,0.0,0.3037210136231981
1032.0,4.0,15.0,0.5,6.34031128181895,30.0,58.0,1.9333333333333331,7.0,0.2333333333333333,0.0,0.0,0.0,9.197793168676482,0.0,0.0,7.0,0.0,0.0,0.6183924779560416
1040.0,5.0,7.0,0.2258064516129032,6.348025352876827,31.0,71.0,2.290322580645161,13.0,0.4193548387096774,0.0,0.0,0.0,8.757970167898309,0.0,0.0,4.0,0.0,0.0,0.6481196871355811
1048.0,8.0,40.0,1.4285714285714286,4.892228389724296,28.0,103.0,3.678571428571429,32.0,1.1428571428571428,1.0,0.0,0.0,5.450062379157171,0.0,0.0,5.0,1.0,0.0,0.3789395975382679
1056.0,10.0,71.0,2.730769230769231,3.500459473128778,26.0,174.0,6.6923076923076925,71.0,2.730769230769231,2.0,7.0,7.0,6.17294540142734,1.4,1.4,5.0,2.0,7.0,0.4051169040694201
1072.0,6.0,25.0,0.925925925925926,3.619344376141559,27.0,232.0,8.592592592592593,0.0,0.0,0.0,0.0,0.0,7.953623289704583,0.0,0.0,3.0,0.0,0.0,0.6459240260369076
1080.0,1.0,2.0,0.08,4.051120496720026,25.0,202.0,8.08,0.0,0.0,0.0,0.0,0.0,10.200019610516623,0.0,0.0,5.0,0.0,0.0,0.7771057751575813
1088.0,7.0,35.0,1.206896551724138,4.0127436755483386,29.0,213.0,7.344827586206897,11.0,0.3793103448275862,0.0,0.0,0.0,8.190611645123969,0.0,0.0,5.0,0.0,0.0,0.6061940770526985
1096.0,8.0,34.0,1.0303030303030305,3.9039585067380815,33.0,270.0,8.181818181818182,57.0,1.7272727272727273,1.0,0.0,0.0,7.794469616497489,0.0,0.0,5.0,1.0,0.0,0.5780155703743717
1104.0,14.0,55.0,1.6666666666666667,2.999747309500536,33.0,317.0,9.606060606060606,47.0,1.4242424242424243,2.0,5.0,5.0,3.4414875826988,1.25,1.25,4.0,2.0,5.0,0.2572793867185238
1112.0,17.0,92.0,2.555555555555556,3.032600786513704,36.0,419.0,11.63888888888889,102.0,2.833333333333333,5.0,14.0,9.0,1.585889426347777,2.0,2.0,7.0,5.0,14.0,0.1253255304462678
1120.0,15.0,136.0,4.121212121212121,2.383066598437172,33.0,522.0,15.818181818181818,103.0,3.121212121212121,4.0,31.0,17.0,3.1221117246285788,3.875,3.875,8.0,4.0,31.0,0.225545335610735
1128.0,11.0,55.0,1.6176470588235294,3.402716201509944,34.0,557.0,16.38235294117647,35.0,1.0294117647058822,1.0,9.0,0.0,3.99378161330558,1.5,1.5,6.0,1.0,9.0,0.2674524043073641
1136.0,12.0,55.0,1.6666666666666667,3.7108602161337534,33.0,552.0,16.727272727272727,0.0,0.0,3.0,21.0,12.0,4.662336712367201,3.0,3.0,7.0,3.0,21.0,0.3525538876020747
1144.0,9.0,65.0,2.4074074074074074,3.291026555001453,27.0,582.0,21.55555555555556,30.0,1.1111111111111112,0.0,0.0,0.0,4.2505691068987295,0.0,0.0,1.0,0.0,0.0,0.336609239313983
1152.0,12.0,65.0,2.096774193548387,3.3360490095383675,31.0,666.0,21.483870967741936,84.0,2.7096774193548385,2.0,4.0,4.0,3.6141978131321366,1.0,1.0,4.0,2.0,4.0,0.2889987110355558
1160.0,12.0,66.0,2.4444444444444446,2.460745269487344,27.0,667.0,24.703703703703702,1.0,0.037037037037037,1.0,12.0,8.0,5.577670571184718,6.0,6.0,2.0,1.0,12.0,0.3727120565748566
1168.0,2.0,11.0,0.44,2.866955335406609,25.0,662.0,26.48,0.0,0.0,0.0,0.0,0.0,4.704058119496452,0.0,0.0,1.0,0.0,0.0,0.3143353759583504
1184.0,1.0,3.0,0.125,3.718590403967216,24.0,472.0,19.666666666666668,0.0,0.0,1.0,3.0,3.0,3.2651778542900125,1.0,1.0,3.0,1.0,3.0,0.2343575703312823
1192.0,2.0,13.0,0.52,4.115972884089575,25.0,398.0,15.92,0.0,0.0,1.0,11.0,8.0,5.961599168914836,5.5,5.5,2.0,1.0,11.0,0.3391780443900278
1208.0,1.0,0.0,0.0,3.646176573221836,26.0,365.0,14.038461538461538,0.0,0.0,1.0,0.0,0.0,0.9583606831147335,0.0,0.0,2.0,1.0,0.0,0.0641057214561003
1216.0,0.0,0.0,0.0,4.78648349394829,26.0,226.0,8.692307692307692,0.0,0.0,0.0,0.0,0.0,7.450647473613842,0.0,0.0,7.0,0.0,0.0,0.5285225279510596
1224.0,4.0,12.0,0.4137931034482758,4.514392801771092,29.0,138.0,4.758620689655173,0.0,0.0,4.0,12.0,12.0,5.140701746150803,1.0909090909090908,1.0909090909090908,11.0,4.0,12.0,0.3904661577332291
1232.0,9.0,50.0,1.5625,4.172792727314873,32.0,167.0,5.21875,29.0,0.90625,6.0,49.0,37.0,4.296175899520168,4.454545454545454,4.454545454545454,11.0,6.0,49.0,0.3348043864929426
1240.0,2.0,1.0,0.0294117647058823,5.92442192227014,34.0,142.0,4.176470588235294,0.0,0.0,0.0,16.0,0.0,8.413219757222022,2.2857142857142856,2.2857142857142856,7.0,0.0,16.0,0.6146267437685105
1248.0,6.0,11.0,0.282051282051282,5.1395720633650654,39.0,139.0,3.5641025641025643,0.0,0.0,4.0,27.0,11.0,5.146969039342599,2.7,2.7,10.0,4.0,27.0,0.3546569294463113
1256.0,5.0,27.0,0.7714285714285715,4.7626083803200965,35.0,97.0,2.771428571428572,0.0,0.0,0.0,0.0,0.0,8.572193485422103,0.0,0.0,6.0,0.0,0.0,0.5942101413389368
1264.0,6.0,19.0,0.4634146341463415,6.133976034896372,41.0,143.0,3.4878048780487805,46.0,1.1219512195121952,1.0,6.0,6.0,8.129755595051801,0.75,0.75,8.0,1.0,6.0,0.6112491473123981
1272.0,7.0,22.0,0.6111111111111112,5.418867857730276,36.0,117.0,3.25,0.0,0.0,3.0,14.0,8.0,6.829476526392235,1.5555555555555556,1.5555555555555556,9.0,3.0,14.0,0.5072822860773937
1280.0,5.0,12.0,0.3529411764705882,4.907957214284833,34.0,95.0,2.794117647058824,0.0,0.0,2.0,9.0,0.0,6.616957296088522,0.9,0.9,10.0,2.0,9.0,0.4649344856707759
1288.0,7.0,45.0,1.1842105263157894,5.546414238018606,38.0,146.0,3.842105263157895,51.0,1.3421052631578947,0.0,0.0,0.0,4.659689777822215,0.0,0.0,6.0,0.0,0.0,0.3205581781383291
1296.0,14.0,54.0,1.2,4.910541799688493,45.0,207.0,4.6,61.0,1.3555555555555556,5.0,11.0,11.0,4.175781123059622,1.0,1.0,11.0,5.0,11.0,0.2934879096196183
1304.0,9.0,34.0,0.8292682926829268,4.753749436747211,41.0,257.0,6.2682926829268295,50.0,1.2195121951219512,1.0,5.0,0.0,7.763548960691688,0.7142857142857143,0.7142857142857143,7.0,1.0,5.0,0.5459557489891594
1312.0,5.0,22.0,0.5,6.395020933351467,44.0,284.0,6.454545454545454,27.0,0.6136363636363636,1.0,13.0,8.0,7.96389016795614,2.1666666666666665,2.1666666666666665,6.0,1.0,13.0,0.5638267691894313
1320.0,4.0,7.0,0.1944444444444444,4.295729372707772,36.0,246.0,6.833333333333333,0.0,0.0,2.0,2.0,0.0,6.126837468370901,0.2857142857142857,0.2857142857142857,7.0,2.0,2.0,0.4367680214577774
1328.0,2.0,3.0,0.0857142857142857,5.003776520429795,35.0,273.0,7.8,27.0,0.7714285714285715,0.0,0.0,0.0,8.478412392225055,0.0,0.0,6.0,0.0,0.0,0.6407677180331909
1336.0,1.0,1.0,0.027027027027027,5.767535597224973,37.0,244.0,6.594594594594595,0.0,0.0,0.0,0.0,0.0,8.277562092859036,0.0,0.0,8.0,0.0,0.0,0.6287603833792891
1320.0,17.0,159.0,4.297297297297297,4.509246507050367,37.0,478.0,12.91891891891892,109.0,2.945945945945946,4.0,62.0,29.0,5.679636114519076,6.2,6.2,10.0,4.0,62.0,0.3929844132985065
1328.0,18.0,283.0,7.447368421052632,5.15170619829015,38.0,550.0,14.473684210526317,72.0,1.894736842105263,4.0,31.0,0.0,4.470196374100132,3.1,3.1,10.0,4.0,31.0,0.3399839911910144
1336.0,9.0,197.0,5.472222222222222,5.80384584823222,36.0,642.0,17.833333333333332,92.0,2.555555555555556,0.0,51.0,20.0,6.355743714005286,4.636363636363637,4.636363636363637,11.0,0.0,51.0,0.484750293226581
1344.0,12.0,79.0,2.257142857142857,4.88621906979365,35.0,660.0,18.857142857142858,18.0,0.5142857142857142,6.0,15.0,0.0,3.1534691473534138,1.25,1.25,12.0,6.0,15.0,0.2189688443261037
1352.0,4.0,13.0,0.4642857142857143,4.795461757250743,28.0,680.0,24.285714285714285,20.0,0.7142857142857143,0.0,8.0,0.0,6.240992936355512,1.3333333333333333,1.3333333333333333,6.0,0.0,8.0,0.4648149890285873
1360.0,2.0,5.0,0.1612903225806451,7.153981545242479,31.0,649.0,20.93548387096774,0.0,0.0,1.0,108.0,100.0,3.4711665602370547,27.0,27.0,4.0,1.0,108.0,0.2678608201933362
1368.0,9.0,31.0,1.4761904761904765,2.126226169235399,21.0,579.0,27.571428571428573,0.0,0.0,4.0,125.0,17.0,0.0084856193635284,31.25,31.25,4.0,4.0,125.0,0.0007253241358681
1376.0,8.0,38.0,2.0,3.018634841409271,19.0,651.0,34.26315789473684,72.0,3.789473684210526,0.0,63.0,0.0,9.037791592760396,31.5,31.5,2.0,0.0,63.0,0.6636702484587522
1384.0,5.0,15.0,0.7894736842105263,3.558002714932332,19.0,692.0,36.42105263157895,41.0,2.1578947368421053,3.0,139.0,76.0,0.220896852482715,34.75,34.75,4.0,3.0,139.0,0.0158041231875363
1392.0,1.0,1.0,0.0555555555555555,4.862078431048255,18.0,589.0,32.72222222222222,0.0,0.0,1.0,62.0,0.0,5.581912834429527,12.4,12.4,5.0,1.0,62.0,0.3702006610369059
1400.0,1.0,1.0,0.0526315789473684,6.210541715456797,19.0,593.0,31.210526315789476,4.0,0.2105263157894736,1.0,58.0,0.0,6.167868188773767,11.6,11.6,5.0,1.0,58.0,0.4571244928670729
1408.0,6.0,26.0,1.368421052631579,6.644584288397546,19.0,471.0,24.789473684210527,0.0,0.0,1.0,62.0,4.0,8.612208960134307,15.5,15.5,4.0,1.0,62.0,0.6560814945574708
1416.0,8.0,81.0,4.2631578947368425,5.418735387787325,19.0,436.0,22.94736842105263,0.0,0.0,1.0,70.0,8.0,3.472554221141261,14.0,14.0,5.0,1.0,70.0,0.2421453583013493
1424.0,4.0,4.0,0.2,6.598018833902856,20.0,461.0,23.05,25.0,1.25,2.0,1.0,0.0,6.460449956046444,0.1428571428571428,0.1428571428571428,7.0,2.0,1.0,0.4555113733425013
1432.0,10.0,49.0,2.333333333333333,5.586122908220549,21.0,506.0,24.09523809523809,45.0,2.142857142857143,5.0,17.0,16.0,3.284634124362547,2.4285714285714284,2.4285714285714284,7.0,5.0,17.0,0.255224290897306
1440.0,6.0,75.0,3.75,5.903355389658024,20.0,421.0,21.05,0.0,0.0,0.0,0.0,0.0,5.769180632677385,0.0,0.0,2.0,0.0,0.0,0.4586220694582149
1448.0,5.0,112.0,5.090909090909091,8.112864460720996,22.0,465.0,21.13636363636364,44.0,2.0,0.0,0.0,0.0,7.268197269202765,0.0,0.0,2.0,0.0,0.0,0.4960068853084807
1456.0,6.0,152.0,9.5,5.787171473596322,16.0,467.0,29.1875,2.0,0.125,0.0,0.0,0.0,7.865074851048917,0.0,0.0,2.0,0.0,0.0,0.567444650269967
1464.0,4.0,111.0,6.529411764705882,6.154835556529864,17.0,506.0,29.764705882352946,39.0,2.294117647058824,1.0,2.0,2.0,7.510083917943509,0.5,0.5,4.0,1.0,2.0,0.5342871095197669
1472.0,6.0,16.0,0.9411764705882352,5.603046219934535,17.0,528.0,31.058823529411764,22.0,1.2941176470588236,1.0,111.0,109.0,3.999977933702308,37.0,37.0,3.0,1.0,111.0,0.2980246047261476
1480.0,4.0,41.0,2.2777777777777777,7.410981374544008,18.0,573.0,31.83333333333333,45.0,2.5,0.0,0.0,0.0,8.292886344483124,0.0,0.0,1.0,0.0,0.0,0.6533145064619863
1488.0,5.0,57.0,3.8,7.522496127066887,15.0,604.0,40.266666666666666,31.0,2.066666666666667,1.0,13.0,13.0,4.381632825790789,6.5,6.5,2.0,1.0,13.0,0.3002856861950501
1496.0,4.0,20.0,1.5384615384615383,6.736589382501891,13.0,504.0,38.76923076923077,0.0,0.0,3.0,154.0,141.0,1.0065808244748042,38.5,38.5,4.0,3.0,154.0,0.0792514145910671
1504.0,2.0,0.0,0.0,6.698593284966351,13.0,286.0,22.0,0.0,0.0,1.0,9.0,0.0,6.9278567347200575,1.125,1.125,8.0,1.0,9.0,0.5115379293935891
1512.0,2.0,5.0,0.2941176470588235,8.410833259307735,17.0,177.0,10.411764705882351,0.0,0.0,1.0,11.0,2.0,7.595061551929612,1.5714285714285714,1.5714285714285714,7.0,1.0,11.0,0.5273977766548669
1520.0,2.0,15.0,0.8823529411764706,7.79152470487338,17.0,23.0,1.3529411764705883,0.0,0.0,1.0,19.0,8.0,2.73758967582239,6.333333333333333,6.333333333333333,3.0,1.0,19.0,0.1682847367047083
1528.0,1.0,2.0,0.1333333333333333,8.346720205282644,15.0,30.0,2.0,7.0,0.4666666666666667,1.0,2.0,0.0,0.4368569518338138,1.0,1.0,2.0,1.0,2.0,0.0323714042471206
1536.0,1.0,1.0,0.0714285714285714,6.199154216295922,14.0,31.0,2.2142857142857144,1.0,0.0714285714285714,1.0,1.0,0.0,2.748644819602025,0.25,0.25,4.0,1.0,1.0,0.2046990078843176
1544.0,2.0,3.0,0.1578947368421052,6.962783733243264,19.0,18.0,0.9473684210526316,0.0,0.0,2.0,3.0,2.0,2.368060627913674,0.75,0.75,4.0,2.0,3.0,0.181716650258279
1552.0,0.0,0.0,0.0,7.208126871736747,22.0,18.0,0.8181818181818182,0.0,0.0,0.0,0.0,0.0,2.663759768809103,0.0,0.0,3.0,0.0,0.0,0.1876984734945901
1560.0,0.0,0.0,0.0,8.555922968455217,20.0,14.0,0.7,0.0,0.0,0.0,0.0,0.0,7.350628323479893,0.0,0.0,6.0,0.0,0.0,0.540122213760268
1568.0,0.0,0.0,0.0,8.647340614912943,15.0,6.0,0.4,0.0,0.0,0.0,0.0,0.0,5.202076483261771,0.0,0.0,2.0,0.0,0.0,0.3786018408851618
1576.0,2.0,0.0,0.0,8.47384088007774,15.0,3.0,0.2,0.0,0.0,1.0,0.0,0.0,5.989423988805979,0.0,0.0,3.0,1.0,0.0,0.4679282633090727
1584.0,1.0,3.0,0.2727272727272727,7.380319965849764,11.0,3.0,0.2727272727272727,0.0,0.0,1.0,3.0,3.0,4.444806462877357,0.6,0.6,5.0,1.0,3.0,0.3474181944154385
1592.0,1.0,4.0,0.2857142857142857,7.707432999515482,14.0,13.0,0.9285714285714286,10.0,0.7142857142857143,1.0,4.0,1.0,6.21426249538324,0.5,0.5,8.0,1.0,4.0,0.4808702894713483
1600.0,2.0,12.0,0.8,9.11543295029412,15.0,21.0,1.4,8.0,0.5333333333333333,2.0,12.0,8.0,6.820216747536709,1.7142857142857142,1.7142857142857142,7.0,2.0,12.0,0.5109240393230652
1608.0,4.0,10.0,1.0,4.442817897448485,10.0,25.0,2.5,4.0,0.4,4.0,10.0,0.0,0.2716018572369755,1.6666666666666667,1.6666666666666667,6.0,4.0,10.0,0.018711718305633
1616.0,2.0,1.0,0.1,4.802758546626601,10.0,48.0,4.8,23.0,2.3,1.0,6.0,0.0,2.0387645090068864,2.0,2.0,3.0,1.0,6.0,0.1515070602817033
1624.0,1.0,3.0,0.2727272727272727,8.927652377602632,11.0,40.0,3.636363636363636,0.0,0.0,1.0,8.0,2.0,2.3650743257836373,2.6666666666666665,2.6666666666666665,3.0,1.0,8.0,0.1750160951446518
1632.0,3.0,10.0,0.8333333333333334,6.2994684742357565,12.0,25.0,2.083333333333333,0.0,0.0,3.0,10.0,2.0,3.0651672409866517,1.6666666666666667,1.6666666666666667,6.0,3.0,10.0,0.2620644357990344
1640.0,1.0,0.0,0.0,9.988537246986246,13.0,16.0,1.2307692307692308,0.0,0.0,0.0,0.0,0.0,10.33285327250696,0.0,0.0,7.0,0.0,0.0,0.7719619966884009
1648.0,4.0,8.0,0.5714285714285714,8.139916630405033,14.0,24.0,1.7142857142857142,8.0,0.5714285714285714,4.0,8.0,8.0,1.062487317164,1.6,1.6,5.0,4.0,8.0,0.077354269333373
1656.0,3.0,7.0,0.7,5.579067845485207,10.0,29.0,2.9,5.0,0.5,1.0,4.0,0.0,4.388501263545676,1.3333333333333333,1.3333333333333333,3.0,1.0,4.0,0.3402285205997263
1664.0,2.0,5.0,0.3846153846153846,7.342580606550294,13.0,46.0,3.5384615384615383,17.0,1.3076923076923077,2.0,11.0,7.0,3.6446743796951697,1.8333333333333333,1.8333333333333333,6.0,2.0,11.0,0.269562401605904
1672.0,3.0,11.0,0.7857142857142857,6.351346276915203,14.0,43.0,3.071428571428572,0.0,0.0,3.0,23.0,12.0,4.707345621302946,3.2857142857142856,3.2857142857142856,7.0,3.0,23.0,0.3799682690569584
1680.0,5.0,12.0,0.5454545454545454,5.678111179037589,22.0,56.0,2.5454545454545454,13.0,0.5909090909090909,4.0,12.0,0.0,2.410980324634493,1.3333333333333333,1.3333333333333333,9.0,4.0,12.0,0.1665603557915046
1688.0,2.0,1.0,0.0434782608695652,6.986563595107799,23.0,61.0,2.652173913043478,5.0,0.217391304347826,1.0,2.0,0.0,6.689241065484795,0.2857142857142857,0.2857142857142857,7.0,1.0,2.0,0.4573612923284388
1696.0,2.0,13.0,0.5652173913043478,7.672648747770052,23.0,43.0,1.8695652173913044,0.0,0.0,0.0,0.0,0.0,5.699278179506578,0.0,0.0,3.0,0.0,0.0,0.4200574632169743
1720.0,2.0,0.0,0.0,4.114972467042688,10.0,11.0,1.1,0.0,0.0,1.0,0.0,0.0,3.817185481492647,0.0,0.0,4.0,1.0,0.0,0.2554088841936264
1728.0,1.0,8.0,0.8,7.892803082794034,10.0,14.0,1.4,3.0,0.3,1.0,8.0,8.0,5.0011978113790985,4.0,4.0,2.0,1.0,8.0,0.3311401374557594
1736.0,1.0,16.0,1.7777777777777777,7.631465062854423,9.0,16.0,1.7777777777777777,2.0,0.2222222222222222,1.0,16.0,8.0,7.245807802540469,5.333333333333333,5.333333333333333,3.0,1.0,16.0,0.5186736390363103
1744.0,1.0,0.0,0.0,4.724713151137747,8.0,22.0,2.75,6.0,0.75,1.0,3.0,0.0,4.138914852131238,0.6,0.6,5.0,1.0,3.0,0.3208771305802782
1752.0,3.0,9.0,0.75,6.358394847148435,12.0,31.0,2.583333333333333,9.0,0.75,3.0,9.0,6.0,4.838001836195988,1.2857142857142858,1.2857142857142858,7.0,3.0,9.0,0.3484660761502848
1760.0,0.0,0.0,0.0,7.350738521394409,12.0,18.0,1.5,0.0,0.0,0.0,0.0,0.0,8.606155502984313,0.0,0.0,1.0,0.0,0.0,0.5680170373436573
1768.0,0.0,0.0,0.0,11.904132862779422,13.0,18.0,1.3846153846153846,0.0,0.0,0.0,0.0,0.0,12.520070684375243,0.0,0.0,1.0,0.0,0.0,0.9170223463320036
1776.0,0.0,0.0,0.0,10.208102265491052,4.0,0.0,0.0,0.0,0.0,0.0,0.0,0.0,10.041168349282817,0.0,0.0,1.0,0.0,0.0,0.7565104720740308
1784.0,0.0,0.0,0.0,11.850701591538993,3.0,0.0,0.0,0.0,0.0,0.0,0.0,0.0,10.531736514662503,0.0,0.0,1.0,0.0,0.0,0.7934703099600658
1800.0,1.0,3.0,1.0,4.288957413941904,3.0,3.0,1.0,2.0,0.6666666666666666,1.0,3.0,3.0,4.288957413941904,1.0,1.0,3.0,1.0,3.0,0.2977197723010327
1808.0,0.0,0.0,0.0,5.280305804123275,4.0,6.0,1.5,3.0,0.75,0.0,0.0,0.0,3.95465743514814,0.0,0.0,2.0,0.0,0.0,0.2730537640846734
1816.0,2.0,13.0,2.6,5.133371539734408,5.0,19.0,3.8,13.0,2.6,2.0,13.0,13.0,0.0,6.5,6.5,2.0,2.0,13.0,0.0
1824.0,0.0,0.0,0.0,9.621579481733244,7.0,19.0,2.7142857142857144,0.0,0.0,0.0,0.0,0.0,7.951191157025539,0.0,0.0,4.0,0.0,0.0,0.5398021110417529
1832.0,0.0,0.0,0.0,9.28024378127394,9.0,19.0,2.111111111111111,0.0,0.0,0.0,0.0,0.0,7.738247065877455,0.0,0.0,6.0,0.0,0.0,0.575486973258632
1840.0,1.0,0.0,0.0,8.938736493058514,13.0,3.0,0.2307692307692307,0.0,0.0,1.0,0.0,0.0,7.14110878775869,0.0,0.0,7.0,1.0,0.0,0.5200547284828356
1848.0,3.0,4.0,0.2666666666666666,8.860190682298155,15.0,7.0,0.4666666666666667,4.0,0.2666666666666666,3.0,4.0,4.0,4.931350355385742,0.5,0.5,8.0,3.0,4.0,0.3602922494058726
1856.0,4.0,20.0,1.818181818181818,6.301369474373822,11.0,26.0,2.363636363636364,19.0,1.7272727272727273,4.0,20.0,16.0,5.176069301822944,2.2222222222222223,2.2222222222222223,9.0,4.0,20.0,0.3673260849661615
1864.0,2.0,2.0,0.1428571428571428,7.436879347938098,14.0,41.0,2.9285714285714284,15.0,1.0714285714285714,0.0,0.0,0.0,8.774003688624092,0.0,0.0,5.0,0.0,0.0,0.65129975577606
1872.0,1.0,4.0,0.2222222222222222,9.071969673929814,18.0,41.0,2.2777777777777777,0.0,0.0,1.0,4.0,4.0,6.358899705416108,0.4,0.4,10.0,1.0,4.0,0.457275424676703
1880.0,0.0,0.0,0.0,9.541561143277828,14.0,16.0,1.1428571428571428,0.0,0.0,0.0,0.0,0.0,8.723436903521247,0.0,0.0,6.0,0.0,0.0,0.6244934405206083
1888.0,0.0,0.0,0.0,10.697825193685786,14.0,13.0,0.9285714285714286,0.0,0.0,0.0,0.0,0.0,8.965347043335044,0.0,0.0,6.0,0.0,0.0,0.6238006538721452
1896.0,0.0,0.0,0.0,11.751140745032007,12.0,0.0,0.0,0.0,0.0,0.0,0.0,0.0,11.154948999982844,0.0,0.0,4.0,0.0,0.0,0.7389561797134954
1904.0,1.0,0.0,0.0,10.344144597607956,12.0,0.0,0.0,0.0,0.0,1.0,0.0,0.0,7.170327767575795,0.0,0.0,4.0,1.0,0.0,0.5019734798876846
1912.0,0.0,0.0,0.0,8.970831896340586,12.0,0.0,0.0,0.0,0.0,0.0,0.0,0.0,4.785629717145039,0.0,0.0,3.0,0.0,0.0,0.3483873419628393
1920.0,2.0,6.0,0.4615384615384615,7.318285598667064,13.0,8.0,0.6153846153846154,8.0,0.6153846153846154,2.0,6.0,6.0,3.5957491921605342,1.0,1.0,6.0,2.0,6.0,0.2733561922921866
1928.0,1.0,0.0,0.0,8.782681999254285,14.0,17.0,1.2142857142857142,9.0,0.6428571428571429,1.0,0.0,0.0,6.343434512885838,0.0,0.0,6.0,1.0,0.0,0.4605662132272199
1936.0,1.0,5.0,0.3571428571428571,10.550767551495175,14.0,20.0,1.4285714285714286,3.0,0.2142857142857142,1.0,5.0,5.0,5.609278664464364,1.25,1.25,4.0,1.0,5.0,0.4286407622132618
1944.0,2.0,16.0,1.2307692307692308,7.937291801856518,13.0,16.0,1.2307692307692308,0.0,0.0,1.0,13.0,8.0,5.087518126934206,2.1666666666666665,2.1666666666666665,6.0,1.0,13.0,0.3876109822903745
1952.0,3.0,7.0,0.4666666666666667,7.013300322510486,15.0,30.0,2.0,14.0,0.9333333333333332,3.0,7.0,0.0,5.6592740408285485,0.7,0.7,10.0,3.0,7.0,0.3830288002679215
1960.0,1.0,4.0,0.2666666666666666,9.103317660701594,15.0,45.0,3.0,15.0,1.0,1.0,4.0,0.0,7.924209167308463,1.0,1.0,4.0,1.0,4.0,0.5777799544229223
1968.0,3.0,13.0,1.0833333333333333,8.936275797973646,12.0,38.0,3.1666666666666665,0.0,0.0,3.0,13.0,9.0,0.0027214879735193,4.333333333333333,4.333333333333333,3.0,3.0,13.0,0.0001913437847873
1976.0,1.0,0.0,0.0,8.523569437981127,7.0,29.0,4.142857142857143,0.0,0.0,1.0,0.0,0.0,3.022527506120969,0.0,0.0,2.0,1.0,0.0,0.1915850223353496
1984.0,1.0,0.0,0.0,9.852490791505524,9.0,22.0,2.4444444444444446,0.0,0.0,1.0,0.0,0.0,8.263850456297192,0.0,0.0,5.0,1.0,0.0,0.5819923384127198
1992.0,1.0,0.0,0.0,11.125848323177042,8.0,0.0,0.0,0.0,0.0,1.0,0.0,0.0,9.768404722213358,0.0,0.0,5.0,1.0,0.0,0.6625129845655742
2000.0,1.0,1.0,0.1,8.805208285215588,10.0,1.0,0.1,1.0,0.1,0.0,0.0,0.0,5.535762867553476,0.0,0.0,2.0,0.0,0.0,0.4343285108682339
2008.0,1.0,9.0,0.75,7.31424920216909,12.0,9.0,0.75,8.0,0.6666666666666666,0.0,0.0,0.0,4.867039169961825,0.0,0.0,6.0,0.0,0.0,0.3706686218117399
2016.0,2.0,3.0,0.2,8.311095565597077,15.0,14.0,0.9333333333333332,5.0,0.3333333333333333,2.0,3.0,3.0,6.131224627655974,0.3333333333333333,0.3333333333333333,9.0,2.0,3.0,0.4510327930096202
2024.0,0.0,0.0,0.0,8.748424425632324,15.0,12.0,0.8,0.0,0.0,0.0,0.0,0.0,8.060092141927985,0.0,0.0,6.0,0.0,0.0,0.5749390982436045
2032.0,2.0,9.0,0.5,9.735811259096236,18.0,19.0,1.0555555555555556,7.0,0.3888888888888889,0.0,0.0,0.0,8.565409491339551,0.0,0.0,6.0,0.0,0.0,0.5771833422610199
2040.0,3.0,25.0,1.5625,9.056478104559048,16.0,25.0,1.5625,6.0,0.375,1.0,0.0,0.0,6.438071402959662,0.0,0.0,5.0,1.0,0.0,0.5093941312939714
2048.0,4.0,49.0,4.454545454545454,6.512458937070871,11.0,49.0,4.454545454545454,24.0,2.1818181818181817,2.0,8.0,8.0,2.6890484762623506,2.6666666666666665,2.6666666666666665,3.0,2.0,8.0,0.1930768822498449
2056.0,0.0,0.0,0.0,9.164799704941762,9.0,67.0,7.444444444444445,18.0,2.0,0.0,7.0,0.0,3.2004156935266783,7.0,7.0,1.0,0.0,7.0,0.2186541000757605
2064.0,1.0,5.0,1.0,6.079032352288047,5.0,46.0,9.2,0.0,0.0,1.0,12.0,5.0,1.2318518787156791,6.0,6.0,2.0,1.0,12.0,0.0777247857583219
2072.0,1.0,0.0,0.0,7.325701389221503,8.0,15.0,1.875,0.0,0.0,0.0,0.0,0.0,8.936637461339414,0.0,0.0,4.0,0.0,0.0,0.6273915563753181
2080.0,1.0,0.0,0.0,9.704800714098266,12.0,0.0,0.0,0.0,0.0,1.0,0.0,0.0,7.688092245822497,0.0,0.0,6.0,1.0,0.0,0.5842035204537289
2088.0,1.0,1.0,0.0769230769230769,10.379198990206598,13.0,1.0,0.0769230769230769,1.0,0.0769230769230769,1.0,1.0,1.0,8.02515739899267,0.1666666666666666,0.1666666666666666,6.0,1.0,1.0,0.6371812281199944
2096.0,1.0,0.0,0.0,8.886853976672679,10.0,5.0,0.5,4.0,0.4,1.0,0.0,0.0,4.63925320962444,0.0,0.0,2.0,1.0,0.0,0.2955620202199525
2104.0,1.0,0.0,0.0,9.293826508602528,12.0,5.0,0.4166666666666667,0.0,0.0,1.0,0.0,0.0,5.968601624891559,0.0,0.0,5.0,1.0,0.0,0.4142936918398814
2112.0,1.0,4.0,0.3636363636363636,8.959718082580709,11.0,4.0,0.3636363636363636,0.0,0.0,0.0,0.0,0.0,8.506120527209138,0.0,0.0,6.0,0.0,0.0,0.6633375178563639
2120.0,3.0,3.0,0.2142857142857142,6.353065105520817,14.0,8.0,0.5714285714285714,4.0,0.2857142857142857,3.0,3.0,3.0,4.64504036779558,0.2727272727272727,0.2727272727272727,11.0,3.0,3.0,0.3700444299134744
2128.0,0.0,0.0,0.0,6.439781679423825,15.0,17.0,1.1333333333333333,9.0,0.6,0.0,0.0,0.0,6.352861548477124,0.0,0.0,7.0,0.0,0.0,0.4599849468500838
2136.0,4.0,17.0,0.8947368421052632,9.069149894813291,19.0,34.0,1.7894736842105263,17.0,0.8947368421052632,2.0,5.0,5.0,2.3103922904246232,1.6666666666666667,1.6666666666666667,3.0,2.0,5.0,0.1698630500308759
2144.0,2.0,1.0,0.0588235294117647,8.240818452225989,17.0,27.0,1.588235294117647,0.0,0.0,1.0,1.0,0.0,0.0130725501882068,1.0,1.0,1.0,1.0,1.0,0.0009608839761656
2152.0,2.0,9.0,0.6,7.235733711388705,15.0,19.0,1.2666666666666666,0.0,0.0,2.0,8.0,7.0,2.422450810069118,1.6,1.6,5.0,2.0,8.0,0.1890455770712092
2160.0,2.0,12.0,0.8,8.200554263929261,15.0,24.0,1.6,5.0,0.3333333333333333,2.0,12.0,4.0,8.067570123297036,2.0,2.0,6.0,2.0,12.0,0.6016248322063115
2168.0,1.0,2.0,0.1428571428571428,5.999382694672271,14.0,33.0,2.357142857142857,9.0,0.6428571428571429,1.0,2.0,0.0,1.2843919467508935,0.4,0.4,5.0,1.0,2.0,0.0971306518181749
2176.0,0.0,0.0,0.0,7.157526439173286,16.0,36.0,2.25,3.0,0.1875,0.0,8.0,6.0,3.462575224114856,1.6,1.6,5.0,0.0,8.0,0.2430234936363765
2184.0,2.0,2.0,0.1333333333333333,8.791685356534664,15.0,19.0,1.2666666666666666,0.0,0.0,2.0,2.0,0.0,5.634569729654398,0.4,0.4,5.0,2.0,2.0,0.3357199356672039
2192.0,1.0,0.0,0.0,8.234585258564882,14.0,13.0,0.9285714285714286,0.0,0.0,1.0,0.0,0.0,8.039021068962985,0.0,0.0,4.0,1.0,0.0,0.558199588734977
2200.0,0.0,0.0,0.0,10.864012308999056,16.0,4.0,0.25,0.0,0.0,0.0,0.0,0.0,8.980320105149785,0.0,0.0,6.0,0.0,0.0,0.6715944280712719
2208.0,3.0,5.0,0.3571428571428571,9.06699674920759,14.0,5.0,0.3571428571428571,1.0,0.0714285714285714,2.0,5.0,5.0,7.223679365050096,1.0,1.0,5.0,2.0,5.0,0.5119221597309294
2216.0,1.0,11.0,1.1,7.40556835377795,10.0,16.0,1.6,11.0,1.1,1.0,11.0,6.0,0.3500503648732242,3.6666666666666665,3.6666666666666665,3.0,1.0,11.0,0.0245018022603138
2232.0,2.0,0.0,0.0,8.749487375231157,10.0,18.0,1.8,0.0,0.0,1.0,0.0,0.0,5.280730480094269,0.0,0.0,4.0,1.0,0.0,0.42653682868984
2240.0,1.0,0.0,0.0,8.648986050574536,9.0,1.0,0.1111111111111111,0.0,0.0,1.0,0.0,0.0,5.75718612373263,0.0,0.0,4.0,1.0,0.0,0.4515191158754976
2248.0,1.0,0.0,0.0,9.376288659457588,13.0,1.0,0.0769230769230769,0.0,0.0,0.0,0.0,0.0,7.003973350621268,0.0,0.0,5.0,0.0,0.0,0.5353615739881785
2256.0,0.0,0.0,0.0,9.175666237903814,16.0,0.0,0.0,0.0,0.0,0.0,0.0,0.0,7.574661647005014,0.0,0.0,8.0,0.0,0.0,0.5603083238424863
2264.0,0.0,0.0,0.0,8.592555885007153,20.0,1.0,0.05,1.0,0.05,0.0,1.0,1.0,7.565889332324744,0.0909090909090909,0.0909090909090909,11.0,0.0,1.0,0.5688674553667645
2272.0,1.0,2.0,0.0952380952380952,8.496347114560422,21.0,3.0,0.1428571428571428,2.0,0.0952380952380952,0.0,1.0,0.0,7.6090351640058,0.125,0.125,8.0,0.0,1.0,0.5193832629975202
2280.0,1.0,5.0,0.2272727272727272,9.884961708183583,22.0,10.0,0.4545454545454545,7.0,0.3181818181818182,1.0,6.0,5.0,7.410357871428875,0.6666666666666666,0.6666666666666666,9.0,1.0,6.0,0.5275103789581379
2288.0,1.0,0.0,0.0,9.669729332558893,20.0,10.0,0.5,0.0,0.0,1.0,0.0,0.0,8.988219092323643,0.0,0.0,5.0,1.0,0.0,0.6335010926971164
2296.0,0.0,0.0,0.0,11.553649516085564,14.0,0.0,0.0,0.0,0.0,0.0,0.0,0.0,9.321754173159958,0.0,0.0,5.0,0.0,0.0,0.6547528926227116
2304.0,1.0,0.0,0.0,10.604850364883497,13.0,0.0,0.0,0.0,0.0,1.0,0.0,0.0,9.398795233657362,0.0,0.0,6.0,1.0,0.0,0.6513078274759435
2312.0,0.0,0.0,0.0,11.451400326266828,11.0,0.0,0.0,0.0,0.0,0.0,0.0,0.0,10.185058768524566,0.0,0.0,4.0,0.0,0.0,0.6927657523187751
2320.0,0.0,0.0,0.0,10.477639024923644,15.0,0.0,0.0,0.0,0.0,0.0,0.0,0.0,8.414707063448784,0.0,0.0,7.0,0.0,0.0,0.6152452974838809
2328.0,3.0,5.0,0.2631578947368421,7.774257799822396,19.0,5.0,0.2631578947368421,5.0,0.2631578947368421,3.0,5.0,5.0,6.371392277624716,0.3846153846153846,0.3846153846153846,13.0,3.0,5.0,0.4685413087883692
2336.0,1.0,0.0,0.0,8.063501744719064,19.0,14.0,0.7368421052631579,9.0,0.4736842105263157,1.0,0.0,0.0,7.796664622821596,0.0,0.0,6.0,1.0,0.0,0.5327043412790785
2344.0,1.0,2.0,0.125,9.691903308988593,16.0,27.0,1.6875,13.0,0.8125,1.0,2.0,2.0,4.464338623716725,0.5,0.5,4.0,1.0,2.0,0.3548392499020601
2352.0,0.0,0.0,0.0,9.774157343563688,10.0,13.0,1.3,0.0,0.0,0.0,0.0,0.0,8.199922419940805,0.0,0.0,5.0,0.0,0.0,0.6219915557509864
2360.0,1.0,0.0,0.0,8.872069870737034,13.0,0.0,0.0,0.0,0.0,1.0,0.0,0.0,7.855624449023069,0.0,0.0,7.0,1.0,0.0,0.5679991003615922
2368.0,1.0,0.0,0.0,9.313666545208356,15.0,1.0,0.0666666666666666,1.0,0.0666666666666666,1.0,1.0,1.0,8.365603325733645,0.125,0.125,8.0,1.0,1.0,0.5955475152269626
2376.0,0.0,0.0,0.0,10.131204073986463,15.0,1.0,0.0666666666666666,0.0,0.0,0.0,1.0,0.0,9.917990169373343,0.125,0.125,8.0,0.0,1.0,0.7338583837486283
2384.0,0.0,0.0,0.0,10.19164386830759,15.0,1.0,0.0666666666666666,0.0,0.0,0.0,0.0,0.0,9.145928695385091,0.0,0.0,7.0,0.0,0.0,0.6916462336407175
2392.0,1.0,0.0,0.0,11.24031836777398,14.0,0.0,0.0,0.0,0.0,1.0,0.0,0.0,8.97963955570809,0.0,0.0,6.0,1.0,0.0,0.6918008506954977
2400.0,0.0,0.0,0.0,10.885717795602108,11.0,0.0,0.0,0.0,0.0,0.0,0.0,0.0,9.542222557083443,0.0,0.0,6.0,0.0,0.0,0.7586057825090647
2408.0,0.0,0.0,0.0,9.221435688555124,14.0,0.0,0.0,0.0,0.0,0.0,0.0,0.0,8.966538456593545,0.0,0.0,5.0,0.0,0.0,0.6957233739623924
2416.0,2.0,6.0,0.3333333333333333,7.655657234045358,18.0,6.0,0.3333333333333333,6.0,0.3333333333333333,2.0,6.0,6.0,5.286261259781887,0.75,0.75,8.0,2.0,6.0,0.3755777613969442
2424.0,1.0,0.0,0.0,8.348268647906252,19.0,17.0,0.8947368421052632,11.0,0.5789473684210527,0.0,0.0,0.0,9.655414464528784,0.0,0.0,5.0,0.0,0.0,0.7116041927381926
2432.0,0.0,0.0,0.0,8.848534954165691,19.0,17.0,0.8947368421052632,0.0,0.0,0.0,0.0,0.0,8.398372175228497,0.0,0.0,6.0,0.0,0.0,0.5876414785937799
2440.0,3.0,16.0,1.0,7.770465880473807,16.0,16.0,1.0,0.0,0.0,1.0,8.0,8.0,8.811354358495125,1.3333333333333333,1.3333333333333333,6.0,1.0,8.0,0.6151962752455191
2448.0,4.0,6.0,0.3529411764705882,6.59486668621903,17.0,29.0,1.7058823529411764,13.0,0.7647058823529411,2.0,2.0,0.0,6.157273806615489,0.25,0.25,8.0,2.0,2.0,0.4349872330344269
2456.0,1.0,1.0,0.0588235294117647,8.29907507769571,17.0,44.0,2.588235294117647,15.0,0.8823529411764706,0.0,0.0,0.0,8.394084839836697,0.0,0.0,6.0,0.0,0.0,0.5867497171828462
2464.0,5.0,11.0,0.5789473684210527,6.408491293755427,19.0,37.0,1.947368421052632,0.0,0.0,5.0,11.0,11.0,4.49023311538321,0.9166666666666666,0.9166666666666666,12.0,5.0,11.0,0.3242618635295376
2472.0,0.0,0.0,0.0,8.743392501467406,18.0,28.0,1.5555555555555556,0.0,0.0,0.0,0.0,0.0,9.04269088685671,0.0,0.0,9.0,0.0,0.0,0.6654218488911335
2480.0,6.0,13.0,0.5652173913043478,7.53310417516205,23.0,38.0,1.6521739130434785,10.0,0.4347826086956521,6.0,13.0,13.0,4.110755992778029,0.9285714285714286,0.9285714285714286,14.0,6.0,13.0,0.2997467344651512
2488.0,1.0,0.0,0.0,7.5335906158150205,22.0,35.0,1.5909090909090908,0.0,0.0,1.0,0.0,0.0,7.640998875443804,0.0,0.0,10.0,1.0,0.0,0.5327356382830101
2496.0,3.0,4.0,0.1428571428571428,9.663726195650126,28.0,45.0,1.6071428571428572,10.0,0.3571428571428571,1.0,3.0,3.0,8.380829505365222,0.5,0.5,6.0,1.0,3.0,0.590205111303643
2504.0,1.0,4.0,0.1739130434782608,7.299000421643611,23.0,29.0,1.2608695652173914,0.0,0.0,1.0,9.0,6.0,6.13175975379807,1.0,1.0,9.0,1.0,9.0,0.4486257221887981
2512.0,4.0,9.0,0.4090909090909091,6.521764348139266,22.0,36.0,1.6363636363636365,7.0,0.3181818181818182,3.0,11.0,2.0,5.270430170359689,1.2222222222222223,1.2222222222222223,9.0,3.0,11.0,0.3990911988225066
2520.0,6.0,51.0,2.3181818181818183,8.070824457129305,22.0,70.0,3.1818181818181817,34.0,1.5454545454545454,2.0,27.0,16.0,6.941707890340892,3.857142857142857,3.857142857142857,7.0,2.0,27.0,0.5200981213879997
2528.0,4.0,28.0,1.4,6.916145277165635,20.0,97.0,4.85,27.0,1.35,1.0,2.0,0.0,6.119999252928672,0.2857142857142857,0.2857142857142857,7.0,1.0,2.0,0.45314664069819
2536.0,3.0,10.0,0.5263157894736842,6.618449649510859,19.0,109.0,5.7368421052631575,12.0,0.631578947368421,2.0,39.0,37.0,6.549665958977748,3.9,3.9,10.0,2.0,39.0,0.4509277966767203
2544.0,7.0,47.0,2.136363636363636,7.937294519216602,22.0,113.0,5.136363636363637,4.0,0.1818181818181818,3.0,55.0,16.0,6.750836736951693,7.857142857142857,7.857142857142857,7.0,3.0,55.0,0.4712519906252388
2552.0,7.0,38.0,2.0,5.145264112841457,19.0,146.0,7.684210526315789,33.0,1.736842105263158,4.0,6.0,0.0,4.350572795649804,0.6666666666666666,0.6666666666666666,9.0,4.0,6.0,0.3326790160097927
2560.0,4.0,4.0,0.1739130434782608,7.347885910695757,23.0,161.0,7.0,15.0,0.6521739130434783,3.0,64.0,58.0,6.43394945962873,5.818181818181818,5.818181818181818,11.0,3.0,64.0,0.4506470385476112
2568.0,8.0,40.0,1.4814814814814814,7.957329909244457,27.0,135.0,5.0,0.0,0.0,2.0,80.0,16.0,6.782892392697495,8.0,8.0,10.0,2.0,80.0,0.4603939037624684
2576.0,10.0,97.0,4.041666666666667,6.311906489025017,24.0,177.0,7.375,42.0,1.75,4.0,96.0,16.0,6.446212247390393,8.727272727272727,8.727272727272727,11.0,4.0,96.0,0.4407606656189776
2584.0,8.0,57.0,2.590909090909091,4.927403883458179,22.0,234.0,10.636363636363637,57.0,2.590909090909091,5.0,13.0,0.0,4.318910681124896,1.181818181818182,1.181818181818182,11.0,5.0,13.0,0.3091513043576547
2592.0,3.0,9.0,0.4090909090909091,6.252398258250432,22.0,255.0,11.590909090909092,21.0,0.9545454545454546,2.0,70.0,57.0,5.97213304838182,10.0,10.0,7.0,2.0,70.0,0.4613841332783162
2600.0,8.0,52.0,2.1666666666666665,8.613638983406467,24.0,196.0,8.166666666666666,0.0,0.0,3.0,86.0,16.0,6.447252954454571,12.285714285714286,12.285714285714286,7.0,3.0,86.0,0.4631166064749648
2608.0,6.0,49.0,2.45,5.883762318320022,20.0,207.0,10.35,11.0,0.55,3.0,6.0,0.0,5.811115088032332,0.5454545454545454,0.5454545454545454,11.0,3.0,6.0,0.4182083132238219
2616.0,5.0,12.0,0.6,6.634037675604546,20.0,232.0,11.6,25.0,1.25,4.0,82.0,76.0,4.93647866001127,9.11111111111111,9.11111111111111,9.0,4.0,82.0,0.3646913237614838
2624.0,6.0,37.0,1.608695652173913,6.912837682244127,23.0,177.0,7.695652173913044,0.0,0.0,2.0,91.0,9.0,6.055103792873953,15.166666666666666,15.166666666666666,6.0,2.0,91.0,0.3962633505267772
2632.0,7.0,90.0,5.294117647058823,6.878974497392995,17.0,222.0,13.058823529411764,45.0,2.647058823529412,2.0,107.0,16.0,0.0,53.5,53.5,2.0,2.0,107.0,0.0
2640.0,6.0,130.0,8.125,6.561965080499779,16.0,257.0,16.0625,35.0,2.1875,2.0,123.0,16.0,3.3240009279036897,24.6,24.6,5.0,2.0,123.0,0.2300559715295624
2648.0,5.0,77.0,5.923076923076923,5.054885005173504,13.0,279.0,21.46153846153846,22.0,1.6923076923076923,2.0,0.0,0.0,7.149937738528269,0.0,0.0,6.0,2.0,0.0,0.5133490276273553
2656.0,1.0,2.0,0.1111111111111111,6.6399213951571605,18.0,286.0,15.88888888888889,7.0,0.3888888888888889,1.0,105.0,105.0,5.84289098379796,13.125,13.125,8.0,1.0,105.0,0.4371272783791357
2664.0,4.0,17.0,0.7727272727272727,4.885147690311531,22.0,193.0,8.772727272727273,0.0,0.0,3.0,14.0,0.0,4.986612875169885,1.2727272727272727,1.2727272727272727,11.0,3.0,14.0,0.3826952102179995
2672.0,5.0,9.0,0.3214285714285714,6.008183213499926,28.0,220.0,7.857142857142857,27.0,0.9642857142857144,3.0,69.0,55.0,5.982484072846923,6.9,6.9,10.0,3.0,69.0,0.4484349114782689
2680.0,10.0,58.0,1.7575757575757576,6.064514741018014,33.0,157.0,4.757575757575758,0.0,0.0,2.0,85.0,16.0,6.042331352014766,6.538461538461538,6.538461538461538,13.0,2.0,85.0,0.4420088517141345
2688.0,14.0,154.0,5.133333333333334,4.886311486121665,30.0,227.0,7.566666666666666,70.0,2.333333333333333,4.0,106.0,21.0,5.605172863319082,8.153846153846153,8.153846153846153,13.0,4.0,106.0,0.3900842774685261
2696.0,15.0,267.0,8.9,4.761655872820183,30.0,341.0,11.366666666666667,114.0,3.8,4.0,138.0,32.0,5.737960444377038,13.8,13.8,10.0,4.0,138.0,0.4258152304310552
2704.0,16.0,268.0,10.307692307692308,2.362733485775026,26.0,462.0,17.76923076923077,121.0,4.653846153846154,5.0,70.0,0.0,2.687479612441559,7.0,7.0,10.0,5.0,70.0,0.2038223741729219
2712.0,7.0,33.0,1.137931034482759,3.956800493513028,29.0,542.0,18.689655172413797,80.0,2.7586206896551726,3.0,92.0,22.0,2.7076300212339683,10.22222222222222,10.22222222222222,9.0,3.0,92.0,0.1892507874623937
2720.0,7.0,25.0,0.8928571428571429,4.8870783241679465,28.0,420.0,15.0,0.0,0.0,2.0,25.0,0.0,1.971318625789326,4.166666666666667,4.166666666666667,6.0,2.0,25.0,0.1288776557861954
2728.0,6.0,24.0,1.0434782608695652,3.788852133308378,23.0,440.0,19.130434782608692,20.0,0.8695652173913043,2.0,111.0,86.0,1.319541355790917,22.2,22.2,5.0,2.0,111.0,0.1075811644818152
2736.0,12.0,86.0,4.095238095238095,3.2353617320037027,21.0,423.0,20.142857142857142,0.0,0.0,2.0,107.0,0.0,2.814962755976012,26.75,26.75,4.0,2.0,107.0,0.2043671016167599
2744.0,7.0,65.0,2.9545454545454546,3.5911989136292792,22.0,483.0,21.954545454545453,60.0,2.727272727272727,0.0,21.0,0.0,6.362321902996065,4.2,4.2,5.0,0.0,21.0,0.4399957797384358
2752.0,4.0,25.0,0.8928571428571429,5.13956524941411,28.0,515.0,18.392857142857142,32.0,1.1428571428571428,2.0,83.0,62.0,2.8878914063095267,13.833333333333334,13.833333333333334,6.0,2.0,83.0,0.2046346716048129
2760.0,6.0,19.0,0.6785714285714286,5.251860960349382,28.0,429.0,15.321428571428571,0.0,0.0,1.0,2.0,0.0,7.112511371566467,0.4,0.4,5.0,1.0,2.0,0.5239719515104178
2768.0,5.0,9.0,0.3333333333333333,4.477264688402535,27.0,445.0,16.48148148148148,16.0,0.5925925925925926,2.0,127.0,125.0,5.583114434884649,31.75,31.75,4.0,2.0,127.0,0.4115910827795909
2776.0,4.0,18.0,0.6206896551724138,5.861694793770193,29.0,396.0,13.655172413793103,0.0,0.0,0.0,0.0,0.0,7.980419200542382,0.0,0.0,1.0,0.0,0.0,0.5040888409381314
2784.0,4.0,9.0,0.3214285714285714,4.606824729392521,28.0,397.0,14.178571428571429,1.0,0.0357142857142857,2.0,125.0,125.0,2.7401794196983644,41.66666666666666,41.66666666666666,3.0,2.0,125.0,0.167147577596098
2792.0,4.0,16.0,0.5714285714285714,3.763198422050872,28.0,298.0,10.642857142857142,0.0,0.0,1.0,2.0,0.0,3.069600321546373,1.0,1.0,2.0,1.0,2.0,0.2134716968939583
2800.0,7.0,23.0,0.7931034482758621,3.6605490761182784,29.0,333.0,11.482758620689657,35.0,1.206896551724138,2.0,95.0,93.0,5.409867408753195,19.0,19.0,5.0,2.0,95.0,0.3825950555059983
2808.0,10.0,44.0,1.2941176470588236,3.444094731909754,34.0,258.0,7.588235294117647,0.0,0.0,4.0,112.0,17.0,2.987284741050767,18.666666666666668,18.666666666666668,6.0,4.0,112.0,0.2369365586592901
2816.0,6.0,17.0,0.4594594594594595,2.9308870925761368,37.0,295.0,7.972972972972973,37.0,1.0,3.0,16.0,0.0,2.5336544640891,2.2857142857142856,2.2857142857142856,7.0,3.0,16.0,0.1895191781170674
2824.0,4.0,11.0,0.2894736842105263,3.582681478809388,38.0,319.0,8.394736842105264,24.0,0.631578947368421,3.0,113.0,97.0,3.427512797714732,22.6,22.6,5.0,3.0,113.0,0.2617080324345121
2832.0,7.0,20.0,0.5263157894736842,3.041813589325816,38.0,224.0,5.894736842105263,0.0,0.0,2.0,6.0,0.0,0.7817904798755098,1.5,1.5,4.0,2.0,6.0,0.0706257728485458
2840.0,7.0,26.0,0.7428571428571429,3.960902574450287,35.0,250.0,7.142857142857143,26.0,0.7428571428571429,2.0,8.0,2.0,2.9191533230710776,2.6666666666666665,2.6666666666666665,3.0,2.0,8.0,0.1887032549119797
2848.0,7.0,16.0,0.4848484848484848,3.823281839086388,33.0,154.0,4.666666666666667,0.0,0.0,2.0,3.0,0.0,3.1787830700906965,0.75,0.75,4.0,2.0,3.0,0.2102435091167461
2856.0,2.0,7.0,0.2413793103448276,4.397660185273232,29.0,170.0,5.862068965517241,16.0,0.5517241379310345,0.0,0.0,0.0,5.490319425868803,0.0,0.0,1.0,0.0,0.0,0.4002258040198486
2864.0,1.0,3.0,0.0967741935483871,6.2145467415837965,31.0,128.0,4.129032258064516,0.0,0.0,1.0,20.0,20.0,5.854654252438704,3.333333333333333,3.333333333333333,6.0,1.0,20.0,0.4412139418782628
2872.0,4.0,3.0,0.1034482758620689,5.357195405892647,29.0,102.0,3.5172413793103448,0.0,0.0,2.0,3.0,0.0,6.564161812663645,0.5,0.5,6.0,2.0,3.0,0.4827379291845062
2880.0,3.0,6.0,0.2068965517241379,4.392927211137025,29.0,101.0,3.4827586206896552,0.0,0.0,1.0,5.0,2.0,0.0002234753706525,5.0,5.0,1.0,1.0,5.0,1.6536059495796624e-05
2888.0,6.0,30.0,1.0344827586206895,4.522439577209505,29.0,94.0,3.2413793103448274,0.0,0.0,1.0,13.0,8.0,3.712874570289913,6.5,6.5,2.0,1.0,13.0,0.2883939953839274
2896.0,3.0,26.0,0.9285714285714286,4.199653928256589,28.0,120.0,4.285714285714286,26.0,0.9285714285714286,1.0,21.0,8.0,2.928232880128781,5.25,5.25,4.0,1.0,21.0,0.1891764574073959
2904.0,2.0,4.0,0.1481481481481481,4.999024189178243,27.0,109.0,4.037037037037037,0.0,0.0,1.0,3.0,0.0,6.429726634363821,0.5,0.5,6.0,1.0,3.0,0.4462849037266774
2912.0,4.0,7.0,0.2916666666666667,5.866502736705151,24.0,88.0,3.6666666666666665,0.0,0.0,1.0,0.0,0.0,7.019371816705511,0.0,0.0,3.0,1.0,0.0,0.4563889425578193
2920.0,4.0,11.0,0.4782608695652174,5.946643878684358,23.0,70.0,3.0434782608695654,0.0,0.0,1.0,5.0,5.0,4.9256857965569765,1.6666666666666667,1.6666666666666667,3.0,1.0,5.0,0.3660842324380071
2928.0,1.0,13.0,0.5909090909090909,4.390713554939574,22.0,74.0,3.363636363636364,4.0,0.1818181818181818,1.0,13.0,8.0,6.572488336085479,2.6,2.6,5.0,1.0,13.0,0.4975096535619706
2936.0,5.0,5.0,0.2,4.604763926635893,25.0,53.0,2.12,0.0,0.0,4.0,5.0,0.0,0.71753310857282,0.8333333333333334,0.8333333333333334,6.0,4.0,5.0,0.0531559367194111
2944.0,2.0,2.0,0.0869565217391304,6.915882056793205,23.0,39.0,1.6956521739130437,0.0,0.0,0.0,0.0,0.0,10.303789001673431,0.0,0.0,3.0,0.0,0.0,0.7516115549092882
2952.0,1.0,1.0,0.0416666666666666,5.907515185690681,24.0,26.0,1.0833333333333333,0.0,0.0,0.0,0.0,0.0,12.811325825890526,0.0,0.0,1.0,0.0,0.0,0.9577889893514318
2976.0,2.0,1.0,0.0666666666666666,3.9718821819254697,15.0,49.0,3.2666666666666666,0.0,0.0,0.0,0.0,0.0,7.539948511798866,0.0,0.0,1.0,0.0,0.0,0.5286330704245531
2984.0,0.0,0.0,0.0,6.137849151112182,18.0,36.0,2.0,0.0,0.0,0.0,0.0,0.0,5.224238363117912,0.0,0.0,2.0,0.0,0.0,0.3842949814632048
2992.0,6.0,24.0,1.3333333333333333,5.447850329470584,18.0,51.0,2.833333333333333,15.0,0.8333333333333334,0.0,0.0,0.0,8.193134238443326,0.0,0.0,3.0,0.0,0.0,0.5334236217839049
3008.0,4.0,15.0,1.3636363636363635,3.2699730400474376,11.0,83.0,7.545454545454546,5.0,0.4545454545454545,1.0,19.0,19.0,1.0136731674079784,9.5,9.5,2.0,1.0,19.0,0.0690503748608105
3016.0,1.0,0.0,0.0,5.864536678112318,15.0,102.0,6.8,19.0,1.2666666666666666,1.0,0.0,0.0,7.184631244729916,0.0,0.0,5.0,1.0,0.0,0.4893116438070248
3024.0,4.0,8.0,0.4,7.000599825215457,20.0,95.0,4.75,0.0,0.0,2.0,33.0,33.0,6.745536607841257,4.714285714285714,4.714285714285714,7.0,2.0,33.0,0.5169726318049502
3032.0,6.0,29.0,1.2608695652173914,5.447790934028896,23.0,108.0,4.695652173913044,13.0,0.5652173913043478,2.0,5.0,0.0,5.894992027383986,0.5555555555555556,0.5555555555555556,9.0,2.0,5.0,0.4350257116832213
3040.0,5.0,67.0,2.392857142857143,6.542852268295024,28.0,155.0,5.535714285714286,47.0,1.6785714285714286,1.0,11.0,6.0,7.4977115300958355,1.375,1.375,8.0,1.0,11.0,0.534598770519318
3096.0,4.0,26.0,1.8571428571428568,7.587509965788766,14.0,128.0,9.142857142857142,0.0,0.0,2.0,44.0,37.0,5.268178908543712,7.333333333333333,7.333333333333333,6.0,2.0,44.0,0.3536866537241035
3104.0,4.0,7.0,0.4666666666666667,5.442962031016888,15.0,142.0,9.466666666666669,14.0,0.9333333333333332,3.0,14.0,0.0,4.304613226851444,1.5555555555555556,1.5555555555555556,9.0,3.0,14.0,0.3005600893731648
3112.0,2.0,3.0,0.1666666666666666,9.083077721921727,18.0,154.0,8.555555555555555,12.0,0.6666666666666666,2.0,36.0,22.0,7.902751198254216,4.5,4.5,8.0,2.0,36.0,0.5680619392562413
3120.0,3.0,9.0,0.4736842105263157,8.325271596207697,19.0,64.0,3.3684210526315788,0.0,0.0,3.0,9.0,0.0,3.8546475257657584,0.9,0.9,10.0,3.0,9.0,0.2666776377420216
3128.0,0.0,0.0,0.0,9.05601285564506,15.0,68.0,4.533333333333333,4.0,0.2666666666666666,0.0,0.0,0.0,7.423224587753755,0.0,0.0,5.0,0.0,0.0,0.5473020763815419
3136.0,0.0,0.0,0.0,11.727237134893729,14.0,29.0,2.071428571428572,0.0,0.0,0.0,0.0,0.0,11.000394041090336,0.0,0.0,3.0,0.0,0.0,0.8216926761729759
3144.0,0.0,0.0,0.0,10.489039918069285,5.0,0.0,0.0,0.0,0.0,0.0,0.0,0.0,1.5286908124573528,0.0,0.0,1.0,0.0,0.0,0.134643872808306
3152.0,0.0,0.0,0.0,11.716327243837457,4.0,0.0,0.0,0.0,0.0,0.0,0.0,0.0,10.975327011796686,0.0,0.0,2.0,0.0,0.0,0.8719879941101002
3160.0,1.0,0.0,0.0,7.987376472358759,5.0,0.0,0.0,0.0,0.0,1.0,0.0,0.0,5.173350341191205,0.0,0.0,3.0,1.0,0.0,0.3765179191372572
3168.0,1.0,0.0,0.0,8.016251588796104,7.0,0.0,0.0,0.0,0.0,0.0,0.0,0.0,6.100433275068645,0.0,0.0,2.0,0.0,0.0,0.4026501184578538
3176.0,1.0,0.0,0.0,9.984190037969377,8.0,0.0,0.0,0.0,0.0,0.0,0.0,0.0,13.627011270349154,0.0,0.0,1.0,0.0,0.0,0.973753031700314
3184.0,1.0,1.0,0.125,7.919746778092744,8.0,1.0,0.125,1.0,0.125,1.0,1.0,1.0,5.413625752241768,0.25,0.25,4.0,1.0,1.0,0.3551167713352669
3192.0,0.0,0.0,0.0,10.44719069302824,15.0,4.0,0.2666666666666666,3.0,0.2,0.0,0.0,0.0,8.627692986008402,0.0,0.0,8.0,0.0,0.0,0.5942261360950245
3200.0,2.0,1.0,0.0588235294117647,9.61947241050013,17.0,7.0,0.4117647058823529,3.0,0.1764705882352941,1.0,0.0,0.0,7.99662538001328,0.0,0.0,7.0,1.0,0.0,0.5760782280985476
3208.0,5.0,16.0,0.8421052631578947,8.873717278314565,19.0,18.0,0.9473684210526316,11.0,0.5789473684210527,2.0,3.0,3.0,7.299509262029502,0.4285714285714285,0.4285714285714285,7.0,2.0,3.0,0.5559483071294077
3216.0,2.0,5.0,0.3333333333333333,8.887339968592965,15.0,25.0,1.6666666666666667,7.0,0.4666666666666667,2.0,5.0,2.0,6.502396041258586,0.625,0.625,8.0,2.0,5.0,0.4676098819370709
3224.0,5.0,38.0,2.7142857142857144,5.236692681183454,14.0,44.0,3.142857142857143,19.0,1.3571428571428572,5.0,38.0,33.0,3.619430285574147,3.4545454545454546,3.4545454545454546,11.0,5.0,38.0,0.2725900429835253
3232.0,1.0,0.0,0.0,7.548442698041337,17.0,61.0,3.588235294117647,17.0,1.0,1.0,10.0,0.0,6.802398347557448,1.25,1.25,8.0,1.0,10.0,0.4924297200937305
3240.0,0.0,0.0,0.0,10.915074964144376,19.0,46.0,2.421052631578948,0.0,0.0,0.0,0.0,0.0,9.492128177552848,0.0,0.0,6.0,0.0,0.0,0.6588279351817059
3248.0,2.0,9.0,0.75,8.917478856066415,12.0,9.0,0.75,0.0,0.0,2.0,9.0,9.0,7.280227125635629,1.2857142857142858,1.2857142857142858,7.0,2.0,9.0,0.5035971443513508
3256.0,4.0,15.0,1.0,7.412869986130234,15.0,25.0,1.6666666666666667,16.0,1.0666666666666669,4.0,15.0,6.0,5.937090713076739,1.3636363636363635,1.3636363636363635,11.0,4.0,15.0,0.4161918720135002
3264.0,1.0,3.0,0.1764705882352941,8.52434310492778,17.0,37.0,2.176470588235294,12.0,0.7058823529411765,1.0,3.0,0.0,7.120579673884265,0.4285714285714285,0.4285714285714285,7.0,1.0,3.0,0.500382992572581
3272.0,2.0,8.0,0.4444444444444444,9.657018555809492,18.0,38.0,2.111111111111111,1.0,0.0555555555555555,2.0,8.0,5.0,6.932636941053083,0.8888888888888888,0.8888888888888888,9.0,2.0,8.0,0.4722721990977668
3280.0,1.0,0.0,0.0,7.0214573762180095,17.0,23.0,1.3529411764705883,0.0,0.0,1.0,0.0,0.0,7.095202930236064,0.0,0.0,9.0,1.0,0.0,0.5150289074248052
3288.0,4.0,19.0,0.7916666666666666,8.75850620068981,24.0,36.0,1.5,13.0,0.5416666666666666,2.0,5.0,5.0,6.291451876247072,0.5,0.5,10.0,2.0,5.0,0.495404368995031
3296.0,4.0,9.0,0.4090909090909091,7.9052348799830785,22.0,32.0,1.4545454545454546,0.0,0.0,3.0,9.0,4.0,5.248101502537824,0.8181818181818182,0.8181818181818182,11.0,3.0,9.0,0.4104032607357547
3304.0,2.0,15.0,0.7894736842105263,6.6273432484755785,19.0,26.0,1.368421052631579,0.0,0.0,1.0,14.0,5.0,4.674041767324877,2.0,2.0,7.0,1.0,14.0,0.3294125516494021
3312.0,5.0,48.0,2.526315789473684,7.653148059820851,19.0,59.0,3.1052631578947367,33.0,1.736842105263158,3.0,30.0,16.0,2.3515848226601803,6.0,6.0,5.0,3.0,30.0,0.197118822712013
3320.0,3.0,34.0,2.6153846153846154,6.496141739201763,13.0,75.0,5.769230769230769,16.0,1.2307692307692308,1.0,33.0,3.0,3.9559996581095223,11.0,11.0,3.0,1.0,33.0,0.2749080420223934
3328.0,2.0,4.0,0.5,7.1241974767181375,8.0,70.0,8.75,0.0,0.0,2.0,8.0,0.0,0.0003269077195213,4.0,4.0,2.0,2.0,8.0,2.3075278315346333e-05
3336.0,1.0,3.0,0.6,8.261145104651199,5.0,60.0,12.0,0.0,0.0,1.0,10.0,2.0,2.00268402065651,5.0,5.0,2.0,1.0,10.0,0.1398129046447975
3344.0,2.0,11.0,2.2,3.410125309515158,5.0,21.0,4.2,0.0,0.0,1.0,18.0,8.0,2.513081357801907,6.0,6.0,3.0,1.0,18.0,0.1852084954029043
3352.0,1.0,3.0,0.4285714285714285,6.746126288631925,7.0,27.0,3.857142857142857,6.0,0.8571428571428571,1.0,3.0,0.0,0.1443926934173425,1.5,1.5,2.0,1.0,3.0,0.0094396033643151
3360.0,0.0,0.0,0.0,7.827168358262535,9.0,31.0,3.4444444444444446,4.0,0.4444444444444444,0.0,0.0,0.0,4.294369308770724,0.0,0.0,2.0,0.0,0.0,0.319054667744954
3368.0,0.0,0.0,0.0,8.38450299302353,10.0,6.0,0.6,0.0,0.0,0.0,0.0,0.0,3.7344487487338487,0.0,0.0,1.0,0.0,0.0,0.2658579651040574
3376.0,1.0,0.0,0.0,8.044803909377542,13.0,0.0,0.0,0.0,0.0,0.0,0.0,0.0,4.802384159970097,0.0,0.0,2.0,0.0,0.0,0.3308831499413989
3392.0,1.0,0.0,0.0,5.217286014329659,8.0,0.0,0.0,0.0,0.0,0.0,0.0,0.0,4.4966755828587335,0.0,0.0,1.0,0.0,0.0,0.3006864772494393
3400.0,1.0,0.0,0.0,6.708355746170208,12.0,0.0,0.0,0.0,0.0,1.0,0.0,0.0,7.989889269350747,0.0,0.0,4.0,1.0,0.0,0.5760180817223746
3408.0,1.0,0.0,0.0,6.276113628110736,14.0,0.0,0.0,0.0,0.0,0.0,0.0,0.0,9.065165232284926,0.0,0.0,1.0,0.0,0.0,0.5558222492021808
3416.0,1.0,2.0,0.1538461538461538,6.485023303165799,13.0,2.0,0.1538461538461538,2.0,0.1538461538461538,1.0,2.0,2.0,3.87478904943424,1.0,1.0,2.0,1.0,2.0,0.3096152808379019
3424.0,2.0,14.0,1.2727272727272727,4.953641515532998,11.0,14.0,1.2727272727272727,12.0,1.0909090909090908,2.0,14.0,12.0,0.8429239472212706,4.666666666666667,4.666666666666667,3.0,2.0,14.0,0.0537190374357945
3432.0,1.0,12.0,1.0909090909090908,5.234758357534176,11.0,29.0,2.636363636363636,15.0,1.3636363636363635,1.0,12.0,0.0,2.223635618074332,6.0,6.0,2.0,1.0,12.0,0.149138161148101
3440.0,1.0,3.0,0.25,6.511834428461941,12.0,35.0,2.9166666666666665,6.0,0.5,1.0,3.0,0.0,0.0104706242707316,3.0,3.0,1.0,1.0,3.0,0.0007150337613413
3448.0,2.0,15.0,1.3636363636363635,6.11108426376145,11.0,30.0,2.727272727272727,0.0,0.0,2.0,15.0,12.0,0.0,7.5,7.5,2.0,2.0,15.0,0.0
3456.0,6.0,46.0,3.5384615384615383,1.8962043741527903,13.0,46.0,3.5384615384615383,16.0,1.2307692307692308,3.0,31.0,16.0,1.065129807055928,7.75,7.75,4.0,3.0,31.0,0.0736327135647334
3464.0,2.0,13.0,0.6842105263157895,5.805577881198746,19.0,73.0,3.842105263157895,27.0,1.4210526315789471,0.0,11.0,0.0,9.429756351598316,1.8333333333333333,1.8333333333333333,6.0,0.0,11.0,0.6378835238598878
3472.0,3.0,22.0,0.9565217391304348,6.277197383570719,23.0,82.0,3.565217391304348,9.0,0.391304347826087,0.0,0.0,0.0,7.87361175202595,0.0,0.0,3.0,0.0,0.0,0.5976344617048457
3480.0,3.0,8.0,0.3478260869565217,6.227052818726446,23.0,47.0,2.0434782608695654,0.0,0.0,3.0,8.0,8.0,1.9972427960175485,1.6,1.6,5.0,3.0,8.0,0.1426163642828933
3488.0,2.0,7.0,0.35,5.765892003902194,20.0,52.0,2.6,5.0,0.25,2.0,35.0,27.0,5.159921905295091,7.0,7.0,5.0,2.0,35.0,0.3700289629153376
3496.0,3.0,6.0,0.3157894736842105,5.749515015232729,19.0,79.0,4.157894736842105,27.0,1.4210526315789471,2.0,4.0,0.0,2.247100721202829,1.3333333333333333,1.3333333333333333,3.0,2.0,4.0,0.1553028600698498
3504.0,3.0,1.0,0.0526315789473684,5.0572639286464085,19.0,64.0,3.3684210526315788,0.0,0.0,1.0,0.0,0.0,5.840523595700506,0.0,0.0,2.0,1.0,0.0,0.4275979107328598
3512.0,7.0,21.0,1.0,4.835857094054442,21.0,39.0,1.8571428571428568,0.0,0.0,1.0,0.0,0.0,0.0,0.0,0.0,1.0,1.0,0.0,0.0
3520.0,6.0,38.0,1.809523809523809,4.621828177845893,21.0,79.0,3.761904761904762,40.0,1.9047619047619049,1.0,0.0,0.0,7.203792166096807,0.0,0.0,2.0,1.0,0.0,0.4971108064552223
3528.0,3.0,3.0,0.125,4.1886718989493135,24.0,83.0,3.458333333333333,4.0,0.1666666666666666,0.0,0.0,0.0,6.800543645047583,0.0,0.0,2.0,0.0,0.0,0.4394189437225485
3536.0,5.0,17.0,0.5862068965517241,5.2891407534769295,29.0,103.0,3.5517241379310347,20.0,0.6896551724137931,1.0,0.0,0.0,2.076277096253851,0.0,0.0,2.0,1.0,0.0,0.1542036049713608
3544.0,6.0,22.0,0.8461538461538461,4.226827868755019,26.0,125.0,4.807692307692308,22.0,0.8461538461538461,0.0,0.0,0.0,7.278497093204671,0.0,0.0,3.0,0.0,0.0,0.5407146740480161
3552.0,3.0,8.0,0.3076923076923077,4.974795078345823,26.0,123.0,4.730769230769231,0.0,0.0,0.0,0.0,0.0,6.625724118321807,0.0,0.0,4.0,0.0,0.0,0.4964137954070906
3560.0,3.0,8.0,0.32,5.851213562842331,25.0,99.0,3.96,0.0,0.0,1.0,0.0,0.0,7.095942497482605,0.0,0.0,4.0,1.0,0.0,0.520541559788896
3568.0,5.0,13.0,0.5909090909090909,3.704977848460842,22.0,111.0,5.045454545454546,12.0,0.5454545454545454,3.0,7.0,7.0,2.2517144128497097,1.4,1.4,5.0,3.0,7.0,0.1695341213004881
3584.0,0.0,0.0,0.0,7.126716844581909,22.0,102.0,4.636363636363637,0.0,0.0,0.0,0.0,0.0,2.595104082208127,0.0,0.0,1.0,0.0,0.0,0.1966764157753829
3592.0,1.0,4.0,0.2857142857142857,5.946572164395218,14.0,41.0,2.9285714285714284,0.0,0.0,1.0,14.0,14.0,7.819738282043533,4.666666666666667,4.666666666666667,3.0,1.0,14.0,0.6064127937376952
3600.0,2.0,4.0,0.2666666666666666,3.973783909914027,15.0,31.0,2.066666666666667,0.0,0.0,1.0,2.0,0.0,3.2786837767740606,1.0,1.0,2.0,1.0,2.0,0.2604429714713226
3584.0,4.0,38.0,2.235294117647059,2.831783480864237,17.0,333.0,19.58823529411765,36.0,2.117647058823529,0.0,0.0,0.0,1.4424105677753687,0.0,0.0,1.0,0.0,0.0,0.1093166715321913
3592.0,0.0,0.0,0.0,5.921294017289338,16.0,264.0,16.5,0.0,0.0,0.0,30.0,30.0,10.25918629640376,10.0,10.0,3.0,0.0,30.0,0.7926766562543047
3600.0,1.0,5.0,0.2777777777777778,5.829302680125824,18.0,210.0,11.666666666666666,0.0,0.0,1.0,35.0,5.0,0.000744465544854,35.0,35.0,1.0,1.0,35.0,5.663955692711003e-05
