step,system_total_stopped,system_total_waiting_time,system_mean_waiting_time,system_mean_speed,system_cars_present,system_accumulated_waiting_time (100),system_accumulated_mean_waiting_time (100),system_accumulated_waiting_time (delta),system_accumulated_mean_waiting_time (delta),agents_total_stopped,agents_total_accumulated_waiting_time (100),agents_total_accumulated_waiting_time (delta),agents_mean_speed,agents_mean_waiting_time (100),agents_mean_waiting_time (delta),agents_cars_present,Col1_1_stopped,Col1_1_accumulated_waiting_time,Col1_1_average_speed
8.0,1.0,0.0,0.0,5.4636110218474645,2.0,0.0,0.0,0.0,0.0,0.0,0.0,0.0,10.927222043694927,0.0,0.0,1.0,0.0,0.0,0.6897058233002138
16.0,0.0,0.0,0.0,11.067197671817828,3.0,0.0,0.0,0.0,0.0,0.0,0.0,0.0,8.857113367598505,0.0,0.0,1.0,0.0,0.0,0.6838168337323859
24.0,2.0,2.0,0.2857142857142857,6.180512592821676,7.0,2.0,0.2857142857142857,2.0,0.2857142857142857,2.0,2.0,2.0,4.841001876454377,0.3333333333333333,0.3333333333333333,6.0,2.0,2.0,0.3214614656350202
32.0,3.0,13.0,1.8571428571428568,7.917834587419534,7.0,13.0,1.8571428571428568,11.0,1.5714285714285714,3.0,13.0,11.0,7.917834587419534,1.8571428571428568,1.8571428571428568,7.0,3.0,13.0,0.4939047764822314
40.0,1.0,4.0,0.4444444444444444,9.046634951711845,9.0,29.0,3.2222222222222223,16.0,1.7777777777777777,1.0,10.0,0.0,9.75137003142895,1.6666666666666667,1.6666666666666667,6.0,1.0,10.0,0.6685513870442622
48.0,1.0,12.0,1.2,9.716522545545818,10.0,18.0,1.8,0.0,0.0,1.0,12.0,2.0,7.437969339667017,1.5,1.5,8.0,1.0,12.0,0.4897598034699867
56.0,4.0,38.0,3.4545454545454546,4.101271739424064,11.0,38.0,3.4545454545454546,20.0,1.818181818181818,4.0,38.0,26.0,4.101271739424064,3.4545454545454546,3.4545454545454546,11.0,4.0,38.0,0.2472665501084341
64.0,7.0,70.0,4.666666666666667,3.627559089347932,15.0,83.0,5.533333333333333,45.0,3.0,7.0,70.0,32.0,2.9210216768235493,5.384615384615385,5.384615384615385,13.0,7.0,70.0,0.1687304777879004
72.0,9.0,74.0,4.625,3.006220337308548,16.0,125.0,7.8125,42.0,2.625,9.0,74.0,4.0,2.0401833078657723,5.285714285714286,5.285714285714286,14.0,9.0,74.0,0.1153504779995158
80.0,2.0,6.0,0.2727272727272727,5.983949830627346,22.0,175.0,7.954545454545454,50.0,2.272727272727273,2.0,55.0,0.0,4.242472380235725,3.4375,3.4375,16.0,2.0,55.0,0.266629707720759
88.0,7.0,18.0,0.75,5.755194733820186,24.0,124.0,5.166666666666667,0.0,0.0,7.0,72.0,17.0,4.957074694174268,3.4285714285714284,3.4285714285714284,21.0,7.0,72.0,0.3260150805252316
96.0,4.0,12.0,0.3870967741935484,6.824994479276301,31.0,183.0,5.903225806451613,59.0,1.903225806451613,4.0,60.0,0.0,5.576319199051028,2.5,2.5,24.0,4.0,60.0,0.3682425649235608
104.0,2.0,5.0,0.1724137931034483,10.517913521122708,29.0,69.0,2.3793103448275863,0.0,0.0,2.0,11.0,0.0,8.785905065221796,0.5238095238095238,0.5238095238095238,21.0,2.0,11.0,0.5614779863571413
112.0,6.0,19.0,0.7037037037037037,6.315221075106793,27.0,36.0,1.3333333333333333,0.0,0.0,6.0,24.0,13.0,6.355310522916944,1.2,1.2,20.0,6.0,24.0,0.4096752737782119
120.0,3.0,4.0,0.1481481481481481,7.085004515824658,27.0,68.0,2.5185185185185186,32.0,1.1851851851851851,3.0,33.0,9.0,5.766951719040483,1.65,1.65,20.0,3.0,33.0,0.3876075313967776
128.0,9.0,27.0,1.0384615384615383,5.585690861861993,26.0,75.0,2.8846153846153846,7.0,0.2692307692307692,9.0,57.0,24.0,4.049511787337504,3.0,3.0,19.0,9.0,57.0,0.2806708952909275
136.0,4.0,15.0,0.5769230769230769,5.878102522744679,26.0,120.0,4.615384615384615,45.0,1.7307692307692308,4.0,60.0,3.0,4.8372592770018255,3.0,3.0,20.0,4.0,60.0,0.3360422763122702
144.0,4.0,29.0,1.16,10.418204381079802,25.0,81.0,3.24,0.0,0.0,3.0,25.0,0.0,8.087582413730418,1.7857142857142858,1.7857142857142858,14.0,3.0,25.0,0.5452993093845615
152.0,2.0,6.0,0.2857142857142857,8.184229664534113,21.0,49.0,2.333333333333333,0.0,0.0,2.0,7.0,0.0,7.206605906003678,0.4666666666666667,0.4666666666666667,15.0,2.0,7.0,0.4897378369587042
160.0,6.0,35.0,1.5217391304347827,7.938891329427538,23.0,43.0,1.8695652173913044,0.0,0.0,6.0,35.0,28.0,7.153258211137311,1.75,1.75,20.0,6.0,35.0,0.4524761647888136
168.0,4.0,8.0,0.2857142857142857,7.054465560311834,28.0,74.0,2.642857142857143,31.0,1.1071428571428572,4.0,23.0,0.0,6.117978574070541,1.0952380952380951,1.0952380952380951,21.0,4.0,23.0,0.3871683163762227
176.0,5.0,40.0,1.3793103448275863,9.928438277374894,29.0,69.0,2.3793103448275863,0.0,0.0,5.0,40.0,17.0,7.772013901736237,2.1052631578947367,2.1052631578947367,19.0,5.0,40.0,0.4946632521424797
184.0,2.0,5.0,0.1923076923076923,8.218363350085172,26.0,72.0,2.769230769230769,3.0,0.1153846153846153,2.0,19.0,0.0,7.5749839774340115,0.95,0.95,20.0,2.0,19.0,0.4976052078924476
192.0,6.0,37.0,1.3214285714285714,9.532937606856814,28.0,62.0,2.2142857142857144,0.0,0.0,6.0,37.0,18.0,7.539353490747713,1.761904761904762,1.761904761904762,21.0,6.0,37.0,0.4689681359082218
200.0,9.0,95.0,3.5185185185185186,7.022458165911632,27.0,95.0,3.5185185185185186,33.0,1.2222222222222223,9.0,95.0,58.0,6.076508020948764,3.9583333333333335,3.9583333333333335,24.0,9.0,95.0,0.399388721598958
208.0,4.0,15.0,0.5357142857142857,6.703735328130057,28.0,160.0,5.714285714285714,65.0,2.321428571428572,4.0,81.0,0.0,6.508370470967088,3.375,3.375,24.0,4.0,81.0,0.4254543537285165
216.0,5.0,28.0,0.9032258064516128,8.492902938040148,31.0,127.0,4.096774193548387,0.0,0.0,5.0,32.0,0.0,7.273805258011341,1.5238095238095235,1.5238095238095235,21.0,5.0,32.0,0.4855682351932759
224.0,8.0,78.0,2.7857142857142856,7.595737513012239,28.0,82.0,2.9285714285714284,0.0,0.0,8.0,78.0,46.0,6.181908103377695,3.5454545454545454,3.5454545454545454,22.0,8.0,78.0,0.436367334223996
232.0,4.0,4.0,0.1379310344827586,7.095552894257406,29.0,121.0,4.172413793103448,39.0,1.3448275862068966,3.0,56.0,0.0,6.850181241704272,2.4347826086956523,2.4347826086956523,23.0,3.0,56.0,0.4764069216260433
240.0,5.0,22.0,0.7857142857142857,9.03679498867893,28.0,59.0,2.107142857142857,0.0,0.0,4.0,21.0,0.0,7.943251736824362,1.105263157894737,1.105263157894737,19.0,4.0,21.0,0.5575133080463983
248.0,4.0,14.0,0.56,7.543421642611424,25.0,56.0,2.24,0.0,0.0,4.0,22.0,1.0,7.122366530533595,1.2222222222222223,1.2222222222222223,18.0,4.0,22.0,0.4945128381329886
256.0,0.0,0.0,0.0,9.646833152894672,20.0,44.0,2.2,0.0,0.0,0.0,13.0,0.0,9.444693083344248,0.9285714285714286,0.9285714285714286,14.0,0.0,13.0,0.6778435447684066
264.0,1.0,0.0,0.0,11.900614096163311,20.0,15.0,0.75,0.0,0.0,1.0,2.0,0.0,10.804289767383576,0.2,0.2,10.0,1.0,2.0,0.7600613217825508
272.0,1.0,0.0,0.0,8.920101781740922,20.0,4.0,0.2,0.0,0.0,1.0,2.0,0.0,9.156697455826697,0.1333333333333333,0.1333333333333333,15.0,1.0,2.0,0.6255850967243239
280.0,3.0,2.0,0.0833333333333333,8.89198436151637,24.0,10.0,0.4166666666666667,6.0,0.25,3.0,3.0,1.0,8.180008786950223,0.1764705882352941,0.1764705882352941,17.0,3.0,3.0,0.5710014851177742
288.0,4.0,13.0,0.5,8.692091484330284,26.0,21.0,0.8076923076923077,11.0,0.4230769230769231,4.0,14.0,11.0,7.907042169152814,0.7,0.7,20.0,4.0,14.0,0.5326996614899443
296.0,8.0,53.0,1.7666666666666666,7.433010175544561,30.0,54.0,1.8,33.0,1.1,7.0,53.0,39.0,7.431901197067215,2.12,2.12,25.0,7.0,53.0,0.5187144577753062
304.0,5.0,11.0,0.2894736842105263,7.353952760261505,38.0,95.0,2.5,41.0,1.0789473684210529,4.0,45.0,0.0,6.4504621086666285,1.7307692307692308,1.7307692307692308,26.0,4.0,45.0,0.4624022681622196
312.0,7.0,21.0,0.5121951219512195,7.683743577918662,41.0,101.0,2.463414634146341,6.0,0.1463414634146341,7.0,55.0,10.0,6.810638766118123,2.1153846153846154,2.1153846153846154,26.0,7.0,55.0,0.4603924869089956
320.0,7.0,27.0,0.6136363636363636,7.086374055529873,44.0,134.0,3.0454545454545454,33.0,0.75,6.0,55.0,0.0,6.343358402460773,2.037037037037037,2.037037037037037,27.0,6.0,55.0,0.4411290791140081
328.0,11.0,78.0,1.8571428571428568,7.908323785510669,42.0,126.0,3.0,0.0,0.0,11.0,88.0,33.0,5.806995740993364,3.259259259259259,3.259259259259259,27.0,11.0,88.0,0.3957333593907566
336.0,18.0,176.0,4.2926829268292686,5.726714349624628,41.0,188.0,4.585365853658536,62.0,1.5121951219512195,17.0,185.0,97.0,4.714377393378969,5.78125,5.78125,32.0,17.0,185.0,0.3160302403718596
344.0,23.0,328.0,7.454545454545454,4.475203732731152,44.0,338.0,7.681818181818182,150.0,3.409090909090909,22.0,337.0,152.0,3.690433525808513,9.108108108108109,9.108108108108109,37.0,22.0,337.0,0.2461005061686131
352.0,22.0,441.0,9.0,4.208339274767723,49.0,528.0,10.775510204081632,190.0,3.877551020408163,22.0,477.0,140.0,3.0306648397115348,11.925,11.925,40.0,22.0,477.0,0.2204687024447323
360.0,27.0,631.0,12.62,4.216340011402179,50.0,670.0,13.4,142.0,2.84,27.0,656.0,179.0,2.879209588618554,16.0,16.0,41.0,27.0,656.0,0.2097319085321082
368.0,15.0,148.0,2.8461538461538463,5.105791135155932,52.0,852.0,16.384615384615383,182.0,3.5,13.0,493.0,0.0,4.197349820470712,13.694444444444445,13.694444444444445,36.0,13.0,493.0,0.2918632352218456
376.0,28.0,262.0,5.24,3.4063561786543484,50.0,728.0,14.56,0.0,0.0,24.0,617.0,124.0,2.6352544667443154,16.675675675675677,16.675675675675677,37.0,24.0,617.0,0.1954798276250289
384.0,23.0,222.0,4.036363636363636,4.114144104920975,55.0,945.0,17.181818181818183,217.0,3.945454545454545,22.0,741.0,124.0,2.6574521115563567,20.027027027027028,20.027027027027028,37.0,22.0,741.0,0.1814234411641318
392.0,19.0,124.0,2.175438596491228,3.934791284521471,57.0,1001.0,17.56140350877193,56.0,0.9824561403508772,13.0,470.0,0.0,2.392165129614172,15.161290322580646,15.161290322580646,31.0,13.0,470.0,0.1578933902724219
400.0,27.0,137.0,2.4909090909090907,3.884055520222705,55.0,943.0,17.145454545454545,0.0,0.0,17.0,484.0,14.0,1.9734464216309724,16.689655172413794,16.689655172413794,29.0,17.0,484.0,0.1341091988721099
408.0,23.0,220.0,3.928571428571429,3.616965998898354,56.0,962.0,17.178571428571427,19.0,0.3392857142857143,10.0,367.0,0.0,2.9578740416361717,13.107142857142858,13.107142857142858,28.0,10.0,367.0,0.1908284979036234
416.0,27.0,262.0,4.158730158730159,4.0586669865114215,63.0,1025.0,16.26984126984127,63.0,1.0,10.0,308.0,0.0,3.012645358613793,11.407407407407408,11.407407407407408,27.0,10.0,308.0,0.2123888535025531
424.0,29.0,423.0,6.409090909090909,5.471563527867515,66.0,1034.0,15.666666666666666,9.0,0.1363636363636363,10.0,320.0,12.0,5.146948772225335,12.307692307692308,12.307692307692308,26.0,10.0,320.0,0.3562056009480983
432.0,33.0,613.0,10.049180327868852,4.203556988207009,61.0,1159.0,19.0,125.0,2.0491803278688523,10.0,318.0,0.0,5.332447358365695,11.77777777777778,11.77777777777778,27.0,10.0,318.0,0.3658276388486787
440.0,32.0,661.0,9.720588235294118,4.29056226118978,68.0,1343.0,19.75,184.0,2.7058823529411766,6.0,190.0,0.0,6.434364606694677,7.6,7.6,25.0,6.0,190.0,0.4381544310902526
448.0,23.0,620.0,9.25373134328358,4.146606470081737,67.0,1463.0,21.83582089552239,120.0,1.791044776119403,4.0,333.0,143.0,4.40827095742041,10.40625,10.40625,32.0,4.0,333.0,0.2976008141325985
456.0,32.0,395.0,5.410958904109589,4.805919655380295,73.0,1651.0,22.616438356164384,188.0,2.5753424657534247,16.0,442.0,109.0,3.783162399017735,13.8125,13.8125,32.0,16.0,442.0,0.2574224532815182
464.0,33.0,303.0,4.208333333333333,3.9400469983699935,72.0,1782.0,24.75,131.0,1.8194444444444444,18.0,496.0,54.0,2.3195686443744603,16.0,16.0,31.0,18.0,496.0,0.1527430377411354
472.0,36.0,371.0,5.082191780821918,3.733745795645638,73.0,1884.0,25.80821917808219,102.0,1.3972602739726028,20.0,429.0,0.0,3.0224236296749702,12.617647058823527,12.617647058823527,34.0,20.0,429.0,0.189665377992558
480.0,38.0,420.0,5.454545454545454,3.720345432822851,77.0,2046.0,26.571428571428573,162.0,2.103896103896104,16.0,414.0,0.0,3.223995512910163,12.545454545454543,12.545454545454543,33.0,16.0,414.0,0.2174378727573609
488.0,42.0,709.0,9.08974358974359,4.323968146003952,78.0,2183.0,27.987179487179485,137.0,1.7564102564102564,17.0,347.0,0.0,2.967121568521509,12.851851851851851,12.851851851851851,27.0,17.0,347.0,0.2084226768858086
496.0,43.0,924.0,12.32,3.4133229717394524,75.0,2307.0,30.76,124.0,1.653333333333333,22.0,516.0,169.0,1.8125130144014223,15.176470588235292,15.176470588235292,34.0,22.0,516.0,0.1330381273281984
504.0,39.0,913.0,12.506849315068491,3.4174791835810394,73.0,2571.0,35.21917808219178,264.0,3.616438356164384,25.0,995.0,479.0,2.18755570487439,26.18421052631579,26.18421052631579,38.0,25.0,995.0,0.138344606578551
512.0,43.0,785.0,10.753424657534246,2.8479437895983626,73.0,2768.0,37.917808219178085,197.0,2.698630136986301,33.0,1215.0,220.0,1.328560900502171,28.928571428571427,28.928571428571427,42.0,33.0,1215.0,0.0803001411350783
520.0,36.0,774.0,10.75,3.030911188048236,72.0,2939.0,40.81944444444444,171.0,2.375,27.0,1304.0,89.0,1.4113477999869848,34.31578947368421,34.31578947368421,38.0,27.0,1304.0,0.0852605873769856
528.0,34.0,419.0,5.985714285714286,2.912037656105174,70.0,3106.0,44.371428571428574,167.0,2.3857142857142857,18.0,1008.0,0.0,2.209770785756368,29.647058823529413,29.647058823529413,34.0,18.0,1008.0,0.1520809338282412
536.0,39.0,466.0,6.6571428571428575,3.51119663628661,70.0,3245.0,46.35714285714285,139.0,1.9857142857142855,17.0,1050.0,42.0,2.348146449285188,30.0,30.0,35.0,17.0,1050.0,0.1596016528138381
544.0,37.0,648.0,9.126760563380282,3.200610000168145,71.0,3376.0,47.54929577464789,131.0,1.8450704225352117,14.0,975.0,0.0,2.688494767624989,27.08333333333333,27.08333333333333,36.0,14.0,975.0,0.1766206939982051
552.0,31.0,575.0,8.098591549295774,3.7595649614305087,71.0,3396.0,47.83098591549296,20.0,0.2816901408450704,13.0,699.0,0.0,2.683860422219449,19.97142857142857,19.97142857142857,35.0,13.0,699.0,0.172099126064127
560.0,36.0,480.0,7.0588235294117645,2.822251678263488,68.0,3494.0,51.38235294117647,98.0,1.4411764705882353,21.0,957.0,258.0,1.7014901117294092,25.864864864864863,25.864864864864863,37.0,21.0,957.0,0.1133762209554324
568.0,37.0,428.0,6.484848484848484,3.1775808420481573,66.0,3726.0,56.45454545454545,232.0,3.515151515151515,27.0,895.0,0.0,2.063837992564787,24.86111111111111,24.86111111111111,36.0,27.0,895.0,0.1277364906665253
576.0,26.0,289.0,4.446153846153846,4.042428455202554,65.0,3821.0,58.784615384615385,95.0,1.4615384615384617,18.0,1192.0,297.0,2.779864206139017,36.121212121212125,36.121212121212125,33.0,18.0,1192.0,0.1694127196423082
584.0,21.0,143.0,2.4655172413793105,3.583105567375495,58.0,3672.0,63.310344827586206,0.0,0.0,18.0,1430.0,238.0,0.8885170826338383,44.6875,44.6875,32.0,18.0,1430.0,0.0569061162648567
592.0,11.0,31.0,0.5166666666666667,5.121705662315014,60.0,3796.0,63.266666666666666,124.0,2.066666666666667,11.0,1399.0,0.0,1.1982979668095717,45.12903225806452,45.12903225806452,31.0,11.0,1399.0,0.0719522947092713
600.0,17.0,80.0,1.4814814814814814,4.077556282057524,54.0,3282.0,60.77777777777778,0.0,0.0,17.0,1097.0,0.0,0.6642748444401454,36.56666666666667,36.56666666666667,30.0,17.0,1097.0,0.0428680689545183
608.0,21.0,158.0,3.224489795918368,3.6480214603063152,49.0,3082.0,62.89795918367347,0.0,0.0,14.0,724.0,0.0,1.0024872569474277,28.96,28.96,25.0,14.0,724.0,0.0578234173125289
616.0,21.0,264.0,6.0,3.731718366399083,44.0,2894.0,65.77272727272727,0.0,0.0,21.0,942.0,218.0,0.915801939364619,33.642857142857146,33.642857142857146,28.0,21.0,942.0,0.0604173237928389
624.0,19.0,401.0,9.547619047619047,4.646891297240004,42.0,2981.0,70.97619047619048,87.0,2.071428571428572,19.0,982.0,40.0,1.1517287475815967,39.28,39.28,25.0,19.0,982.0,0.0758036633946139
632.0,12.0,222.0,6.166666666666667,5.278036227003619,36.0,2376.0,66.0,0.0,0.0,12.0,797.0,0.0,1.7013081030925292,36.22727272727273,36.22727272727273,22.0,12.0,797.0,0.1304068879425275
640.0,14.0,84.0,2.4705882352941178,4.484258391315441,34.0,2282.0,67.11764705882354,0.0,0.0,14.0,887.0,90.0,0.7698381451432523,38.56521739130435,38.56521739130435,23.0,14.0,887.0,0.0623578534866615
648.0,13.0,101.0,3.15625,4.543997196710726,32.0,2058.0,64.3125,0.0,0.0,13.0,827.0,0.0,0.7007566774869355,41.35,41.35,20.0,13.0,827.0,0.0455584859563562
656.0,8.0,61.0,2.3461538461538463,5.816138834203826,26.0,1651.0,63.5,0.0,0.0,8.0,612.0,0.0,1.2297177096351417,40.8,40.8,15.0,8.0,612.0,0.0892406836848905
664.0,5.0,97.0,4.041666666666667,7.9804681943244065,24.0,1373.0,57.208333333333336,0.0,0.0,5.0,412.0,0.0,3.045851693245736,37.45454545454545,37.45454545454545,11.0,5.0,412.0,0.2129013075443606
672.0,5.0,89.0,3.869565217391304,7.339697788632347,23.0,1175.0,51.08695652173913,0.0,0.0,5.0,247.0,0.0,1.6114464455151611,22.454545454545453,22.454545454545453,11.0,5.0,247.0,0.1141549177937436
680.0,12.0,158.0,6.32,5.670200452331716,25.0,975.0,39.0,0.0,0.0,12.0,316.0,69.0,0.7636495867025925,21.066666666666663,21.066666666666663,15.0,12.0,316.0,0.0537393143758133
688.0,4.0,125.0,5.208333333333333,4.677159726606658,24.0,863.0,35.958333333333336,0.0,0.0,4.0,311.0,0.0,1.3101937621561357,20.73333333333333,20.73333333333333,15.0,4.0,311.0,0.0907471564060433
696.0,7.0,22.0,0.88,5.148748438442331,25.0,660.0,26.4,0.0,0.0,7.0,85.0,0.0,0.9758341011762404,5.666666666666667,5.666666666666667,15.0,7.0,85.0,0.0731355548147717
704.0,5.0,16.0,0.6956521739130435,4.898259037366904,23.0,318.0,13.826086956521738,0.0,0.0,5.0,65.0,0.0,0.9731144886623772,4.642857142857143,4.642857142857143,14.0,5.0,65.0,0.0690896529228715
712.0,0.0,0.0,0.0,10.173142454746865,23.0,281.0,12.217391304347826,0.0,0.0,0.0,20.0,0.0,6.2574072495569,2.857142857142857,2.857142857142857,7.0,0.0,20.0,0.4962544958697426
720.0,5.0,18.0,0.75,8.557920952986048,24.0,269.0,11.208333333333334,0.0,0.0,5.0,33.0,13.0,1.358341962346442,3.3,3.3,10.0,5.0,33.0,0.0934606338433719
728.0,11.0,77.0,3.208333333333333,6.27437989395942,24.0,225.0,9.375,0.0,0.0,11.0,92.0,59.0,1.0815230565113696,7.076923076923077,7.076923076923077,13.0,11.0,92.0,0.071145664564451
736.0,3.0,14.0,0.6363636363636364,5.787015448894687,22.0,193.0,8.772727272727273,0.0,0.0,3.0,78.0,0.0,1.70992403753115,6.5,6.5,12.0,3.0,78.0,0.126768122661637
744.0,7.0,22.0,1.0476190476190477,3.78105400551293,21.0,165.0,7.857142857142857,0.0,0.0,7.0,101.0,23.0,1.8752231986830323,5.941176470588236,5.941176470588236,17.0,7.0,101.0,0.1264282724599743
752.0,7.0,22.0,0.8148148148148148,5.249129332607282,27.0,234.0,8.666666666666666,69.0,2.555555555555556,7.0,89.0,0.0,3.334583126323021,4.684210526315789,4.684210526315789,19.0,7.0,89.0,0.1919944373712351
760.0,3.0,9.0,0.2903225806451613,9.246671601282046,31.0,248.0,8.0,14.0,0.4516129032258064,3.0,31.0,0.0,6.279553439834217,1.9375,1.9375,16.0,3.0,31.0,0.4041038786905647
768.0,7.0,18.0,0.5142857142857142,7.114190022026553,35.0,232.0,6.628571428571429,0.0,0.0,7.0,44.0,13.0,4.1430663623178345,2.2,2.2,20.0,7.0,44.0,0.2610831953767952
776.0,5.0,14.0,0.3783783783783784,7.531847190917317,37.0,240.0,6.486486486486487,8.0,0.2162162162162162,4.0,42.0,0.0,5.048461471999972,2.0,2.0,21.0,4.0,42.0,0.3271274239770175
784.0,11.0,30.0,0.7692307692307693,6.634338565895727,39.0,240.0,6.153846153846154,0.0,0.0,11.0,68.0,26.0,3.613584917073612,2.833333333333333,2.833333333333333,24.0,11.0,68.0,0.2434228277422352
792.0,7.0,24.0,0.631578947368421,6.225611053014274,38.0,219.0,5.7631578947368425,0.0,0.0,7.0,79.0,11.0,3.0663343795658777,3.590909090909091,3.590909090909091,22.0,7.0,79.0,0.190589162805185
800.0,11.0,82.0,2.05,8.126659867905413,40.0,265.0,6.625,46.0,1.15,11.0,95.0,16.0,3.495010334476927,5.0,5.0,19.0,11.0,95.0,0.2407054551828973
808.0,7.0,47.0,1.175,7.391944068425266,40.0,290.0,7.25,25.0,0.625,7.0,96.0,1.0,3.02025319608669,5.333333333333333,5.333333333333333,18.0,7.0,96.0,0.1777842610221493
816.0,13.0,78.0,1.95,6.278867339987906,40.0,296.0,7.4,6.0,0.15,13.0,165.0,69.0,1.4427216339682978,7.5,7.5,22.0,13.0,165.0,0.0844171693163827
824.0,13.0,84.0,2.1538461538461537,5.434376614600678,39.0,341.0,8.743589743589743,45.0,1.1538461538461535,13.0,214.0,49.0,1.304708308607479,9.304347826086955,9.304347826086955,23.0,13.0,214.0,0.0865147673585273
832.0,14.0,64.0,1.5609756097560976,5.186604144629172,41.0,416.0,10.146341463414634,75.0,1.829268292682927,14.0,210.0,0.0,1.3989836094671213,8.4,8.4,25.0,14.0,210.0,0.0788183636251388
840.0,11.0,38.0,1.0,4.296330064126646,38.0,431.0,11.342105263157896,15.0,0.3947368421052631,11.0,234.0,24.0,1.0828495189867129,9.0,9.0,26.0,11.0,234.0,0.0736552763692366
848.0,19.0,104.0,2.6666666666666665,4.201058226933062,39.0,526.0,13.487179487179487,95.0,2.435897435897436,19.0,329.0,95.0,1.252799981231257,11.344827586206897,11.344827586206897,29.0,19.0,329.0,0.0697425546386834
856.0,20.0,167.0,4.394736842105263,3.4326425731280787,38.0,619.0,16.289473684210527,93.0,2.4473684210526314,20.0,373.0,44.0,0.5434134175009475,13.321428571428571,13.321428571428571,28.0,20.0,373.0,0.0288320902840841
864.0,18.0,257.0,7.3428571428571425,5.401355397815948,35.0,680.0,19.428571428571427,61.0,1.7428571428571429,18.0,389.0,16.0,0.8671319454495022,17.681818181818183,17.681818181818183,22.0,18.0,389.0,0.0455645069304799
872.0,10.0,141.0,4.7,4.810488441019712,30.0,733.0,24.433333333333334,53.0,1.7666666666666666,10.0,371.0,0.0,1.5432136927265494,19.526315789473685,19.526315789473685,19.0,10.0,371.0,0.0939693506806356
880.0,8.0,26.0,0.8387096774193549,5.764884016411906,31.0,771.0,24.870967741935484,38.0,1.2258064516129032,8.0,379.0,8.0,1.6232500689940903,21.05555555555556,21.05555555555556,18.0,8.0,379.0,0.1017959101724395
888.0,7.0,24.0,0.8275862068965517,5.727406230952254,29.0,677.0,23.344827586206897,0.0,0.0,7.0,301.0,0.0,2.110562150435351,17.705882352941178,17.705882352941178,17.0,7.0,301.0,0.1417645494778903
896.0,9.0,25.0,0.7142857142857143,6.262334824552515,35.0,669.0,19.114285714285717,0.0,0.0,9.0,295.0,0.0,3.142212959989053,12.826086956521738,12.826086956521738,23.0,9.0,295.0,0.1950036273585935
904.0,8.0,27.0,0.7714285714285715,6.420068382504422,35.0,604.0,17.257142857142856,0.0,0.0,8.0,202.0,0.0,3.0338111831602013,9.61904761904762,9.61904761904762,21.0,8.0,202.0,0.2005407477170191
912.0,13.0,65.0,1.8571428571428568,5.774385518038204,35.0,629.0,17.97142857142857,25.0,0.7142857142857143,13.0,282.0,80.0,1.7773465344969095,12.818181818181818,12.818181818181818,22.0,13.0,282.0,0.1205364833510841
920.0,16.0,129.0,4.161290322580645,4.453511722281738,31.0,583.0,18.806451612903224,0.0,0.0,16.0,349.0,67.0,1.5324404979873525,17.45,17.45,20.0,16.0,349.0,0.1052140470242083
928.0,9.0,82.0,3.037037037037037,4.747566378295289,27.0,630.0,23.33333333333333,47.0,1.7407407407407407,9.0,308.0,0.0,0.5694047183564764,19.25,19.25,16.0,9.0,308.0,0.0429552569466082
936.0,5.0,70.0,3.333333333333333,8.340778311038067,21.0,515.0,24.52380952380953,0.0,0.0,5.0,146.0,0.0,2.809312226621217,16.22222222222222,16.22222222222222,9.0,5.0,146.0,0.1994517734689814
944.0,2.0,21.0,0.875,10.028923437911056,24.0,488.0,20.33333333333333,0.0,0.0,2.0,70.0,0.0,5.011886534280509,7.0,7.0,10.0,2.0,70.0,0.3590548279629239
952.0,4.0,8.0,0.32,7.950130434214731,25.0,414.0,16.56,0.0,0.0,4.0,57.0,0.0,4.910622852719248,3.8,3.8,15.0,4.0,57.0,0.3431201379111582
960.0,3.0,2.0,0.0769230769230769,6.7909268885529634,26.0,242.0,9.307692307692308,0.0,0.0,3.0,38.0,0.0,5.4876594394396205,2.111111111111111,2.111111111111111,18.0,3.0,38.0,0.3604110643998137
968.0,7.0,11.0,0.3793103448275862,6.15463073503848,29.0,147.0,5.068965517241379,0.0,0.0,7.0,31.0,0.0,4.760419434610868,1.2916666666666667,1.2916666666666667,24.0,7.0,31.0,0.318615644321242
976.0,9.0,32.0,1.0,5.148168362115039,32.0,89.0,2.78125,0.0,0.0,9.0,63.0,32.0,4.227977662342584,2.333333333333333,2.333333333333333,27.0,9.0,63.0,0.2785252702548285
984.0,13.0,55.0,1.71875,4.902477194230353,32.0,156.0,4.875,67.0,2.09375,13.0,106.0,43.0,4.6777647306939,4.076923076923077,4.076923076923077,26.0,13.0,106.0,0.3153344656967312
992.0,12.0,98.0,3.0625,4.523742564687167,32.0,229.0,7.15625,73.0,2.28125,12.0,180.0,74.0,4.090683888913822,6.206896551724138,6.206896551724138,29.0,12.0,180.0,0.2861166615464587
1000.0,7.0,24.0,0.75,4.059772877045729,32.0,276.0,8.625,47.0,1.46875,7.0,184.0,4.0,3.432650707194683,6.571428571428571,6.571428571428571,28.0,7.0,184.0,0.2280790955673581
1008.0,15.0,85.0,2.65625,2.2543286543463106,32.0,312.0,9.75,36.0,1.125,15.0,241.0,57.0,1.593236429345137,8.310344827586206,8.310344827586206,29.0,15.0,241.0,0.1178294040866027
1016.0,11.0,97.0,3.03125,3.155053293925169,32.0,393.0,12.28125,81.0,2.53125,11.0,253.0,12.0,1.93101330262453,9.37037037037037,9.37037037037037,27.0,11.0,253.0,0.1276485531492077
1024.0,14.0,34.0,0.918918918918919,3.850339276022941,37.0,379.0,10.243243243243244,0.0,0.0,12.0,209.0,0.0,3.1363156336544,7.74074074074074,7.74074074074074,27.0,12.0,209.0,0.2197916725499178
1032.0,17.0,119.0,2.902439024390244,4.265185033219392,41.0,441.0,10.75609756097561,62.0,1.5121951219512195,17.0,291.0,82.0,3.12919523084834,8.818181818181818,8.818181818181818,33.0,17.0,291.0,0.2032347307887751
1040.0,13.0,114.0,2.6511627906976742,4.344807596886903,43.0,525.0,12.209302325581396,84.0,1.9534883720930232,13.0,331.0,40.0,3.27312050914438,10.030303030303031,10.030303030303031,33.0,13.0,331.0,0.204027412984239
1048.0,23.0,228.0,5.066666666666666,3.1511745033743592,45.0,542.0,12.044444444444444,17.0,0.3777777777777777,23.0,458.0,127.0,2.319202051811072,11.170731707317072,11.170731707317072,41.0,23.0,458.0,0.1547154404004661
1056.0,22.0,334.0,7.1063829787234045,2.888610814786394,47.0,679.0,14.4468085106383,137.0,2.9148936170212765,22.0,549.0,91.0,1.904301412798225,13.725,13.725,40.0,22.0,549.0,0.1253665145734145
1064.0,14.0,152.0,3.1020408163265305,3.297551099419608,49.0,710.0,14.489795918367347,31.0,0.6326530612244898,14.0,588.0,39.0,2.807725920557912,13.674418604651162,13.674418604651162,43.0,14.0,588.0,0.1868734318381081
1072.0,23.0,87.0,1.6415094339622642,3.755600151349687,53.0,836.0,15.773584905660377,126.0,2.3773584905660377,23.0,646.0,58.0,2.919248072902608,14.043478260869565,14.043478260869565,46.0,23.0,646.0,0.1978192620324756
1080.0,16.0,121.0,2.326923076923077,3.5348421330175155,52.0,843.0,16.21153846153846,7.0,0.1346153846153846,16.0,659.0,13.0,3.096202228687895,13.448979591836734,13.448979591836734,49.0,16.0,659.0,0.2142743564176893
1088.0,24.0,192.0,3.6226415094339615,2.8237937030771696,53.0,880.0,16.60377358490566,37.0,0.6981132075471698,24.0,744.0,85.0,2.384372102243737,15.183673469387756,15.183673469387756,49.0,24.0,744.0,0.1643094301780174
1096.0,25.0,323.0,5.981481481481482,4.410094726804772,54.0,982.0,18.185185185185187,102.0,1.8888888888888888,25.0,825.0,81.0,2.523713792078392,18.33333333333333,18.33333333333333,45.0,25.0,825.0,0.1668685633961077
1104.0,10.0,93.0,1.8979591836734693,3.5719677629894417,49.0,1011.0,20.632653061224488,29.0,0.5918367346938775,10.0,605.0,0.0,3.078651334671523,14.75609756097561,14.75609756097561,41.0,10.0,605.0,0.1966067014564111
1112.0,22.0,131.0,2.7872340425531914,3.916608780412433,47.0,983.0,20.91489361702128,0.0,0.0,20.0,583.0,0.0,2.054690691233085,15.756756756756756,15.756756756756756,37.0,20.0,583.0,0.1363339437570528
1120.0,20.0,121.0,2.813953488372093,2.3933292608219907,43.0,1091.0,25.37209302325581,108.0,2.511627906976744,19.0,672.0,89.0,1.4671167410773145,19.2,19.2,35.0,19.0,672.0,0.0943903524046645
1128.0,16.0,90.0,2.0,3.896256762289742,45.0,1056.0,23.466666666666665,0.0,0.0,14.0,666.0,0.0,1.858050982351262,20.181818181818183,20.181818181818183,33.0,14.0,666.0,0.1092445461328124
1136.0,12.0,150.0,3.333333333333333,5.677010710883182,45.0,971.0,21.57777777777778,0.0,0.0,11.0,680.0,14.0,3.7984015639371984,21.93548387096774,21.93548387096774,31.0,11.0,680.0,0.2193071850930795
1144.0,10.0,61.0,1.605263157894737,5.299145511055137,38.0,904.0,23.789473684210527,0.0,0.0,10.0,554.0,0.0,3.8330410426872814,19.103448275862068,19.103448275862068,29.0,10.0,554.0,0.2514446552476418
1152.0,14.0,103.0,2.942857142857143,6.057610419755317,35.0,812.0,23.2,0.0,0.0,14.0,289.0,0.0,3.6379600425220193,11.115384615384617,11.115384615384617,26.0,14.0,289.0,0.2556468535708291
1160.0,10.0,82.0,3.037037037037037,5.551587508240591,27.0,398.0,14.74074074074074,0.0,0.0,10.0,280.0,0.0,4.187688893162712,14.0,14.0,20.0,10.0,280.0,0.2755093215110731
1168.0,7.0,51.0,2.125,6.151049114945645,24.0,353.0,14.708333333333334,0.0,0.0,6.0,208.0,0.0,4.541242249414351,12.235294117647058,12.235294117647058,17.0,6.0,208.0,0.3059841490699292
1176.0,4.0,10.0,0.5263157894736842,6.484291010392658,19.0,261.0,13.736842105263158,0.0,0.0,3.0,80.0,0.0,4.709113059413386,8.0,8.0,10.0,3.0,80.0,0.3303549441432907
1184.0,6.0,26.0,1.238095238095238,6.333201943073537,21.0,259.0,12.333333333333334,0.0,0.0,6.0,53.0,0.0,3.6990890271218113,3.7857142857142856,3.7857142857142856,14.0,6.0,53.0,0.2646561357579644
1192.0,4.0,38.0,1.6521739130434785,6.890370490691838,23.0,129.0,5.608695652173913,0.0,0.0,3.0,56.0,3.0,5.653492508609149,4.0,4.0,14.0,3.0,56.0,0.3976918784619368
1200.0,5.0,11.0,0.5,8.446726009446671,22.0,114.0,5.181818181818182,0.0,0.0,5.0,23.0,0.0,6.30271404283755,1.9166666666666667,1.9166666666666667,12.0,5.0,23.0,0.4647851219612858
1208.0,2.0,5.0,0.3571428571428571,8.652032470325421,14.0,43.0,3.071428571428572,0.0,0.0,1.0,11.0,0.0,9.3508544992203,1.0,1.0,11.0,1.0,11.0,0.7028325976639886
1216.0,3.0,12.0,0.8571428571428571,9.136102009923745,14.0,19.0,1.3571428571428572,0.0,0.0,3.0,12.0,1.0,7.887419417103859,1.2,1.2,10.0,3.0,12.0,0.5695682875308307
1224.0,1.0,1.0,0.0909090909090909,10.706181101829982,11.0,17.0,1.5454545454545454,0.0,0.0,1.0,1.0,0.0,10.61986497441058,0.125,0.125,8.0,1.0,1.0,0.723744970743934
1232.0,3.0,12.0,0.8,6.359331674002051,15.0,12.0,0.8,0.0,0.0,3.0,12.0,11.0,6.359331674002051,0.8,0.8,15.0,3.0,12.0,0.3991935533298798
1240.0,5.0,31.0,1.2916666666666667,7.295741846706882,24.0,43.0,1.7916666666666667,31.0,1.2916666666666667,5.0,34.0,22.0,6.7836726424911165,1.7,1.7,20.0,5.0,34.0,0.4488514107460882
1248.0,6.0,28.0,1.0,8.763172408508456,28.0,69.0,2.4642857142857144,26.0,0.9285714285714286,6.0,28.0,0.0,7.131292102691726,1.4,1.4,20.0,6.0,28.0,0.4600602191228703
1256.0,2.0,2.0,0.074074074074074,7.64726427394005,27.0,68.0,2.5185185185185186,0.0,0.0,2.0,23.0,0.0,6.961719526791086,1.2105263157894737,1.2105263157894737,19.0,2.0,23.0,0.4498588056915202
1264.0,8.0,39.0,1.7727272727272727,4.63891974024441,22.0,60.0,2.727272727272727,0.0,0.0,8.0,60.0,37.0,4.355323770601716,2.857142857142857,2.857142857142857,21.0,8.0,60.0,0.2772755940473829
1272.0,8.0,57.0,2.1923076923076925,3.8095574759211535,26.0,144.0,5.538461538461538,84.0,3.230769230769231,8.0,97.0,37.0,2.967430439283878,4.409090909090909,4.409090909090909,22.0,8.0,97.0,0.1752203386318679
1280.0,8.0,105.0,3.5,6.636034305646185,30.0,152.0,5.066666666666666,8.0,0.2666666666666666,8.0,107.0,10.0,4.384783542849855,5.095238095238095,5.095238095238095,21.0,8.0,107.0,0.2603184693785621
1288.0,9.0,169.0,5.827586206896552,6.475954695993005,29.0,178.0,6.137931034482759,26.0,0.896551724137931,9.0,169.0,62.0,5.860484438962758,7.681818181818182,7.681818181818182,22.0,9.0,169.0,0.3659790636932041
1296.0,5.0,8.0,0.2758620689655172,6.348295434066418,29.0,215.0,7.413793103448276,37.0,1.2758620689655171,5.0,114.0,0.0,6.03810430122835,4.75,4.75,24.0,5.0,114.0,0.4058657135721824
1304.0,6.0,36.0,1.3333333333333333,8.020289292632738,27.0,186.0,6.888888888888889,0.0,0.0,6.0,107.0,0.0,6.936300787000261,4.863636363636363,4.863636363636363,22.0,6.0,107.0,0.4817566856323749
1312.0,6.0,65.0,2.8260869565217392,7.756138388558854,23.0,160.0,6.956521739130435,0.0,0.0,5.0,72.0,0.0,7.443390549148313,4.5,4.5,16.0,5.0,72.0,0.5257085173133724
1320.0,5.0,15.0,0.6521739130434783,7.81006845136173,23.0,190.0,8.26086956521739,30.0,1.3043478260869563,5.0,20.0,0.0,6.222935702858143,1.5384615384615383,1.5384615384615383,13.0,5.0,20.0,0.4305907439625384
1328.0,1.0,0.0,0.0,6.543001694860757,21.0,68.0,3.238095238095238,0.0,0.0,1.0,15.0,0.0,5.611032390118717,1.0714285714285714,1.0714285714285714,14.0,1.0,15.0,0.4028945931027009
1336.0,5.0,27.0,1.08,9.136851116226444,25.0,60.0,2.4,0.0,0.0,3.0,18.0,3.0,7.277894869716291,1.3846153846153846,1.3846153846153846,13.0,3.0,18.0,0.529793651737142
1344.0,1.0,15.0,0.6521739130434783,11.191858806762962,23.0,58.0,2.5217391304347827,0.0,0.0,1.0,15.0,0.0,9.285108084953771,1.1538461538461535,1.1538461538461535,13.0,1.0,15.0,0.6227624911762711
1352.0,2.0,3.0,0.12,10.248330452161763,25.0,22.0,0.88,0.0,0.0,2.0,3.0,0.0,9.26590434929623,0.2,0.2,15.0,2.0,3.0,0.6357765483283323
1360.0,3.0,21.0,1.105263157894737,9.917059161943026,19.0,40.0,2.1052631578947367,18.0,0.9473684210526316,2.0,15.0,12.0,9.608341474994573,1.1538461538461535,1.1538461538461535,13.0,2.0,15.0,0.6594858729810833
1368.0,4.0,25.0,1.1904761904761905,6.420276490151001,21.0,61.0,2.9047619047619047,21.0,1.0,4.0,26.0,11.0,5.219715222755869,1.7333333333333334,1.7333333333333334,15.0,4.0,26.0,0.3779771227812977
1376.0,12.0,73.0,2.5172413793103448,5.99099229280628,29.0,103.0,3.5517241379310347,42.0,1.4482758620689655,11.0,74.0,48.0,4.886453751540175,3.363636363636364,3.363636363636364,22.0,11.0,74.0,0.3328107362853878
1384.0,10.0,50.0,1.2820512820512822,6.461080942592121,39.0,175.0,4.487179487179487,72.0,1.8461538461538465,8.0,87.0,13.0,6.206508191319409,3.0,3.0,29.0,8.0,87.0,0.3939620456165965
1392.0,8.0,55.0,1.2790697674418603,6.922482610090066,43.0,204.0,4.744186046511628,29.0,0.6744186046511628,8.0,83.0,0.0,5.34524504413401,2.7666666666666666,2.7666666666666666,30.0,8.0,83.0,0.3761608106422075
1400.0,11.0,31.0,0.6888888888888889,5.812785038855552,45.0,180.0,4.0,0.0,0.0,8.0,63.0,0.0,5.203998937103069,2.1724137931034484,2.1724137931034484,29.0,8.0,63.0,0.3426704740871225
1408.0,13.0,50.0,1.1363636363636365,5.619531598997011,44.0,204.0,4.636363636363637,24.0,0.5454545454545454,12.0,92.0,29.0,3.564085886430669,3.2857142857142856,3.2857142857142856,28.0,12.0,92.0,0.2339867701491727
1416.0,11.0,80.0,1.7777777777777777,6.623308484347758,45.0,223.0,4.955555555555556,19.0,0.4222222222222222,11.0,145.0,53.0,3.8846295891763143,4.833333333333333,4.833333333333333,30.0,11.0,145.0,0.2639184176783106
1424.0,10.0,41.0,0.9534883720930232,5.545717288719683,43.0,290.0,6.744186046511628,67.0,1.558139534883721,10.0,131.0,0.0,3.4969270662131766,4.366666666666666,4.366666666666666,30.0,10.0,131.0,0.2163861334601557
1432.0,9.0,32.0,0.7619047619047619,5.119608482674834,42.0,276.0,6.571428571428571,0.0,0.0,7.0,111.0,0.0,3.3443123371862127,3.9642857142857135,3.9642857142857135,28.0,7.0,111.0,0.2138047909805427
1440.0,11.0,40.0,1.0526315789473684,5.127132685083737,38.0,240.0,6.315789473684211,0.0,0.0,11.0,135.0,24.0,3.633901130329959,4.5,4.5,30.0,11.0,135.0,0.2360471779828136
1448.0,9.0,30.0,0.6818181818181818,6.10759697092222,44.0,280.0,6.363636363636363,40.0,0.9090909090909092,9.0,147.0,12.0,4.601687107388703,4.454545454545454,4.454545454545454,33.0,9.0,147.0,0.2998311648653539
1456.0,10.0,71.0,1.5777777777777775,7.775082012903474,45.0,258.0,5.733333333333333,0.0,0.0,10.0,141.0,0.0,5.016550713165982,4.7,4.7,30.0,10.0,141.0,0.3253089353348939
1464.0,15.0,168.0,4.307692307692308,7.394134522351328,39.0,264.0,6.769230769230769,6.0,0.1538461538461538,14.0,227.0,86.0,4.3137039452164885,9.08,9.08,25.0,14.0,227.0,0.2892269492324547
1472.0,11.0,102.0,2.756756756756757,6.125655184138288,37.0,348.0,9.405405405405403,84.0,2.27027027027027,10.0,205.0,0.0,4.91911724454142,7.884615384615385,7.884615384615385,26.0,10.0,205.0,0.3475021710484791
1480.0,10.0,42.0,1.024390243902439,7.1776333508889545,41.0,246.0,6.0,0.0,0.0,9.0,124.0,0.0,5.009536989083059,4.592592592592593,4.592592592592593,27.0,9.0,124.0,0.3348101625831164
1488.0,4.0,8.0,0.2051282051282051,7.995599189411343,39.0,153.0,3.923076923076923,0.0,0.0,4.0,101.0,0.0,6.846203720547113,3.740740740740741,3.740740740740741,27.0,4.0,101.0,0.4526115649297152
1496.0,9.0,23.0,0.5348837209302325,5.765982488655716,43.0,151.0,3.511627906976744,0.0,0.0,8.0,92.0,0.0,4.3032565647923535,2.967741935483871,2.967741935483871,31.0,8.0,92.0,0.2970585780295557
1504.0,6.0,17.0,0.3469387755102041,6.479151488729302,49.0,153.0,3.122448979591837,2.0,0.0408163265306122,5.0,117.0,25.0,5.164973383454736,3.65625,3.65625,32.0,5.0,117.0,0.3569176038678209
1512.0,15.0,72.0,1.3584905660377358,6.5517717929903,53.0,199.0,3.7547169811320753,46.0,0.8679245283018868,14.0,156.0,39.0,4.273826005899311,4.333333333333333,4.333333333333333,36.0,14.0,156.0,0.2907961172621898
1520.0,22.0,204.0,3.4,6.910932043798892,60.0,329.0,5.483333333333333,130.0,2.1666666666666665,21.0,285.0,129.0,4.355977489874382,7.125,7.125,40.0,21.0,285.0,0.2961631460863442
1528.0,26.0,392.0,5.850746268656716,6.33773685330635,67.0,516.0,7.701492537313433,187.0,2.791044776119403,26.0,474.0,189.0,3.4655533470481164,10.304347826086955,10.304347826086955,46.0,26.0,474.0,0.2361726832505915
1536.0,37.0,652.0,9.588235294117649,4.573527229514599,68.0,742.0,10.911764705882351,226.0,3.323529411764706,37.0,734.0,260.0,2.3474172671638343,14.115384615384617,14.115384615384617,52.0,37.0,734.0,0.1661879578941196
1544.0,32.0,663.0,9.471428571428572,4.276117743327004,70.0,1032.0,14.742857142857142,290.0,4.142857142857143,32.0,862.0,128.0,2.6502000731022792,15.672727272727272,15.672727272727272,55.0,32.0,862.0,0.1824325915071177
1552.0,26.0,424.0,5.653333333333333,4.196660042676238,75.0,1150.0,15.333333333333334,118.0,1.5733333333333333,25.0,940.0,78.0,2.645599467874577,16.49122807017544,16.49122807017544,57.0,25.0,940.0,0.176863829230894
1560.0,24.0,154.0,2.053333333333333,4.17277960082204,75.0,1227.0,16.36,77.0,1.0266666666666666,24.0,867.0,0.0,2.44959194751829,14.948275862068966,14.948275862068966,58.0,24.0,867.0,0.1699385762638436
1568.0,14.0,38.0,0.4810126582278481,4.999365433878316,79.0,1180.0,14.936708860759492,0.0,0.0,14.0,839.0,0.0,3.152319099621191,14.220338983050848,14.220338983050848,59.0,14.0,839.0,0.218410727971574
1576.0,19.0,60.0,0.75,4.224753215881701,80.0,1176.0,14.7,0.0,0.0,19.0,804.0,0.0,2.2281413116876827,12.761904761904765,12.761904761904765,63.0,19.0,804.0,0.1537090758167266
1584.0,21.0,87.0,1.0875,3.772238483067293,80.0,1169.0,14.6125,0.0,0.0,20.0,884.0,80.0,1.8210862625285813,14.258064516129032,14.258064516129032,62.0,20.0,884.0,0.1251710859024925
1592.0,18.0,58.0,0.7631578947368421,3.903765662668509,76.0,1211.0,15.93421052631579,42.0,0.5526315789473685,18.0,816.0,0.0,1.8065809527880676,14.06896551724138,14.06896551724138,58.0,18.0,816.0,0.1265314128358339
1600.0,16.0,139.0,1.9577464788732395,5.015288425231554,71.0,1121.0,15.788732394366198,0.0,0.0,16.0,657.0,0.0,1.887208213572242,12.882352941176473,12.882352941176473,51.0,16.0,657.0,0.1356133986210226
1608.0,18.0,126.0,2.065573770491804,3.3301020174219067,61.0,914.0,14.98360655737705,0.0,0.0,18.0,690.0,33.0,1.8017688913756973,13.8,13.8,50.0,18.0,690.0,0.1229287704464031
1616.0,17.0,77.0,1.2419354838709675,4.006267065109559,62.0,1024.0,16.516129032258064,110.0,1.7741935483870968,17.0,639.0,0.0,2.003172237005975,13.040816326530612,13.040816326530612,49.0,17.0,639.0,0.1424690861331134
1624.0,14.0,116.0,2.0350877192982457,5.6336565875875175,57.0,958.0,16.80701754385965,0.0,0.0,14.0,540.0,0.0,3.103477773802465,12.55813953488372,12.55813953488372,43.0,14.0,540.0,0.225448387791731
1632.0,15.0,87.0,1.8125,4.324829223766702,48.0,818.0,17.041666666666668,0.0,0.0,15.0,474.0,0.0,2.8804350504123297,12.153846153846152,12.153846153846152,39.0,15.0,474.0,0.2034311823358708
1640.0,22.0,135.0,2.9347826086956523,3.838976234558317,46.0,849.0,18.456521739130437,31.0,0.6739130434782609,21.0,493.0,19.0,1.928691335647808,13.694444444444445,13.694444444444445,36.0,21.0,493.0,0.1273842584228887
1648.0,16.0,110.0,2.156862745098039,4.9573756571794485,51.0,999.0,19.58823529411765,150.0,2.9411764705882355,16.0,516.0,23.0,1.9726937873668,15.176470588235292,15.176470588235292,34.0,16.0,516.0,0.1214769954716119
1656.0,13.0,120.0,2.2641509433962264,7.4059620564662305,53.0,959.0,18.09433962264151,0.0,0.0,12.0,490.0,0.0,3.6970844625814103,15.806451612903226,15.806451612903226,31.0,12.0,490.0,0.2653002491214406
1664.0,14.0,61.0,1.22,5.481940463082944,50.0,832.0,16.64,0.0,0.0,14.0,401.0,0.0,3.219092927335678,11.794117647058824,11.794117647058824,34.0,14.0,401.0,0.2105797375738303
1672.0,12.0,73.0,1.4038461538461535,6.1603949585266085,52.0,757.0,14.557692307692308,0.0,0.0,12.0,372.0,0.0,4.159414825411743,10.054054054054054,10.054054054054054,37.0,12.0,372.0,0.2718058303734252
1680.0,13.0,89.0,1.679245283018868,5.5752158102075935,53.0,804.0,15.169811320754716,47.0,0.8867924528301887,12.0,362.0,0.0,3.515010218664747,10.055555555555555,10.055555555555555,36.0,12.0,362.0,0.2266311787503029
1688.0,11.0,31.0,0.543859649122807,6.075358665878637,57.0,895.0,15.701754385964913,91.0,1.5964912280701755,11.0,354.0,0.0,3.669166115161639,9.31578947368421,9.31578947368421,38.0,11.0,354.0,0.2466213527659782
1696.0,16.0,102.0,1.8888888888888888,6.809580182375544,54.0,786.0,14.555555555555555,0.0,0.0,16.0,326.0,0.0,2.877101421400181,9.588235294117649,9.588235294117649,34.0,16.0,326.0,0.2037586093814669
1704.0,14.0,73.0,1.697674418604651,4.661499544500773,43.0,563.0,13.093023255813954,0.0,0.0,14.0,289.0,0.0,2.175022269853668,9.633333333333333,9.633333333333333,30.0,14.0,289.0,0.1384514592661956
1712.0,16.0,123.0,3.0,5.840149085634609,41.0,546.0,13.317073170731708,0.0,0.0,12.0,217.0,0.0,2.6377620189259594,9.041666666666666,9.041666666666666,24.0,12.0,217.0,0.1645997847486715
1720.0,7.0,20.0,0.5,6.368074935527221,40.0,590.0,14.75,44.0,1.1,7.0,239.0,22.0,3.303578237220802,9.56,9.56,25.0,7.0,239.0,0.2242093895995167
1728.0,11.0,62.0,1.4761904761904765,7.813874630239944,42.0,562.0,13.38095238095238,0.0,0.0,10.0,215.0,0.0,4.420111488186741,9.347826086956522,9.347826086956522,23.0,10.0,215.0,0.2950346018301554
1736.0,11.0,68.0,1.6585365853658536,6.701832228343719,41.0,417.0,10.170731707317072,0.0,0.0,11.0,217.0,2.0,3.91444251881825,8.037037037037036,8.037037037037036,27.0,11.0,217.0,0.2671515416936459
1744.0,11.0,63.0,1.6153846153846154,7.332704677933846,39.0,428.0,10.974358974358974,11.0,0.282051282051282,11.0,149.0,0.0,4.595377663595263,5.96,5.96,25.0,11.0,149.0,0.3018633071563559
1752.0,4.0,9.0,0.2307692307692307,7.944189052517525,39.0,463.0,11.871794871794872,35.0,0.8974358974358975,4.0,130.0,0.0,4.901264960252741,6.842105263157895,6.842105263157895,19.0,4.0,130.0,0.3172425538277911
1760.0,9.0,32.0,0.9411764705882352,5.667394653579034,34.0,397.0,11.676470588235292,0.0,0.0,9.0,124.0,0.0,2.094207187386933,5.636363636363637,5.636363636363637,22.0,9.0,124.0,0.1441720101555403
1768.0,14.0,98.0,2.3902439024390243,4.676583220374988,41.0,373.0,9.097560975609756,0.0,0.0,14.0,207.0,83.0,2.1037527433135783,6.9,6.9,30.0,14.0,207.0,0.1431710094384401
1776.0,8.0,57.0,1.3902439024390243,6.378920097075755,41.0,380.0,9.268292682926829,7.0,0.1707317073170731,8.0,172.0,0.0,3.891190685999013,6.88,6.88,25.0,8.0,172.0,0.2772270764230615
1784.0,14.0,87.0,2.071428571428572,5.803472442767425,42.0,406.0,9.666666666666666,26.0,0.6190476190476191,14.0,203.0,31.0,3.621846853107205,6.766666666666667,6.766666666666667,30.0,14.0,203.0,0.2482391247264543
1792.0,11.0,105.0,2.5,6.013191099352747,42.0,453.0,10.785714285714286,47.0,1.119047619047619,11.0,197.0,0.0,3.979226910826336,6.793103448275862,6.793103448275862,29.0,11.0,197.0,0.2581805564016542
1800.0,13.0,168.0,4.0,6.813411322067416,42.0,517.0,12.30952380952381,64.0,1.5238095238095235,13.0,269.0,72.0,3.69717495287626,9.607142857142858,9.607142857142858,28.0,13.0,269.0,0.2397279394686417
1808.0,10.0,58.0,1.45,5.295237937547116,40.0,564.0,14.1,47.0,1.175,10.0,197.0,0.0,2.806133477147881,8.565217391304348,8.565217391304348,23.0,10.0,197.0,0.1867333727326866
1816.0,12.0,58.0,1.5675675675675675,4.664475702191188,37.0,532.0,14.37837837837838,0.0,0.0,11.0,234.0,37.0,1.4922429463280735,10.173913043478262,10.173913043478262,23.0,11.0,234.0,0.082722883696484
1824.0,8.0,72.0,2.0,6.705509364414975,36.0,487.0,13.52777777777778,0.0,0.0,8.0,181.0,0.0,2.431288802307306,9.05,9.05,20.0,8.0,181.0,0.1352165573435816
1832.0,8.0,128.0,3.878787878787879,9.156194518620955,33.0,462.0,14.0,0.0,0.0,8.0,182.0,1.0,3.308362252631923,13.0,13.0,14.0,8.0,182.0,0.1771064539426312
1840.0,5.0,11.0,0.3928571428571428,7.383770201649313,28.0,375.0,13.392857142857142,0.0,0.0,5.0,32.0,0.0,3.9386085157936175,2.2857142857142856,2.2857142857142856,14.0,5.0,32.0,0.2456668566974742
1848.0,9.0,64.0,2.3703703703703702,7.54871259377792,27.0,289.0,10.703703703703704,0.0,0.0,9.0,64.0,32.0,4.246428183875617,3.764705882352941,3.764705882352941,17.0,9.0,64.0,0.283620300045629
1856.0,3.0,7.0,0.28,7.44351175016579,25.0,198.0,7.92,0.0,0.0,3.0,57.0,0.0,6.043012284707964,3.3529411764705883,3.3529411764705883,17.0,3.0,57.0,0.3833674026255841
1864.0,1.0,5.0,0.2083333333333333,9.608664489837608,24.0,161.0,6.708333333333333,0.0,0.0,1.0,8.0,0.0,7.357884350592762,0.6666666666666666,0.6666666666666666,12.0,1.0,8.0,0.4431138766204459
1872.0,2.0,19.0,0.9047619047619048,8.805330880490406,21.0,58.0,2.761904761904762,0.0,0.0,2.0,19.0,11.0,5.366528884176466,1.9,1.9,10.0,2.0,19.0,0.314878290853283
1880.0,1.0,1.0,0.0434782608695652,8.909242231308415,23.0,72.0,3.130434782608696,14.0,0.6086956521739131,1.0,1.0,0.0,5.440924148754796,0.125,0.125,8.0,1.0,1.0,0.2912593613511735
1888.0,4.0,1.0,0.0416666666666666,7.880345744437054,24.0,43.0,1.7916666666666667,0.0,0.0,4.0,1.0,0.0,4.275735797389455,0.0769230769230769,0.0769230769230769,13.0,4.0,1.0,0.2658843255338554
1896.0,3.0,11.0,0.6111111111111112,7.253534295847099,18.0,27.0,1.5,0.0,0.0,3.0,11.0,10.0,4.735520755704001,1.0,1.0,11.0,3.0,11.0,0.323121456636638
1904.0,3.0,10.0,0.6666666666666666,6.551812358165362,15.0,46.0,3.066666666666667,19.0,1.2666666666666666,3.0,10.0,0.0,4.264670621589114,1.1111111111111112,1.1111111111111112,9.0,3.0,10.0,0.319712973500769
1912.0,4.0,41.0,2.9285714285714284,6.734809364888752,14.0,44.0,3.142857142857143,0.0,0.0,4.0,41.0,31.0,3.4446929997424824,4.555555555555555,4.555555555555555,9.0,4.0,41.0,0.2535399827223452
1920.0,3.0,1.0,0.05,5.857364338385423,20.0,66.0,3.3,22.0,1.1,3.0,29.0,0.0,4.49849982237046,2.230769230769231,2.230769230769231,13.0,3.0,29.0,0.3135474101351759
1928.0,5.0,8.0,0.4,7.339308235338452,20.0,41.0,2.05,0.0,0.0,4.0,36.0,7.0,6.842248182579554,3.0,3.0,12.0,4.0,36.0,0.4872115592585606
1936.0,3.0,5.0,0.2777777777777778,8.68107817962977,18.0,61.0,3.388888888888889,20.0,1.1111111111111112,3.0,20.0,0.0,6.397942068775103,1.818181818181818,1.818181818181818,11.0,3.0,20.0,0.4463952528171147
1944.0,2.0,15.0,1.0,9.4085827655385,15.0,32.0,2.1333333333333333,0.0,0.0,2.0,16.0,0.0,7.8883595487586335,1.7777777777777777,1.7777777777777777,9.0,2.0,16.0,0.540318813974356
1952.0,6.0,21.0,1.6153846153846154,3.85239414193214,13.0,38.0,2.923076923076923,6.0,0.4615384615384615,5.0,21.0,5.0,1.8302107853581124,2.333333333333333,2.333333333333333,9.0,5.0,21.0,0.0982936516869838
1960.0,6.0,62.0,4.769230769230769,5.11185080891864,13.0,71.0,5.461538461538462,33.0,2.5384615384615383,6.0,62.0,41.0,3.0910661365145824,6.888888888888889,6.888888888888889,9.0,6.0,62.0,0.192147353376083
1968.0,6.0,54.0,3.375,5.636236503058623,16.0,104.0,6.5,33.0,2.0625,5.0,53.0,0.0,2.838334899626294,6.625,6.625,8.0,5.0,53.0,0.1872599092363293
1976.0,5.0,75.0,4.411764705882353,7.494336273555239,17.0,94.0,5.529411764705882,0.0,0.0,5.0,75.0,22.0,2.3525345509314213,8.333333333333334,8.333333333333334,9.0,5.0,75.0,0.1498975770455195
1984.0,5.0,23.0,1.2105263157894737,7.540271070864918,19.0,119.0,6.2631578947368425,25.0,1.3157894736842106,5.0,23.0,0.0,3.802183834018642,2.3,2.3,10.0,5.0,23.0,0.2064091934712153
1992.0,6.0,65.0,3.25,7.243150392307089,20.0,102.0,5.1,0.0,0.0,6.0,65.0,42.0,3.223270951321428,5.416666666666667,5.416666666666667,12.0,6.0,65.0,0.1930762389053325
2000.0,3.0,2.0,0.1052631578947368,5.761953746840692,19.0,142.0,7.473684210526316,40.0,2.1052631578947367,3.0,36.0,0.0,2.7880626369117683,3.6,3.6,10.0,3.0,36.0,0.1925828374981502
2008.0,2.0,9.0,0.4736842105263157,11.309219138842048,19.0,114.0,6.0,0.0,0.0,2.0,10.0,0.0,5.418193882156843,2.0,2.0,5.0,2.0,10.0,0.3884545396777411
2016.0,3.0,6.0,0.5,6.7410109299622905,12.0,50.0,4.166666666666667,0.0,0.0,3.0,7.0,0.0,0.5089768028971094,1.4,1.4,5.0,3.0,7.0,0.0335508967672993
2024.0,2.0,17.0,1.3076923076923077,6.9074808938890255,13.0,60.0,4.615384615384615,10.0,0.7692307692307693,2.0,20.0,13.0,5.3847241870412255,2.5,2.5,8.0,2.0,20.0,0.2630454387571732
2032.0,5.0,45.0,3.75,3.605457915159336,12.0,48.0,4.0,0.0,0.0,5.0,47.0,27.0,2.297910354984793,4.7,4.7,10.0,5.0,47.0,0.1431359111035284
2040.0,5.0,42.0,2.8,5.634088966633081,15.0,94.0,6.266666666666667,46.0,3.066666666666667,5.0,42.0,0.0,2.2175492219572237,5.25,5.25,8.0,5.0,42.0,0.1848795824934886
2048.0,6.0,85.0,7.083333333333333,5.265436791828461,12.0,117.0,9.75,23.0,1.9166666666666667,6.0,85.0,43.0,1.2005745887601071,10.625,10.625,8.0,6.0,85.0,0.0944277015097624
2056.0,3.0,21.0,1.4,7.562646146109334,15.0,152.0,10.133333333333333,35.0,2.333333333333333,3.0,21.0,0.0,2.879874333359316,3.5,3.5,6.0,3.0,21.0,0.2003658200525628
2064.0,5.0,50.0,4.166666666666667,4.428055322418589,12.0,81.0,6.75,0.0,0.0,5.0,50.0,29.0,1.5126980009754531,5.555555555555555,5.555555555555555,9.0,5.0,50.0,0.0981219692515196
2072.0,0.0,0.0,0.0,5.109694196819726,14.0,83.0,5.928571428571429,2.0,0.1428571428571428,0.0,21.0,0.0,2.7329643182353425,2.625,2.625,8.0,0.0,21.0,0.2067239606471615
2080.0,1.0,0.0,0.0,10.28635873648041,21.0,65.0,3.095238095238096,0.0,0.0,1.0,0.0,0.0,7.001698829464173,0.0,0.0,10.0,1.0,0.0,0.4486720990840235
2088.0,4.0,8.0,0.3809523809523809,7.680110511679883,21.0,56.0,2.6666666666666665,0.0,0.0,4.0,8.0,8.0,5.586513046388295,0.5714285714285714,0.5714285714285714,14.0,4.0,8.0,0.3344032854317955
2096.0,6.0,32.0,1.391304347826087,7.219828254157704,23.0,103.0,4.478260869565218,47.0,2.0434782608695654,6.0,43.0,35.0,5.5057346547313015,2.6875,2.6875,16.0,6.0,43.0,0.3793110780285175
2104.0,6.0,21.0,1.05,7.117401383291492,20.0,90.0,4.5,0.0,0.0,6.0,32.0,0.0,5.489950637294753,2.4615384615384617,2.4615384615384617,13.0,6.0,32.0,0.3669118404452405
2112.0,0.0,0.0,0.0,8.469441573470986,15.0,59.0,3.933333333333333,0.0,0.0,0.0,12.0,0.0,9.08693789517354,1.5,1.5,8.0,0.0,12.0,0.6170933432111717
2120.0,3.0,13.0,1.3,6.328632949594368,10.0,40.0,4.0,0.0,0.0,3.0,25.0,13.0,3.931240713919155,3.571428571428572,3.571428571428572,7.0,3.0,25.0,0.2287646325174151
2128.0,1.0,5.0,0.625,9.046332016097423,8.0,54.0,6.75,14.0,1.75,1.0,5.0,0.0,0.0006577991364383,5.0,5.0,1.0,1.0,5.0,3.1778668177907683e-05
2144.0,0.0,0.0,0.0,13.387713939438788,3.0,13.0,4.333333333333333,0.0,0.0,0.0,0.0,0.0,15.194769005649729,0.0,0.0,1.0,0.0,0.0,0.8442026471584082
2152.0,0.0,0.0,0.0,9.662750037942516,6.0,13.0,2.1666666666666665,0.0,0.0,0.0,0.0,0.0,10.85528875789605,0.0,0.0,1.0,0.0,0.0,0.7099554379019061
2160.0,0.0,0.0,0.0,8.137839462365765,7.0,8.0,1.1428571428571428,0.0,0.0,0.0,0.0,0.0,6.322506808396473,0.0,0.0,3.0,0.0,0.0,0.4056233384997707
2168.0,4.0,17.0,1.7,5.178556521624032,10.0,18.0,1.8,10.0,1.0,4.0,17.0,17.0,3.5631017803114124,2.4285714285714284,2.4285714285714284,7.0,4.0,17.0,0.2056444704429088
2176.0,0.0,0.0,0.0,6.595334035983771,10.0,36.0,3.6,18.0,1.8,0.0,14.0,0.0,6.127135894704424,2.333333333333333,2.333333333333333,6.0,0.0,14.0,0.3218326115994376
2184.0,1.0,8.0,1.1428571428571428,7.070608964943867,7.0,17.0,2.4285714285714284,0.0,0.0,1.0,8.0,0.0,2.092955534424408,2.6666666666666665,2.6666666666666665,3.0,1.0,8.0,0.1095444988880401
2192.0,1.0,16.0,2.2857142857142856,6.767473689130691,7.0,16.0,2.2857142857142856,0.0,0.0,1.0,16.0,8.0,5.954743168959516,2.6666666666666665,2.6666666666666665,6.0,1.0,16.0,0.3354199903788926
2200.0,1.0,24.0,2.6666666666666665,10.06258282557247,9.0,26.0,2.888888888888889,10.0,1.1111111111111112,1.0,24.0,8.0,8.595976820694935,6.0,6.0,4.0,1.0,24.0,0.5294720836382566
2208.0,1.0,4.0,0.8,8.342715447568843,5.0,31.0,6.2,5.0,1.0,1.0,4.0,0.0,7.278995417708569,1.3333333333333333,1.3333333333333333,3.0,1.0,4.0,0.458620302773298
2216.0,3.0,19.0,3.8,5.536711065659075,5.0,19.0,3.8,0.0,0.0,2.0,19.0,15.0,0.0,9.5,9.5,2.0,2.0,19.0,0.0
2224.0,0.0,0.0,0.0,7.802621357401341,7.0,25.0,3.571428571428572,6.0,0.8571428571428571,0.0,0.0,0.0,8.956140247173607,0.0,0.0,2.0,0.0,0.0,0.5005852842816851
2232.0,1.0,0.0,0.0,8.379806072844103,7.0,17.0,2.4285714285714284,0.0,0.0,1.0,0.0,0.0,8.148882102893731,0.0,0.0,3.0,1.0,0.0,0.549884398488723
2240.0,0.0,0.0,0.0,9.100931126044577,6.0,0.0,0.0,0.0,0.0,0.0,0.0,0.0,9.11705509051026,0.0,0.0,5.0,0.0,0.0,0.6218264846280028
2248.0,0.0,0.0,0.0,9.419949999022418,11.0,3.0,0.2727272727272727,3.0,0.2727272727272727,0.0,0.0,0.0,10.173475756495623,0.0,0.0,7.0,0.0,0.0,0.6619499450917941
2256.0,1.0,4.0,0.3076923076923077,9.577412149636936,13.0,4.0,0.3076923076923077,1.0,0.0769230769230769,1.0,4.0,4.0,9.64123298933222,0.5,0.5,8.0,1.0,4.0,0.6330536057241987
2264.0,3.0,19.0,1.5833333333333333,9.96627410010452,12.0,19.0,1.5833333333333333,15.0,1.25,3.0,19.0,15.0,7.780380372808852,2.7142857142857144,2.7142857142857144,7.0,3.0,19.0,0.5459025478846464
2272.0,1.0,2.0,0.1818181818181818,8.189633608739376,11.0,32.0,2.909090909090909,13.0,1.181818181818182,1.0,3.0,0.0,7.95264911333264,0.4285714285714285,0.4285714285714285,7.0,1.0,3.0,0.494049416574907
2280.0,3.0,19.0,1.5833333333333333,7.878504124350683,12.0,26.0,2.1666666666666665,0.0,0.0,3.0,19.0,16.0,5.5282250835467845,2.375,2.375,8.0,3.0,19.0,0.3846526155039254
2288.0,1.0,3.0,0.2142857142857142,6.7847364920420175,14.0,37.0,2.642857142857143,11.0,0.7857142857142857,1.0,11.0,0.0,5.92711160336761,1.375,1.375,8.0,1.0,11.0,0.3973513578500244
2296.0,3.0,10.0,0.625,7.596014666486963,16.0,25.0,1.5625,0.0,0.0,3.0,18.0,7.0,6.885929992267307,2.0,2.0,9.0,3.0,18.0,0.4948167596175227
2304.0,0.0,0.0,0.0,8.933636785747089,15.0,36.0,2.4,11.0,0.7333333333333333,0.0,12.0,0.0,8.516673698887901,1.2,1.2,10.0,0.0,12.0,0.5962080792158055
2312.0,1.0,3.0,0.1875,9.934331773720336,16.0,9.0,0.5625,0.0,0.0,1.0,3.0,0.0,10.413938170389104,0.3333333333333333,0.3333333333333333,9.0,1.0,3.0,0.6638629424776872
2320.0,2.0,4.0,0.2857142857142857,7.508186220636509,14.0,10.0,0.7142857142857143,1.0,0.0714285714285714,1.0,2.0,0.0,7.148287323370454,0.25,0.25,8.0,1.0,2.0,0.467074988815422
2328.0,7.0,42.0,2.8,5.612515558805656,15.0,42.0,2.8,32.0,2.1333333333333333,6.0,32.0,30.0,4.6805633352610885,2.6666666666666665,2.6666666666666665,12.0,6.0,32.0,0.335698635947736
2336.0,5.0,13.0,0.6842105263157895,5.579356296465888,19.0,83.0,4.368421052631579,41.0,2.1578947368421053,5.0,51.0,19.0,5.1703725507921705,3.4,3.4,15.0,5.0,51.0,0.3661172099270045
2344.0,7.0,49.0,2.333333333333333,6.400781940120618,21.0,79.0,3.761904761904762,0.0,0.0,7.0,51.0,0.0,4.69229274578414,3.4,3.4,15.0,7.0,51.0,0.3436041902282943
2352.0,3.0,2.0,0.08,6.032926900880273,25.0,83.0,3.32,4.0,0.16,3.0,17.0,0.0,4.6683914670077336,1.1333333333333333,1.1333333333333333,15.0,3.0,17.0,0.3057736779077574
2360.0,7.0,25.0,1.0,4.973256324777704,25.0,60.0,2.4,0.0,0.0,7.0,33.0,16.0,2.4469765160568406,1.9411764705882355,1.9411764705882355,17.0,7.0,33.0,0.1717311625062825
2368.0,5.0,52.0,2.1666666666666665,5.774351924661251,24.0,80.0,3.333333333333333,20.0,0.8333333333333334,5.0,64.0,31.0,4.581475839963549,3.3684210526315788,3.3684210526315788,19.0,5.0,64.0,0.3204025599522188
2376.0,10.0,91.0,3.9565217391304346,4.625483131040372,23.0,123.0,5.3478260869565215,43.0,1.8695652173913044,10.0,106.0,42.0,4.1679228366045535,5.047619047619048,5.047619047619048,21.0,10.0,106.0,0.2828960508052741
2384.0,9.0,48.0,1.6551724137931034,5.8120247298361765,29.0,197.0,6.793103448275862,74.0,2.5517241379310347,9.0,99.0,0.0,4.803555724573846,4.304347826086956,4.304347826086956,23.0,9.0,99.0,0.3287107548752832
2392.0,10.0,54.0,1.7419354838709675,5.28142695525486,31.0,169.0,5.451612903225806,0.0,0.0,10.0,137.0,38.0,4.13587435638893,5.48,5.48,25.0,10.0,137.0,0.2795499892818086
2400.0,19.0,160.0,4.324324324324325,5.085729750381256,37.0,281.0,7.594594594594595,112.0,3.027027027027027,18.0,242.0,105.0,3.8744281344725646,8.344827586206897,8.344827586206897,29.0,18.0,242.0,0.2474663261064908
2408.0,7.0,65.0,1.625,5.6519675319085705,40.0,377.0,9.425,96.0,2.4,7.0,211.0,0.0,5.116215016392273,7.033333333333333,7.033333333333333,30.0,7.0,211.0,0.3368560092190251
2416.0,19.0,88.0,2.2564102564102564,4.959603427139803,39.0,421.0,10.794871794871796,44.0,1.1282051282051282,17.0,281.0,70.0,2.558687357378903,10.035714285714286,10.035714285714286,28.0,17.0,281.0,0.163169703054766
2424.0,8.0,47.0,1.2702702702702702,4.497035841511055,37.0,515.0,13.91891891891892,94.0,2.5405405405405403,7.0,313.0,32.0,2.8761520590265395,12.038461538461538,12.038461538461538,26.0,7.0,313.0,0.1773058039208953
2432.0,17.0,142.0,3.736842105263158,5.3077808173516745,38.0,512.0,13.473684210526317,0.0,0.0,14.0,369.0,56.0,2.7620308277641143,15.375,15.375,24.0,14.0,369.0,0.1557097149217322
2440.0,14.0,150.0,4.411764705882353,3.927581715342817,34.0,574.0,16.88235294117647,62.0,1.8235294117647056,13.0,393.0,24.0,3.2753953494780896,15.115384615384617,15.115384615384617,26.0,13.0,393.0,0.2131206278057045
2448.0,16.0,83.0,1.9761904761904765,4.531478674468646,42.0,668.0,15.904761904761903,94.0,2.238095238095238,14.0,428.0,35.0,3.330995401497234,14.266666666666667,14.266666666666667,30.0,14.0,428.0,0.2367333511375501
2456.0,8.0,66.0,1.4666666666666666,6.658011268635889,45.0,756.0,16.8,88.0,1.9555555555555555,8.0,419.0,0.0,5.279653393584082,14.964285714285714,14.964285714285714,28.0,8.0,419.0,0.3572477395871596
2464.0,16.0,108.0,2.511627906976744,5.801277753841625,43.0,691.0,16.069767441860463,0.0,0.0,15.0,506.0,87.0,3.440558553003265,18.74074074074074,18.74074074074074,27.0,15.0,506.0,0.2397314684795679
2472.0,17.0,232.0,5.523809523809524,5.230218670141619,42.0,783.0,18.642857142857142,92.0,2.1904761904761907,16.0,627.0,121.0,3.6502291850821216,21.620689655172413,21.620689655172413,29.0,16.0,627.0,0.2446128763582252
2480.0,13.0,197.0,4.5813953488372094,4.979270000587512,43.0,897.0,20.86046511627907,114.0,2.6511627906976742,12.0,582.0,0.0,2.869416901385361,22.384615384615383,22.384615384615383,26.0,12.0,582.0,0.1964941601221974
2488.0,19.0,168.0,3.8181818181818175,5.352089477266976,44.0,976.0,22.181818181818183,79.0,1.7954545454545454,17.0,644.0,62.0,1.8552895571373296,25.76,25.76,25.0,17.0,644.0,0.1370792483999596
2496.0,17.0,213.0,5.916666666666667,4.476239368248884,36.0,1085.0,30.13888888888889,109.0,3.0277777777777777,13.0,742.0,98.0,2.316172902905501,32.26086956521739,32.26086956521739,23.0,13.0,742.0,0.1779309694904693
2504.0,13.0,197.0,6.354838709677419,5.272417501609491,31.0,1031.0,33.25806451612903,0.0,0.0,13.0,723.0,0.0,2.895779159835435,34.42857142857143,34.42857142857143,21.0,13.0,723.0,0.2131172464688406
2512.0,10.0,186.0,5.636363636363637,7.131304348196254,33.0,1123.0,34.03030303030303,92.0,2.787878787878788,10.0,730.0,7.0,4.850891479501758,34.76190476190476,34.76190476190476,21.0,10.0,730.0,0.3484158727391101
2520.0,9.0,150.0,4.6875,7.364723481484173,32.0,1131.0,35.34375,8.0,0.25,9.0,637.0,0.0,4.300819538105567,35.388888888888886,35.388888888888886,18.0,9.0,637.0,0.329010718553451
2528.0,5.0,38.0,1.3571428571428572,6.921263362199092,28.0,1019.0,36.392857142857146,0.0,0.0,5.0,565.0,0.0,4.433517804598391,33.23529411764706,33.23529411764706,17.0,5.0,565.0,0.327279388955098
2536.0,5.0,40.0,1.2903225806451613,7.878448444376958,31.0,1021.0,32.935483870967744,2.0,0.064516129032258,5.0,271.0,0.0,5.005792801098481,14.263157894736842,14.263157894736842,19.0,5.0,271.0,0.3535149380751202
2544.0,7.0,21.0,0.875,4.988693694741601,24.0,451.0,18.791666666666668,0.0,0.0,7.0,239.0,0.0,3.776093714745605,11.95,11.95,20.0,7.0,239.0,0.2651901904959116
2552.0,5.0,9.0,0.3214285714285714,6.220006805514897,28.0,496.0,17.714285714285715,45.0,1.6071428571428572,5.0,128.0,0.0,5.381422737807644,6.4,6.4,20.0,5.0,128.0,0.3852057812081055
2560.0,11.0,58.0,2.230769230769231,6.028238906747398,26.0,545.0,20.96153846153846,49.0,1.8846153846153848,9.0,174.0,46.0,5.0237118680059405,8.7,8.7,20.0,9.0,174.0,0.3666645736578815
2568.0,8.0,85.0,3.1481481481481484,6.728836498462081,27.0,624.0,23.11111111111111,79.0,2.925925925925926,7.0,157.0,0.0,5.528598932130658,7.85,7.85,20.0,7.0,157.0,0.4097066004038434
2576.0,4.0,85.0,3.269230769230769,6.58289701165477,26.0,495.0,19.03846153846154,0.0,0.0,4.0,175.0,18.0,5.914026020045565,7.954545454545454,7.954545454545454,22.0,4.0,175.0,0.4372726578309445
2584.0,3.0,3.0,0.1111111111111111,8.608954604719942,27.0,298.0,11.037037037037036,0.0,0.0,2.0,81.0,0.0,8.096180334884679,4.5,4.5,18.0,2.0,81.0,0.5821407390472829
2592.0,5.0,8.0,0.3076923076923077,7.257116917370037,26.0,278.0,10.692307692307692,0.0,0.0,5.0,93.0,12.0,6.741002207835436,4.227272727272728,4.227272727272728,22.0,5.0,93.0,0.4918114919438676
2600.0,5.0,22.0,0.7857142857142857,7.266164284182017,28.0,196.0,7.0,0.0,0.0,3.0,86.0,0.0,6.614761159968898,3.909090909090909,3.909090909090909,22.0,3.0,86.0,0.4670596419259463
2608.0,4.0,12.0,0.4444444444444444,7.417980347221984,27.0,229.0,8.481481481481481,33.0,1.2222222222222223,4.0,101.0,15.0,6.211173777491624,4.590909090909091,4.590909090909091,22.0,4.0,101.0,0.4326228827102988
2616.0,3.0,4.0,0.1481481481481481,7.436488921447261,27.0,180.0,6.666666666666667,0.0,0.0,2.0,64.0,0.0,7.36295305585829,3.2,3.2,20.0,2.0,64.0,0.5155780934854329
2624.0,3.0,11.0,0.3928571428571428,8.408779214420345,28.0,184.0,6.571428571428571,4.0,0.1428571428571428,2.0,37.0,0.0,7.909083241271688,1.681818181818182,1.681818181818182,22.0,2.0,37.0,0.5397931685172117
2632.0,6.0,16.0,0.5333333333333333,7.039796251191288,30.0,161.0,5.366666666666666,0.0,0.0,6.0,45.0,8.0,6.519501747027967,1.875,1.875,24.0,6.0,45.0,0.4561009641700607
2640.0,6.0,18.0,0.6,5.674261720631596,30.0,116.0,3.8666666666666663,0.0,0.0,5.0,36.0,0.0,5.802029519517532,1.5,1.5,24.0,5.0,36.0,0.4305565783424665
2648.0,6.0,20.0,0.6060606060606061,6.432426163976681,33.0,138.0,4.181818181818182,22.0,0.6666666666666666,6.0,53.0,17.0,6.178189918142124,1.962962962962963,1.962962962962963,27.0,6.0,53.0,0.4384290751387948
2656.0,8.0,21.0,0.6,6.315162241731907,35.0,125.0,3.571428571428572,0.0,0.0,7.0,47.0,0.0,6.197299491418912,1.88,1.88,25.0,7.0,47.0,0.4410091204834296
2664.0,9.0,82.0,2.411764705882353,8.444497890684532,34.0,156.0,4.588235294117647,31.0,0.9117647058823528,7.0,77.0,30.0,7.396096924852504,3.5,3.5,22.0,7.0,77.0,0.5312190889613967
2672.0,8.0,16.0,0.5,6.095245466522512,32.0,184.0,5.75,28.0,0.875,8.0,89.0,12.0,5.253749112279504,3.423076923076923,3.423076923076923,26.0,8.0,89.0,0.3772916847516531
2680.0,7.0,46.0,1.4375,6.3250691278082485,32.0,153.0,4.78125,0.0,0.0,7.0,128.0,39.0,5.839929414383168,4.923076923076923,4.923076923076923,26.0,7.0,128.0,0.4159388186446474
2688.0,12.0,123.0,3.6176470588235294,6.682272366131441,34.0,205.0,6.029411764705882,52.0,1.5294117647058822,11.0,196.0,68.0,5.499150125816781,7.538461538461538,7.538461538461538,26.0,11.0,196.0,0.3807203314022129
2696.0,3.0,27.0,0.84375,6.859954258425874,32.0,266.0,8.3125,61.0,1.90625,3.0,135.0,0.0,6.6328020925267,5.625,5.625,24.0,3.0,135.0,0.4636874391987844
2704.0,6.0,29.0,0.90625,8.6716018044253,32.0,167.0,5.21875,0.0,0.0,3.0,21.0,0.0,8.5152077117511,1.1666666666666667,1.1666666666666667,18.0,3.0,21.0,0.5782662375375752
2712.0,4.0,12.0,0.4444444444444444,7.151943508193217,27.0,106.0,3.925925925925926,0.0,0.0,4.0,24.0,3.0,6.481769475622279,1.263157894736842,1.263157894736842,19.0,4.0,24.0,0.4601509577193409
2720.0,4.0,34.0,1.2142857142857142,10.356826496124674,28.0,90.0,3.2142857142857144,0.0,0.0,4.0,42.0,18.0,8.93085755408256,2.4705882352941178,2.4705882352941178,17.0,4.0,42.0,0.6116834059768841
2728.0,5.0,61.0,2.652173913043478,9.67611958337321,23.0,90.0,3.9130434782608696,0.0,0.0,5.0,69.0,27.0,7.855633949206542,4.3125,4.3125,16.0,5.0,69.0,0.5313301588869812
2736.0,1.0,1.0,0.05,9.407944755624523,20.0,103.0,5.15,13.0,0.65,1.0,1.0,0.0,10.247959076065367,0.0909090909090909,0.0909090909090909,11.0,1.0,1.0,0.6874613403846184
2744.0,5.0,21.0,1.4,6.091712201266646,15.0,51.0,3.4,0.0,0.0,5.0,21.0,20.0,5.131418244874163,1.6153846153846154,1.6153846153846154,13.0,5.0,21.0,0.3698529961980518
2752.0,6.0,58.0,3.625,6.5939061383991,16.0,93.0,5.8125,42.0,2.625,6.0,58.0,37.0,5.578681681531094,4.461538461538462,4.461538461538462,13.0,6.0,58.0,0.4020464447847012
2760.0,1.0,3.0,0.1666666666666666,8.175603042931348,18.0,116.0,6.444444444444445,23.0,1.2777777777777777,1.0,35.0,0.0,7.860170933696726,2.6923076923076925,2.6923076923076925,13.0,1.0,35.0,0.5595830623219534
2768.0,4.0,13.0,0.8125,7.684389313075796,16.0,55.0,3.4375,0.0,0.0,4.0,48.0,13.0,6.937952979859059,3.2,3.2,15.0,4.0,48.0,0.4793369667613244
2776.0,2.0,8.0,0.5333333333333333,7.265857748622183,15.0,83.0,5.533333333333333,28.0,1.8666666666666667,2.0,38.0,0.0,7.069647668180379,3.1666666666666665,3.1666666666666665,12.0,2.0,38.0,0.4839994888061719
2784.0,1.0,14.0,1.1666666666666667,11.100819840118255,12.0,46.0,3.8333333333333335,0.0,0.0,1.0,15.0,0.0,8.373504742755683,2.142857142857143,2.142857142857143,7.0,1.0,15.0,0.5756976639944128
2792.0,1.0,22.0,2.4444444444444446,10.481262248177163,9.0,23.0,2.555555555555556,0.0,0.0,1.0,22.0,7.0,6.817776674880463,4.4,4.4,5.0,1.0,22.0,0.4511599383047214
2800.0,2.0,33.0,4.714285714285714,6.651741394383527,7.0,33.0,4.714285714285714,10.0,1.4285714285714286,2.0,33.0,11.0,6.651741394383527,4.714285714285714,4.714285714285714,7.0,2.0,33.0,0.4834115878842931
2808.0,1.0,0.0,0.0,9.326776008833775,10.0,39.0,3.9,6.0,0.6,1.0,0.0,0.0,9.517639168076425,0.0,0.0,8.0,1.0,0.0,0.6939173010973758
2816.0,0.0,0.0,0.0,11.20110347447246,10.0,0.0,0.0,0.0,0.0,0.0,0.0,0.0,11.20110347447246,0.0,0.0,10.0,0.0,0.0,0.8150700284134089
2824.0,0.0,0.0,0.0,13.342917495685986,11.0,0.0,0.0,0.0,0.0,0.0,0.0,0.0,12.452113861095864,0.0,0.0,9.0,0.0,0.0,0.9165252822524416
2832.0,2.0,6.0,0.5454545454545454,6.521095527151749,11.0,6.0,0.5454545454545454,6.0,0.5454545454545454,2.0,6.0,6.0,6.521095527151747,0.5454545454545454,0.5454545454545454,11.0,2.0,6.0,0.4687354271373015
2840.0,1.0,0.0,0.0,6.291343469940121,17.0,20.0,1.1764705882352942,14.0,0.8235294117647058,1.0,7.0,1.0,5.958764894843286,0.4666666666666667,0.4666666666666667,15.0,1.0,7.0,0.4011579200047203
2848.0,4.0,6.0,0.2727272727272727,8.083266727724915,22.0,13.0,0.5909090909090909,0.0,0.0,4.0,6.0,0.0,6.324496106873727,0.3529411764705882,0.3529411764705882,17.0,4.0,6.0,0.4179979234136095
2856.0,3.0,6.0,0.2727272727272727,7.453932862011237,22.0,24.0,1.0909090909090908,11.0,0.5,3.0,8.0,2.0,7.20399865258752,0.4444444444444444,0.4444444444444444,18.0,3.0,8.0,0.4789732246865916
2864.0,3.0,22.0,0.9166666666666666,9.763170640796991,24.0,24.0,1.0,0.0,0.0,3.0,22.0,14.0,8.42065725221347,1.2222222222222223,1.2222222222222223,18.0,3.0,22.0,0.593270853541255
2872.0,2.0,3.0,0.12,7.83256002793858,25.0,34.0,1.36,10.0,0.4,2.0,5.0,0.0,7.174053048061547,0.238095238095238,0.238095238095238,21.0,2.0,5.0,0.4915890919436191
2880.0,4.0,21.0,0.7241379310344828,8.303016973230642,29.0,23.0,0.7931034482758621,0.0,0.0,4.0,21.0,16.0,7.302174784066801,0.9545454545454546,0.9545454545454546,22.0,4.0,21.0,0.5072070590598877
2888.0,8.0,68.0,2.2666666666666666,8.03171540909535,30.0,68.0,2.2666666666666666,45.0,1.5,8.0,68.0,47.0,6.71106128158834,2.72,2.72,25.0,8.0,68.0,0.4546849669010887
2896.0,10.0,139.0,4.633333333333334,6.373379458354565,30.0,139.0,4.633333333333334,71.0,2.3666666666666667,10.0,139.0,71.0,5.739454932615118,4.964285714285714,4.964285714285714,28.0,10.0,139.0,0.409626428784526
2904.0,13.0,161.0,4.735294117647059,4.428654921951911,34.0,235.0,6.911764705882353,96.0,2.823529411764706,13.0,213.0,74.0,4.259312608117706,6.454545454545454,6.454545454545454,33.0,13.0,213.0,0.2991410275764655
2912.0,10.0,77.0,2.081081081081081,5.135615333812074,37.0,313.0,8.45945945945946,78.0,2.108108108108108,10.0,178.0,0.0,4.601421060690235,5.5625,5.5625,32.0,10.0,178.0,0.3246457399032618
2920.0,13.0,132.0,3.3846153846153846,7.166543445142975,39.0,338.0,8.666666666666666,25.0,0.6410256410256411,13.0,149.0,0.0,5.147828279088383,5.137931034482759,5.137931034482759,29.0,13.0,149.0,0.3473588925231579
2928.0,6.0,27.0,0.7105263157894737,6.336613928547061,38.0,378.0,9.947368421052632,40.0,1.0526315789473684,5.0,129.0,0.0,4.845669678447203,5.16,5.16,25.0,5.0,129.0,0.3526873285064153
2936.0,7.0,48.0,1.2307692307692308,9.29772387654062,39.0,380.0,9.743589743589745,2.0,0.0512820512820512,5.0,92.0,0.0,7.598315425290122,4.0,4.0,23.0,5.0,92.0,0.5179574221572608
2944.0,9.0,46.0,1.4375,6.831335351773026,32.0,243.0,7.59375,0.0,0.0,9.0,134.0,42.0,5.509454111242377,5.153846153846154,5.153846153846154,26.0,9.0,134.0,0.392384932855046
2952.0,8.0,78.0,2.6,6.423033091728576,30.0,195.0,6.5,0.0,0.0,7.0,124.0,0.0,6.409643579205837,5.166666666666667,5.166666666666667,24.0,7.0,124.0,0.4540058839399586
2960.0,10.0,141.0,5.035714285714286,5.635434862899088,28.0,249.0,8.892857142857142,54.0,1.9285714285714288,10.0,167.0,43.0,5.028081121126477,7.260869565217392,7.260869565217392,23.0,10.0,167.0,0.3507133132988634
2968.0,11.0,71.0,2.4482758620689653,5.479587572059987,29.0,274.0,9.448275862068966,25.0,0.8620689655172413,11.0,144.0,0.0,4.435234476195245,6.0,6.0,24.0,11.0,144.0,0.2935541253156027
2976.0,5.0,17.0,0.5666666666666667,5.654425996194693,30.0,276.0,9.2,2.0,0.0666666666666666,5.0,156.0,12.0,4.153431885585521,7.090909090909091,7.090909090909091,22.0,5.0,156.0,0.2549401758449423
2984.0,8.0,31.0,1.1071428571428572,6.080417540349173,28.0,315.0,11.25,39.0,1.3928571428571428,8.0,147.0,0.0,4.353407204256778,7.35,7.35,20.0,8.0,147.0,0.2954529362513337
2992.0,2.0,5.0,0.1923076923076923,6.613796958747631,26.0,299.0,11.5,0.0,0.0,2.0,153.0,6.0,4.866209763034262,8.5,8.5,18.0,2.0,153.0,0.3366934743089732
3000.0,9.0,49.0,1.8846153846153848,5.768480508480882,26.0,255.0,9.807692307692308,0.0,0.0,9.0,197.0,44.0,3.7765991016988942,9.38095238095238,9.38095238095238,21.0,9.0,197.0,0.2907725080258022
3008.0,7.0,53.0,1.8928571428571428,6.772408269108006,28.0,327.0,11.678571428571429,72.0,2.571428571428572,7.0,194.0,0.0,6.110528762686762,8.434782608695652,8.434782608695652,23.0,7.0,194.0,0.4208590578743352
3016.0,7.0,28.0,0.875,8.201273841045472,32.0,309.0,9.65625,0.0,0.0,7.0,113.0,0.0,5.790996172986475,5.136363636363637,5.136363636363637,22.0,7.0,113.0,0.3706173754483849
3024.0,4.0,10.0,0.2777777777777778,7.937408825188858,36.0,346.0,9.61111111111111,37.0,1.0277777777777777,3.0,75.0,0.0,6.47010200690451,4.166666666666667,4.166666666666667,18.0,3.0,75.0,0.4259207773076118
3032.0,8.0,30.0,0.8333333333333334,8.196084571002997,36.0,387.0,10.75,41.0,1.1388888888888888,7.0,64.0,0.0,4.668728799679092,4.571428571428571,4.571428571428571,14.0,7.0,64.0,0.2918062722068454
3040.0,3.0,12.0,0.4,8.639009836393468,30.0,260.0,8.666666666666666,0.0,0.0,3.0,57.0,0.0,5.865151280717603,4.384615384615385,4.384615384615385,13.0,3.0,57.0,0.40781039139407
3048.0,5.0,47.0,1.5666666666666669,10.301131301713315,30.0,220.0,7.333333333333333,0.0,0.0,4.0,78.0,21.0,6.258633538102481,7.090909090909091,7.090909090909091,11.0,4.0,78.0,0.4788006475156111
3056.0,1.0,3.0,0.125,10.881238938725415,24.0,192.0,8.0,0.0,0.0,1.0,3.0,0.0,9.288851666449547,0.3333333333333333,0.3333333333333333,9.0,1.0,3.0,0.7047963943513245
3064.0,1.0,1.0,0.0454545454545454,10.333819344575952,22.0,110.0,5.0,0.0,0.0,1.0,2.0,0.0,8.429307290783113,0.1666666666666666,0.1666666666666666,12.0,1.0,2.0,0.649844282620182
3072.0,3.0,17.0,0.85,7.909766725460228,20.0,86.0,4.3,0.0,0.0,3.0,18.0,16.0,6.861189904394568,1.125,1.125,16.0,3.0,18.0,0.5204206352590216
3080.0,0.0,0.0,0.0,8.585207229258392,24.0,104.0,4.333333333333333,18.0,0.75,0.0,2.0,0.0,7.818388818469827,0.1428571428571428,0.1428571428571428,14.0,0.0,2.0,0.5761988936898242
3088.0,1.0,0.0,0.0,11.79841132506501,21.0,50.0,2.380952380952381,0.0,0.0,1.0,0.0,0.0,10.640238796360752,0.0,0.0,11.0,1.0,0.0,0.7357866831516773
3096.0,4.0,9.0,0.4736842105263157,8.848497750738568,19.0,25.0,1.3157894736842106,0.0,0.0,4.0,9.0,9.0,7.334312956802707,0.6428571428571429,0.6428571428571429,14.0,4.0,9.0,0.4939089851588277
3104.0,6.0,36.0,1.6363636363636365,6.465744020536752,22.0,57.0,2.590909090909091,32.0,1.4545454545454546,6.0,36.0,27.0,4.201842799960545,2.4,2.4,15.0,6.0,36.0,0.2622161143319524
3112.0,16.0,102.0,4.25,2.6110649264184524,24.0,102.0,4.25,45.0,1.875,16.0,102.0,66.0,2.009945626439551,4.636363636363637,4.636363636363637,22.0,16.0,102.0,0.1233908202628758
3120.0,11.0,77.0,2.655172413793104,3.3749276547859446,29.0,204.0,7.0344827586206895,102.0,3.5172413793103448,11.0,124.0,22.0,2.336085871645793,5.166666666666667,5.166666666666667,24.0,11.0,124.0,0.1311792973885274
3128.0,6.0,24.0,0.7741935483870968,3.720148399292275,31.0,218.0,7.032258064516129,14.0,0.4516129032258064,6.0,132.0,8.0,1.867868989020768,5.739130434782608,5.739130434782608,23.0,6.0,132.0,0.1186510697631469
3136.0,10.0,34.0,1.0,3.767008081514101,34.0,250.0,7.352941176470588,32.0,0.9411764705882352,10.0,121.0,0.0,0.7371555239241959,5.260869565217392,5.260869565217392,23.0,10.0,121.0,0.037624876271024
3144.0,7.0,60.0,1.818181818181818,6.917844154385964,33.0,265.0,8.030303030303031,15.0,0.4545454545454545,7.0,122.0,1.0,3.69908496751838,6.1,6.1,20.0,7.0,122.0,0.2128852905522348
3152.0,10.0,116.0,3.515151515151515,7.892404132463326,33.0,285.0,8.636363636363637,20.0,0.6060606060606061,10.0,161.0,39.0,2.734403690580375,10.733333333333333,10.733333333333333,15.0,10.0,161.0,0.1408931808677247
3160.0,11.0,193.0,6.225806451612903,7.376848547291588,31.0,335.0,10.806451612903226,50.0,1.6129032258064515,11.0,234.0,73.0,1.0451041227749778,15.6,15.6,15.0,11.0,234.0,0.0677906855109308
3168.0,1.0,5.0,0.1724137931034483,8.637309322463656,29.0,335.0,11.551724137931034,0.0,0.0,1.0,92.0,0.0,3.222657628980792,8.363636363636363,8.363636363636363,11.0,1.0,92.0,0.2033784713786288
3176.0,3.0,9.0,0.3461538461538461,9.87945439309344,26.0,222.0,8.538461538461538,0.0,0.0,3.0,9.0,0.0,3.638144748179808,1.125,1.125,8.0,3.0,9.0,0.2598186579795603
3184.0,3.0,7.0,0.3043478260869565,9.392054685240527,23.0,227.0,9.869565217391305,5.0,0.217391304347826,3.0,7.0,0.0,4.623171054569872,1.0,1.0,7.0,3.0,7.0,0.3019862806098116
3192.0,1.0,0.0,0.0,9.703980367461416,21.0,210.0,10.0,0.0,0.0,1.0,0.0,0.0,6.000660066941344,0.0,0.0,5.0,1.0,0.0,0.4451370646802773
3200.0,4.0,22.0,1.0476190476190477,7.917983223144184,21.0,113.0,5.380952380952381,0.0,0.0,4.0,22.0,22.0,1.807946735516985,2.4444444444444446,2.4444444444444446,9.0,4.0,22.0,0.1543425652494193
3208.0,11.0,71.0,3.380952380952381,4.565306372156662,21.0,86.0,4.095238095238095,0.0,0.0,10.0,71.0,49.0,1.6854970720687117,5.071428571428571,5.071428571428571,14.0,10.0,71.0,0.1095644319789428
3216.0,12.0,153.0,6.12,5.18242029488066,25.0,168.0,6.72,82.0,3.28,12.0,153.0,82.0,2.9995420847676195,7.65,7.65,20.0,12.0,153.0,0.1788956296361585
3224.0,16.0,261.0,10.875,3.068501434237488,24.0,269.0,11.208333333333334,101.0,4.208333333333333,16.0,262.0,109.0,0.8108255782678504,14.555555555555555,14.555555555555555,18.0,16.0,262.0,0.0562988569708673
3232.0,7.0,92.0,3.8333333333333335,5.368352072282634,24.0,368.0,15.333333333333334,99.0,4.125,7.0,236.0,0.0,2.6698427053559044,14.75,14.75,16.0,7.0,236.0,0.1835764838479679
3240.0,2.0,12.0,0.4285714285714285,7.401080645107003,28.0,358.0,12.785714285714286,0.0,0.0,2.0,104.0,0.0,2.9546879159755,9.454545454545457,9.454545454545457,11.0,2.0,104.0,0.2049619421997779
3248.0,8.0,19.0,0.5757575757575758,6.569664112785379,33.0,354.0,10.727272727272728,0.0,0.0,8.0,115.0,11.0,2.3968680442280177,6.388888888888889,6.388888888888889,18.0,8.0,115.0,0.1340493672969292
3256.0,9.0,54.0,1.6363636363636365,6.562028885779086,33.0,381.0,11.545454545454543,27.0,0.8181818181818182,9.0,156.0,41.0,2.5067295361939963,8.666666666666666,8.666666666666666,18.0,9.0,156.0,0.1413843986146612
3264.0,7.0,35.0,1.09375,5.586348707319149,32.0,354.0,11.0625,0.0,0.0,6.0,122.0,0.0,1.6186998575805744,7.176470588235294,7.176470588235294,17.0,6.0,122.0,0.1142212275184231
3272.0,11.0,56.0,1.9310344827586208,5.650179351642422,29.0,325.0,11.20689655172414,0.0,0.0,11.0,161.0,39.0,1.4998711911698568,8.944444444444445,8.944444444444445,18.0,11.0,161.0,0.0784480356295346
3280.0,11.0,115.0,4.107142857142857,6.496721919864705,28.0,379.0,13.535714285714286,54.0,1.9285714285714288,11.0,217.0,56.0,1.1883712624701115,16.692307692307693,16.692307692307693,13.0,11.0,217.0,0.0756764718811959
3288.0,14.0,209.0,9.952380952380953,3.245258717457035,21.0,371.0,17.666666666666668,0.0,0.0,14.0,311.0,94.0,0.5753794918731423,19.4375,19.4375,16.0,14.0,311.0,0.0306025111023005
3296.0,5.0,49.0,2.227272727272727,4.849875775163114,22.0,407.0,18.5,36.0,1.6363636363636365,5.0,225.0,0.0,2.8986148798315003,14.0625,14.0625,16.0,5.0,225.0,0.1723777802493031
3304.0,4.0,20.0,0.8695652173913043,8.093689729376958,23.0,394.0,17.130434782608695,0.0,0.0,4.0,53.0,0.0,3.935810766766741,4.416666666666667,4.416666666666667,12.0,4.0,53.0,0.2370187540280775
3312.0,5.0,12.0,0.5217391304347826,6.468674973257309,23.0,353.0,15.347826086956522,0.0,0.0,5.0,63.0,10.0,2.102700449006348,5.25,5.25,12.0,5.0,63.0,0.1027219057895455
3320.0,6.0,19.0,0.7307692307692307,7.288061400402067,26.0,382.0,14.692307692307692,29.0,1.1153846153846154,6.0,52.0,0.0,2.5635459782562813,4.0,4.0,13.0,6.0,52.0,0.1286991349846328
3328.0,5.0,32.0,1.391304347826087,6.442547542138919,23.0,255.0,11.08695652173913,0.0,0.0,5.0,69.0,17.0,2.090763319358505,5.75,5.75,12.0,5.0,69.0,0.1079637609972515
3336.0,2.0,40.0,2.0,9.08241756361869,20.0,136.0,6.8,0.0,0.0,2.0,63.0,0.0,5.000999083608805,6.3,6.3,10.0,2.0,63.0,0.2612698280152196
3344.0,2.0,56.0,2.8,10.627448974300156,20.0,133.0,6.65,0.0,0.0,2.0,70.0,7.0,5.592907979937761,10.0,10.0,7.0,2.0,70.0,0.3370404499645721
3352.0,3.0,3.0,0.125,9.230681683498744,24.0,129.0,5.375,0.0,0.0,2.0,3.0,0.0,5.067856442107725,0.5,0.5,6.0,2.0,3.0,0.2608705718099324
3360.0,4.0,28.0,1.2173913043478262,10.00718158837709,23.0,86.0,3.739130434782609,0.0,0.0,4.0,28.0,25.0,5.586523154501141,3.111111111111111,3.111111111111111,9.0,4.0,28.0,0.3018784185812275
3368.0,0.0,0.0,0.0,9.086423334667492,20.0,89.0,4.45,3.0,0.15,0.0,22.0,0.0,3.7671547642083327,3.142857142857143,3.142857142857143,7.0,0.0,22.0,0.2016668273053025
3376.0,1.0,1.0,0.0588235294117647,10.473871467088154,17.0,88.0,5.176470588235294,0.0,0.0,1.0,1.0,0.0,6.462852474103795,0.1666666666666666,0.1666666666666666,6.0,1.0,1.0,0.3252434006135214
3384.0,0.0,0.0,0.0,12.21424511948376,18.0,50.0,2.7777777777777777,0.0,0.0,0.0,1.0,0.0,9.433927751165813,0.3333333333333333,0.3333333333333333,3.0,0.0,1.0,0.4805145837321158
3392.0,2.0,4.0,0.2105263157894736,10.211117134296044,19.0,53.0,2.789473684210526,3.0,0.1578947368421052,2.0,4.0,3.0,4.988338249637782,0.6666666666666666,0.6666666666666666,6.0,2.0,4.0,0.2532998429079425
3400.0,0.0,0.0,0.0,10.131221865008412,18.0,23.0,1.2777777777777777,0.0,0.0,0.0,0.0,0.0,10.889672166257606,0.0,0.0,4.0,0.0,0.0,0.621119760657755
3408.0,2.0,1.0,0.0714285714285714,9.660139470178091,14.0,8.0,0.5714285714285714,0.0,0.0,1.0,1.0,1.0,4.112698869502634,0.25,0.25,4.0,1.0,1.0,0.2107581920788982
3416.0,1.0,0.0,0.0,10.171194969550672,14.0,13.0,0.9285714285714286,5.0,0.3571428571428571,0.0,0.0,0.0,10.633664484019604,0.0,0.0,5.0,0.0,0.0,0.5782006965510955
3424.0,1.0,0.0,0.0,10.702597168624632,15.0,13.0,0.8666666666666667,0.0,0.0,1.0,0.0,0.0,9.433856514974206,0.0,0.0,5.0,1.0,0.0,0.5521172731006609
3432.0,2.0,3.0,0.1578947368421052,9.168066413994982,19.0,15.0,0.7894736842105263,2.0,0.1052631578947368,2.0,3.0,3.0,5.984777920215119,0.375,0.375,8.0,2.0,3.0,0.3903132018235083
3440.0,3.0,1.0,0.0476190476190476,7.254293376810327,21.0,16.0,0.7619047619047619,1.0,0.0476190476190476,3.0,1.0,0.0,4.980481178440048,0.0909090909090909,0.0909090909090909,11.0,3.0,1.0,0.3148543745251309
3448.0,7.0,24.0,1.0,6.0708711599527065,24.0,42.0,1.75,26.0,1.0833333333333333,7.0,25.0,24.0,3.064098409427264,1.5625,1.5625,16.0,7.0,25.0,0.1776101630193049
3456.0,7.0,43.0,1.72,5.324368012692315,25.0,83.0,3.32,41.0,1.64,7.0,50.0,25.0,3.4086345271104053,2.7777777777777777,2.7777777777777777,18.0,7.0,50.0,0.1995161348376992
3464.0,6.0,22.0,1.0,4.279425409984209,22.0,109.0,4.954545454545454,26.0,1.181818181818182,6.0,54.0,4.0,1.8296483506956929,3.6,3.6,15.0,6.0,54.0,0.1143690997700216
3472.0,7.0,23.0,0.9583333333333334,5.969949662379,24.0,163.0,6.791666666666667,54.0,2.25,7.0,71.0,17.0,2.9207123053895474,4.733333333333333,4.733333333333333,15.0,7.0,71.0,0.157501639885164
3480.0,7.0,79.0,3.590909090909091,8.21897979288491,22.0,176.0,8.0,13.0,0.5909090909090909,7.0,105.0,34.0,2.661853666675743,10.5,10.5,10.0,7.0,105.0,0.1258160054460642
3488.0,3.0,5.0,0.2631578947368421,7.598715683753165,19.0,189.0,9.947368421052632,13.0,0.6842105263157895,3.0,57.0,0.0,4.540386241375762,5.7,5.7,10.0,3.0,57.0,0.2719192125459398
3496.0,4.0,16.0,0.8888888888888888,7.923546328359762,18.0,122.0,6.777777777777778,0.0,0.0,4.0,68.0,11.0,5.371693500411634,7.555555555555555,7.555555555555555,9.0,4.0,68.0,0.3558872536212167
3504.0,3.0,9.0,0.4736842105263157,8.77140632045518,19.0,125.0,6.578947368421052,3.0,0.1578947368421052,3.0,9.0,0.0,7.295133678090215,0.8181818181818182,0.8181818181818182,11.0,3.0,9.0,0.4786486771662074
3512.0,1.0,0.0,0.0,9.783202835734006,20.0,84.0,4.2,0.0,0.0,1.0,0.0,0.0,8.3768507426578,0.0,0.0,11.0,1.0,0.0,0.5359814192233369
3520.0,2.0,1.0,0.0625,10.79150307350977,16.0,45.0,2.8125,0.0,0.0,1.0,1.0,1.0,7.879484513710669,0.1428571428571428,0.1428571428571428,7.0,1.0,1.0,0.5046397185430286
3528.0,3.0,18.0,1.125,9.269453909458742,16.0,57.0,3.5625,12.0,0.75,3.0,18.0,17.0,4.974174550517053,2.571428571428572,2.571428571428572,7.0,3.0,18.0,0.2686353987429339
3536.0,3.0,2.0,0.1111111111111111,6.9475357701959295,18.0,47.0,2.611111111111111,0.0,0.0,2.0,2.0,0.0,4.446325417573218,0.2857142857142857,0.2857142857142857,7.0,2.0,2.0,0.2356855343800146
3544.0,3.0,17.0,1.2142857142857142,6.134621523827769,14.0,31.0,2.2142857142857144,0.0,0.0,3.0,17.0,15.0,4.25422808533414,1.8888888888888888,1.8888888888888888,9.0,3.0,17.0,0.2460740238411479
3552.0,1.0,1.0,0.0833333333333333,9.133590094540493,12.0,28.0,2.333333333333333,0.0,0.0,1.0,1.0,0.0,7.468174715615237,0.2,0.2,5.0,1.0,1.0,0.4562719550506721
3560.0,2.0,9.0,1.2857142857142858,6.368397486922687,7.0,10.0,1.4285714285714286,0.0,0.0,2.0,9.0,8.0,5.106612371157371,1.5,1.5,6.0,2.0,9.0,0.3604449400840352
3568.0,5.0,28.0,2.5454545454545454,3.731854940685228,11.0,38.0,3.4545454545454546,28.0,2.5454545454545454,5.0,28.0,19.0,1.9412079415475187,3.111111111111111,3.111111111111111,9.0,5.0,28.0,0.1526374973750193
3576.0,1.0,1.0,0.0588235294117647,6.280999305373677,17.0,63.0,3.7058823529411766,25.0,1.4705882352941178,0.0,14.0,0.0,4.715706677230685,1.4,1.4,10.0,0.0,14.0,0.3020884324364259
3584.0,6.0,16.0,0.7619047619047619,7.15187532296637,21.0,71.0,3.380952380952381,8.0,0.3809523809523809,6.0,30.0,16.0,4.066854438690388,2.0,2.0,15.0,6.0,30.0,0.2353998108067963
3592.0,6.0,44.0,2.0,4.602310382333978,22.0,115.0,5.227272727272728,44.0,2.0,6.0,63.0,33.0,2.0739048805735347,3.9375,3.9375,16.0,6.0,63.0,0.1162340361780282
3600.0,10.0,95.0,4.130434782608695,4.374609620887271,23.0,163.0,7.086956521739131,48.0,2.0869565217391304,10.0,120.0,57.0,0.9086292112710594,7.5,7.5,16.0,10.0,120.0,0.0568432691033866
3600.0,3.0,6.0,0.3333333333333333,5.952285702337307,18.0,78.0,4.333333333333333,28.0,1.5555555555555556,3.0,18.0,0.0,1.866939149465857,1.8,1.8,10.0,3.0,18.0,0.1156643884961054
3560.0,8.0,97.0,7.461538461538462,3.4547078910573106,13.0,97.0,7.461538461538462,53.0,4.076923076923077,8.0,97.0,58.0,2.5566277687555115,8.083333333333334,8.083333333333334,12.0,8.0,97.0,0.1815360376852104
3568.0,12.0,173.0,10.176470588235292,1.9291257436382043,17.0,173.0,10.176470588235292,76.0,4.470588235294118,12.0,173.0,76.0,1.1943350072622838,10.8125,10.8125,16.0,12.0,173.0,0.0935970301304286
3576.0,9.0,77.0,3.347826086956522,4.404870124199226,23.0,256.0,11.130434782608695,83.0,3.608695652173913,9.0,128.0,0.0,2.3973670878364324,7.529411764705882,7.529411764705882,17.0,9.0,128.0,0.1426062078671082
3584.0,5.0,20.0,0.8,4.210450669025247,25.0,211.0,8.44,0.0,0.0,5.0,117.0,0.0,3.119811566781074,6.157894736842105,6.157894736842105,19.0,5.0,117.0,0.1917481197599091
3592.0,8.0,26.0,0.9629629629629628,4.984099090392736,27.0,229.0,8.481481481481481,18.0,0.6666666666666666,8.0,81.0,0.0,1.8412818353777056,4.764705882352941,4.764705882352941,17.0,8.0,81.0,0.1014461136559721
3600.0,7.0,24.0,1.1428571428571428,4.104767439896044,21.0,193.0,9.19047619047619,0.0,0.0,7.0,89.0,8.0,1.1086873760084743,6.357142857142857,6.357142857142857,14.0,7.0,89.0,0.0768694343263231
