step,system_total_stopped,system_total_waiting_time,system_mean_waiting_time,system_mean_speed,system_cars_present,system_accumulated_waiting_time (100),system_accumulated_mean_waiting_time (100),system_accumulated_waiting_time (delta),system_accumulated_mean_waiting_time (delta),agents_total_stopped,agents_total_accumulated_waiting_time (100),agents_total_accumulated_waiting_time (delta),agents_mean_speed,agents_mean_waiting_time (100),agents_mean_waiting_time (delta),agents_cars_present,Ing7_1_stopped,Ing7_1_accumulated_waiting_time,Ing7_1_average_speed,Ing7_2_stopped,Ing7_2_accumulated_waiting_time,Ing7_2_average_speed,Ing7_3_stopped,Ing7_3_accumulated_waiting_time,Ing7_3_average_speed,Ing7_4_stopped,Ing7_4_accumulated_waiting_time,Ing7_4_average_speed,Ing7_5_stopped,Ing7_5_accumulated_waiting_time,Ing7_5_average_speed,Ing7_6_stopped,Ing7_6_accumulated_waiting_time,Ing7_6_average_speed,Ing7_7_stopped,Ing7_7_accumulated_waiting_time,Ing7_7_average_speed
8.0,0,0.0,0.0,8.262571065602431,6.0,0.0,0.0,0.0,0.0,0.0,0.0,0.0,8.610815463339089,0.0,0.0,4.0,0.0,0.0,1.0,0.0,0.0,1.0,0.0,0.0,0.6974199887009205,0.0,0.0,1.0,0.0,0.0,1.0,0.0,0.0,0.1556147613141293,0.0,0.0,0.9979885903121412
16.0,3,1.0,0.0666666666666666,5.877180580857544,15.0,1.0,0.0666666666666666,1.0,0.0666666666666666,2.0,1.0,1.0,6.303648514489532,0.125,0.125,8.0,0.0,0.0,1.0,0.0,0.0,1.0,2.0,1.0,0.1260529438487635,0.0,0.0,1.0,0.0,0.0,0.5230094919073653,0.0,0.0,0.9014837744809064,0.0,0.0,0.8460253518619197
24.0,2,0.0,0.0,8.547168100931389,23.0,6.0,0.2608695652173913,5.0,0.217391304347826,0.0,0.0,0.0,10.207374940747457,0.0,0.0,9.0,0.0,0.0,1.0,0.0,0.0,1.0,0.0,0.0,0.625678014000038,0.0,0.0,1.0,0.0,0.0,0.9241753220632588,0.0,0.0,0.7003006329677971,0.0,0.0,0.8335941945737413
32.0,2,7.0,0.21875,8.337838558616346,32.0,13.0,0.40625,7.0,0.21875,1.0,3.0,3.0,8.92031580363275,0.2307692307692307,0.2307692307692307,13.0,0.0,0.0,1.0,0.0,0.0,1.0,0.0,0.0,0.9477108071562615,0.0,0.0,1.0,0.0,0.0,0.9204078857508716,0.0,0.0,0.7107405466426984,1.0,3.0,0.1021104033173929
40.0,11,39.0,0.9069767441860463,6.861715228786864,43.0,52.0,1.2093023255813953,39.0,0.9069767441860463,9.0,44.0,41.0,6.286785328985548,1.6296296296296295,1.6296296296296295,27.0,0.0,0.0,0.6927488208607643,1.0,6.0,0.7399465971273836,1.0,4.0,1.2686010766167356e-05,0.0,0.0,0.9169498004131748,1.0,2.0,0.3066585061498346,1.0,1.0,0.7315657305351033,5.0,31.0,0.1353466322204502
48.0,5,17.0,0.34,6.954588799511449,50.0,108.0,2.16,56.0,1.12,4.0,34.0,0.0,6.0546036670730405,1.619047619047619,1.619047619047619,21.0,0.0,0.0,1.0,1.0,6.0,0.4876372036225335,0.0,0.0,1.0,1.0,4.0,0.1625009668186547,0.0,4.0,0.6145233738806964,1.0,5.0,0.4787823609449564,1.0,15.0,0.3187049587675237
56.0,3,5.0,0.0943396226415094,8.462375674295103,53.0,138.0,2.60377358490566,30.0,0.5660377358490566,2.0,31.0,0.0,6.637599807304745,1.4761904761904765,1.4761904761904765,21.0,0.0,0.0,0.3309491202406671,1.0,4.0,9.176471683551868e-05,0.0,0.0,1.0,0.0,3.0,0.3766267110829908,0.0,6.0,0.5903437285755215,1.0,15.0,0.5989342645306551,0.0,3.0,0.320822124857663
64.0,15,59.0,1.0350877192982455,6.016409812740593,57.0,191.0,3.3508771929824563,53.0,0.9298245614035088,15.0,91.0,60.0,3.65569415390813,2.757575757575758,2.757575757575758,33.0,3.0,11.0,0.0001328631381248,0.0,3.0,0.5007835919164555,0.0,3.0,0.9509116963293706,2.0,13.0,4.730626032065939e-06,1.0,9.0,0.4117428868960688,7.0,43.0,0.1655150582877854,2.0,9.0,0.2479316880007697
72.0,3,16.0,0.2539682539682539,7.210434312278617,63.0,269.0,4.26984126984127,78.0,1.238095238095238,2.0,60.0,0.0,6.521701479124531,3.75,3.75,16.0,0.0,0.0,1.0,0.0,0.0,1.0,1.0,5.0,0.230619538313678,0.0,0.0,1.0,0.0,6.0,0.7881919998667234,0.0,31.0,0.2795731996341633,1.0,18.0,0.6293734160189455
80.0,10,46.0,0.6865671641791045,7.702675151664814,67.0,301.0,4.492537313432836,32.0,0.4776119402985074,9.0,104.0,44.0,6.551575405467789,3.25,3.25,32.0,1.0,4.0,0.2731800050424198,0.0,0.0,1.0,0.0,3.0,0.6584470655817795,0.0,0.0,1.0,1.0,17.0,0.7238434335214246,5.0,49.0,0.3779982518602616,2.0,31.0,0.283839730340387
88.0,4,7.0,0.109375,7.40705703861755,64.0,302.0,4.71875,1.0,0.015625,1.0,32.0,0.0,8.057123510347981,1.5238095238095235,1.5238095238095235,21.0,0.0,0.0,1.0,0.0,0.0,0.91652963136686,0.0,0.0,0.5989231483762834,0.0,0.0,0.8799897596291097,0.0,5.0,0.7187272805817873,1.0,27.0,0.4272625284735697,0.0,0.0,0.4350073542424832
96.0,13,45.0,0.7758620689655172,5.660707610712539,58.0,294.0,5.068965517241379,0.0,0.0,12.0,95.0,63.0,3.9050324520585336,3.1666666666666665,3.1666666666666665,30.0,0.0,0.0,1.0,1.0,3.0,0.4693965168428863,1.0,7.0,0.6418133112888557,1.0,3.0,0.0146743439936537,4.0,33.0,0.4316575338417742,3.0,39.0,0.1517324566309005,2.0,10.0,0.0723798686428511
104.0,13,69.0,1.2545454545454546,6.117142254888542,55.0,335.0,6.090909090909091,41.0,0.7454545454545455,11.0,137.0,42.0,3.261190181200098,5.48,5.48,25.0,0.0,0.0,1.0,1.0,11.0,0.4687629627229228,1.0,4.0,0.3542291346718061,2.0,22.0,0.234959702606545,0.0,7.0,0.6951300073120131,7.0,79.0,0.0824379388202726,0.0,14.0,0.1007845953393213
112.0,18,143.0,2.6,5.020842334622408,55.0,434.0,7.890909090909091,99.0,1.8,14.0,208.0,71.0,2.531211856465084,8.0,8.0,26.0,0.0,0.0,1.0,1.0,1.0,0.663573518367463,0.0,0.0,1.0,5.0,60.0,0.0560375255186315,0.0,5.0,0.1077440701559896,8.0,142.0,0.1572439931135816,0.0,0.0,1.0
120.0,13,190.0,3.1666666666666665,6.6431640067161215,60.0,520.0,8.666666666666666,86.0,1.4333333333333331,10.0,219.0,11.0,4.011192308010761,12.166666666666666,12.166666666666666,18.0,0.0,0.0,1.0,0.0,6.0,0.9128634857596738,0.0,0.0,0.9815894876873936,2.0,32.0,0.0,0.0,0.0,0.6195703285257294,8.0,181.0,0.1487614243191792,0.0,0.0,1.0
128.0,7,39.0,0.65,7.397079366381316,60.0,530.0,8.833333333333334,10.0,0.1666666666666666,2.0,108.0,0.0,6.604462870127248,5.684210526315789,5.684210526315789,19.0,0.0,0.0,0.8912169344038605,0.0,3.0,0.939168926059398,0.0,0.0,0.4914990436580974,2.0,4.0,0.2080985227618538,0.0,3.0,0.9295896693094192,0.0,98.0,0.3555751728204543,0.0,0.0,1.0
136.0,7,26.0,0.4262295081967213,7.868697821215973,61.0,475.0,7.786885245901639,0.0,0.0,4.0,66.0,0.0,6.446974718265336,2.357142857142857,2.357142857142857,28.0,1.0,2.0,0.6318976611807875,2.0,8.0,0.2112622045616875,0.0,0.0,0.4913908915992027,0.0,0.0,0.3134835087083885,0.0,13.0,0.7324764418001439,1.0,43.0,0.3712828605329022,0.0,0.0,1.0
144.0,14,37.0,0.5522388059701493,6.962529956460515,67.0,502.0,7.492537313432836,27.0,0.4029850746268656,12.0,118.0,52.0,4.88957524884333,3.4705882352941178,3.4705882352941178,34.0,3.0,7.0,0.2380100958157374,1.0,5.0,0.4643934172146733,1.0,0.0,0.0,0.0,0.0,0.0230769591266206,2.0,50.0,0.5314982547643653,5.0,56.0,0.2260988976867831,0.0,0.0,1.0
152.0,9,36.0,0.4864864864864865,8.180952543596623,74.0,503.0,6.797297297297297,1.0,0.0135135135135135,8.0,75.0,0.0,5.7130060762833175,2.7777777777777777,2.7777777777777777,27.0,1.0,1.0,0.0015221731044658,1.0,13.0,0.3108127732539253,0.0,0.0,0.9874778126676376,1.0,1.0,0.004559219023082,1.0,39.0,0.503749546982371,4.0,21.0,0.3727329100081373,0.0,0.0,0.6258987637495638
160.0,12,46.0,0.5897435897435898,7.264188979519135,78.0,482.0,6.17948717948718,0.0,0.0,9.0,125.0,50.0,5.82513085333676,3.676470588235294,3.676470588235294,34.0,1.0,7.0,0.1056994300903975,3.0,33.0,0.3962000278754082,1.0,8.0,0.7217778660883136,0.0,0.0,1.0,3.0,53.0,0.348192945460204,1.0,24.0,0.4972204306815141,0.0,0.0,1.0
168.0,14,39.0,0.5416666666666666,6.296922353860683,72.0,497.0,6.902777777777778,15.0,0.2083333333333333,10.0,108.0,0.0,4.075501026289937,2.918918918918919,2.918918918918919,37.0,1.0,2.0,0.6473939563409697,2.0,17.0,0.1057859380598203,3.0,14.0,0.2565645783729713,1.0,3.0,0.1693902484460303,2.0,60.0,0.2260139176371483,1.0,12.0,0.4761377049180336,0.0,0.0,1.0
176.0,3,8.0,0.125,7.359179744498622,64.0,461.0,7.203125,0.0,0.0,3.0,71.0,0.0,5.427938965545424,2.5357142857142856,2.5357142857142856,28.0,1.0,4.0,0.5635805669451284,1.0,29.0,0.129103354395751,0.0,2.0,0.5614930475144698,1.0,5.0,0.0007830484339808,0.0,31.0,0.3560530989397288,0.0,0.0,0.5374399126921183,0.0,0.0,0.1336813121537279
184.0,11,59.0,1.0,8.701883529344554,59.0,412.0,6.983050847457627,0.0,0.0,10.0,110.0,39.0,4.903535117223222,4.782608695652174,4.782608695652174,23.0,2.0,11.0,0.3066246652442125,6.0,72.0,0.1387263259373277,0.0,0.0,1.0,1.0,13.0,0.2179834172443823,0.0,13.0,0.5712784220518669,0.0,0.0,0.6074526319109935,1.0,1.0,0.4771860050229768
192.0,2,2.0,0.0363636363636363,9.936006227565697,55.0,388.0,7.054545454545455,0.0,0.0,2.0,56.0,0.0,9.216630400225853,2.6666666666666665,2.6666666666666665,21.0,0.0,0.0,1.0,2.0,44.0,0.584582582961091,0.0,6.0,0.7944144485544133,0.0,3.0,0.7731729198273918,0.0,3.0,0.7090895637063513,0.0,0.0,0.9124100378144422,0.0,0.0,1.0
200.0,11,43.0,0.8958333333333334,7.382018403922962,48.0,322.0,6.708333333333333,0.0,0.0,10.0,73.0,17.0,3.399041840234737,3.3181818181818183,3.3181818181818183,22.0,0.0,0.0,0.0968058197490777,7.0,54.0,0.2889410373885525,2.0,12.0,0.1843041578120054,0.0,0.0,1.0,0.0,0.0,1.0,1.0,7.0,0.1818915627913387,0.0,0.0,1.0
208.0,8,38.0,0.7916666666666666,7.689546155066918,48.0,311.0,6.479166666666667,0.0,0.0,6.0,72.0,0.0,5.325903522088932,4.0,4.0,18.0,0.0,4.0,0.5869290663968901,0.0,13.0,0.3079410161896165,5.0,50.0,0.3663044323110468,0.0,0.0,1.0,0.0,2.0,0.6797040583662952,1.0,3.0,0.0004619169150187,0.0,0.0,1.0
216.0,4,10.0,0.217391304347826,9.51834777562904,46.0,301.0,6.543478260869565,0.0,0.0,3.0,28.0,0.0,6.456369822169419,2.0,2.0,14.0,0.0,0.0,1.0,0.0,0.0,0.7783499882313684,1.0,15.0,0.0289563448867066,2.0,7.0,0.0008248956885106,0.0,5.0,0.8430449594892075,0.0,1.0,0.560678907343731,0.0,0.0,1.0
224.0,7,39.0,0.8125,8.206850822891392,48.0,279.0,5.8125,0.0,0.0,6.0,68.0,40.0,5.869037031084252,2.72,2.72,25.0,2.0,14.0,0.3713469850970809,0.0,0.0,0.1311060317274029,1.0,24.0,0.7900586714412748,2.0,23.0,0.0,1.0,6.0,0.3478255757437008,0.0,1.0,0.4287064956560648,0.0,0.0,1.0
232.0,5,37.0,0.7708333333333334,8.756926194717705,48.0,316.0,6.583333333333333,37.0,0.7708333333333334,4.0,53.0,0.0,7.333100432432915,2.523809523809524,2.523809523809524,21.0,0.0,6.0,0.2555567005530219,2.0,21.0,0.5577449853710383,1.0,18.0,0.5850692776758701,0.0,0.0,1.0,0.0,0.0,0.5653891584573955,1.0,8.0,0.5991094335518404,0.0,0.0,1.0
240.0,11,50.0,0.9803921568627452,7.79665446695431,51.0,346.0,6.784313725490196,30.0,0.5882352941176471,10.0,65.0,12.0,4.988918218964547,2.708333333333333,2.708333333333333,24.0,3.0,18.0,0.093336333245172,0.0,0.0,0.980733800127729,2.0,28.0,0.0499637647626655,2.0,8.0,0.1512481964965696,1.0,1.0,0.4386584687506392,2.0,8.0,0.5575028405273318,0.0,2.0,0.8650620527677331
248.0,8,63.0,1.1886792452830188,7.656676431152205,53.0,383.0,7.226415094339623,37.0,0.6981132075471698,7.0,76.0,11.0,3.3097780458017825,5.066666666666666,5.066666666666666,15.0,3.0,42.0,0.0,1.0,2.0,0.1932344252936395,0.0,0.0,1.0,0.0,0.0,1.0,0.0,1.0,0.4168770419138526,3.0,28.0,0.2487035190721304,0.0,3.0,0.8835283763094626
256.0,3,7.0,0.1458333333333333,9.254053476709217,48.0,352.0,7.333333333333333,0.0,0.0,3.0,35.0,0.0,6.815588599136863,1.9444444444444444,1.9444444444444444,18.0,0.0,3.0,0.4733799482724057,0.0,0.0,1.0,0.0,0.0,0.2340241778985373,2.0,2.0,0.0588972476533175,1.0,12.0,0.6026976223372708,0.0,18.0,0.6720264969850013,0.0,0.0,0.960440897474419
264.0,5,19.0,0.3877551020408163,9.100093179461563,49.0,352.0,7.183673469387755,0.0,0.0,5.0,48.0,13.0,7.780984515499443,2.823529411764706,2.823529411764706,17.0,2.0,9.0,0.5020126349292914,0.0,7.0,0.9594438553138194,0.0,0.0,0.9124161193024825,1.0,3.0,0.0001206137712233,0.0,7.0,0.9459643896184404,2.0,22.0,0.2742679082074439,0.0,0.0,0.951892653355618
272.0,7,40.0,0.8163265306122449,7.548652442146398,49.0,330.0,6.73469387755102,0.0,0.0,7.0,79.0,31.0,5.049209040372697,3.4347826086956523,3.4347826086956523,23.0,2.0,12.0,0.0745070238695347,2.0,11.0,0.3906400753778145,0.0,10.0,0.959675810971852,0.0,1.0,0.5028070060892468,0.0,2.0,0.976576101098458,3.0,43.0,0.1972147773680704,0.0,0.0,0.472757147498399
280.0,8,31.0,0.7209302325581395,8.02747286372518,43.0,291.0,6.767441860465116,0.0,0.0,7.0,63.0,0.0,5.305810277547208,3.5,3.5,18.0,4.0,24.0,0.0640388992360075,0.0,3.0,0.9404620655996584,0.0,4.0,0.8318017089160863,1.0,2.0,0.0007800998584227,1.0,7.0,0.3212064161382671,0.0,16.0,0.3852427840010657,1.0,7.0,0.0
288.0,6,29.0,0.7073170731707317,8.658999139796364,41.0,270.0,6.585365853658536,0.0,0.0,5.0,66.0,3.0,7.276630960351318,3.6666666666666665,3.6666666666666665,18.0,1.0,21.0,0.3083688452243448,1.0,13.0,0.5085075359312584,0.0,0.0,1.0,1.0,10.0,0.0,1.0,16.0,0.7613289509475821,1.0,6.0,0.6763311927874479,0.0,0.0,1.0
296.0,7,45.0,1.0227272727272727,7.507470197190469,44.0,301.0,6.840909090909091,31.0,0.7045454545454546,7.0,65.0,0.0,4.68434018277335,4.0625,4.0625,16.0,2.0,11.0,0.315327618986056,3.0,31.0,0.0078254477681184,0.0,0.0,0.7367373804150273,1.0,18.0,0.5946945459511963,0.0,0.0,0.620040655088444,1.0,5.0,0.1599073159638683,0.0,0.0,1.0
304.0,6,12.0,0.2666666666666666,8.231130930536395,45.0,307.0,6.822222222222222,6.0,0.1333333333333333,5.0,28.0,0.0,6.505647605228863,1.6470588235294117,1.6470588235294117,17.0,1.0,2.0,0.3024541140462281,0.0,8.0,0.7034541053792396,0.0,0.0,1.0,3.0,6.0,0.1780497734343167,1.0,10.0,0.6604133261570004,0.0,2.0,0.9820578109186362,0.0,0.0,1.0
312.0,7,40.0,0.8888888888888888,8.699813508592685,45.0,344.0,7.644444444444445,37.0,0.8222222222222222,6.0,46.0,18.0,6.218187773521946,2.555555555555556,2.555555555555556,18.0,3.0,21.0,0.4234971684762249,2.0,9.0,0.1136701469759794,0.0,0.0,1.0,1.0,13.0,0.3190506956239206,0.0,3.0,0.7429948783820579,0.0,0.0,0.8275361074585085,0.0,0.0,0.9347690035040278
320.0,1,2.0,0.0454545454545454,9.883852050870647,44.0,301.0,6.840909090909091,0.0,0.0,1.0,22.0,0.0,7.780238214491399,1.2222222222222223,1.2222222222222223,18.0,0.0,8.0,0.2790306162653956,0.0,0.0,0.2494308319114894,0.0,12.0,0.9482838095975192,0.0,0.0,1.0,1.0,2.0,0.5330792218688151,0.0,0.0,0.618405523662436,0.0,0.0,0.3902726103407447
328.0,5,6.0,0.1666666666666666,8.835444390783017,36.0,178.0,4.944444444444445,0.0,0.0,4.0,11.0,0.0,5.339740960527356,0.8461538461538461,0.8461538461538461,13.0,1.0,1.0,0.1864630102131998,0.0,0.0,0.0116219243794997,1.0,2.0,0.5355462722879111,0.0,0.0,0.9968232132328254,0.0,0.0,0.933250796312818,1.0,7.0,0.3429514115070225,1.0,1.0,0.0016257117416509
336.0,2,20.0,0.5,9.60200490119487,40.0,199.0,4.975,21.0,0.525,2.0,33.0,22.0,8.761892682739653,2.5384615384615383,2.5384615384615383,13.0,0.0,0.0,0.5153047888135555,1.0,8.0,0.3557109342300055,0.0,6.0,0.9026418375168078,0.0,0.0,1.0,0.0,0.0,1.0,1.0,19.0,0.7125632390580556,0.0,0.0,0.457691232492093
344.0,3,23.0,0.5476190476190477,9.570328853867675,42.0,171.0,4.071428571428571,0.0,0.0,3.0,29.0,0.0,6.745930395023285,2.230769230769231,2.230769230769231,13.0,0.0,0.0,0.9325125499602358,1.0,19.0,0.409105969596478,1.0,4.0,0.5422232442185088,1.0,3.0,0.0105166964546198,0.0,0.0,1.0,0.0,3.0,0.6554050241713941,0.0,0.0,0.9203194491939888
352.0,5,9.0,0.2142857142857142,8.30812089498527,42.0,155.0,3.690476190476191,0.0,0.0,4.0,16.0,0.0,6.585974172945135,1.0,1.0,16.0,2.0,5.0,0.3175162113653451,0.0,3.0,0.968690971982338,1.0,2.0,0.3784564973349551,0.0,0.0,1.0,0.0,1.0,0.6871358725481813,1.0,2.0,0.2639913400184376,0.0,3.0,0.4896692866153875
360.0,9,54.0,1.173913043478261,8.07059868786323,46.0,200.0,4.3478260869565215,45.0,0.9782608695652174,8.0,59.0,43.0,5.991575820472202,2.8095238095238093,2.8095238095238093,21.0,3.0,24.0,0.3523380882605765,0.0,0.0,1.0,1.0,2.0,0.0001029580284971,0.0,0.0,1.0,0.0,3.0,0.7296747356993292,1.0,10.0,0.2360484991993909,3.0,20.0,0.2161278848211453
368.0,3,7.0,0.1458333333333333,9.109951708030025,48.0,216.0,4.5,16.0,0.3333333333333333,1.0,17.0,0.0,9.707236813384084,1.0,1.0,17.0,1.0,7.0,0.1804275521533335,0.0,0.0,0.8229572365451993,0.0,4.0,0.8998495292169947,0.0,0.0,0.9683247858552892,0.0,0.0,0.6594292068276937,0.0,3.0,0.6726492724865543,0.0,3.0,0.9028153488380072
376.0,4,12.0,0.2727272727272727,8.743392193615774,44.0,153.0,3.477272727272727,0.0,0.0,4.0,29.0,12.0,6.740539954326082,1.6111111111111112,1.6111111111111112,18.0,1.0,7.0,0.0,0.0,3.0,0.7595939399810504,0.0,0.0,0.9138441181372308,1.0,8.0,0.1637748621601238,1.0,4.0,0.3865325432138347,1.0,4.0,0.5315761718830003,0.0,3.0,0.94435467309183
384.0,8,52.0,1.1304347826086956,7.268884969981693,46.0,177.0,3.847826086956522,24.0,0.5217391304347826,6.0,70.0,41.0,5.093033082365914,4.375,4.375,16.0,1.0,15.0,0.0,0.0,0.0,1.0,0.0,0.0,1.0,1.0,19.0,0.0466199159581439,1.0,11.0,0.5427322182600615,2.0,17.0,0.524050096443091,1.0,8.0,0.0
392.0,9,88.0,1.872340425531915,8.040348311886337,47.0,234.0,4.97872340425532,57.0,1.2127659574468086,6.0,99.0,29.0,6.814862868362636,4.714285714285714,4.714285714285714,21.0,1.0,23.0,0.0,1.0,5.0,0.402862737766601,0.0,1.0,0.9532181127936368,0.0,3.0,0.4171097455734137,1.0,14.0,0.5344999567737541,2.0,37.0,0.4520856209539085,1.0,16.0,0.0
400.0,4,13.0,0.2708333333333333,8.892296090054712,48.0,269.0,5.604166666666667,35.0,0.7291666666666666,4.0,28.0,0.0,7.8305123788040705,1.8666666666666667,1.8666666666666667,15.0,0.0,0.0,1.0,0.0,0.0,0.8986987940805566,1.0,14.0,0.6176844484590819,1.0,9.0,0.0,0.0,0.0,0.6121944494482738,2.0,5.0,0.2781562995618359,0.0,0.0,0.7201607993118373
408.0,7,31.0,0.7045454545454546,8.308151687314817,44.0,254.0,5.7727272727272725,0.0,0.0,6.0,76.0,48.0,6.57223707515653,3.04,3.04,25.0,0.0,0.0,0.8135000432649284,1.0,3.0,0.1423564852524137,0.0,8.0,0.2343104599728381,0.0,12.0,0.9632672410040716,3.0,29.0,0.428169304010959,2.0,21.0,0.0,0.0,3.0,0.8617176731039223
416.0,10,38.0,0.8837209302325582,7.543554246398603,43.0,282.0,6.558139534883721,28.0,0.6511627906976745,10.0,65.0,0.0,3.442815793989103,3.823529411764706,3.823529411764706,17.0,1.0,2.0,0.000357249464579,0.0,3.0,0.4152482963123159,2.0,12.0,0.3308253376641028,0.0,0.0,1.0,6.0,45.0,0.2106776363509916,1.0,3.0,4.7274496254789406e-05,0.0,0.0,1.0
424.0,12,64.0,1.5238095238095235,6.196390620837512,42.0,326.0,7.761904761904762,44.0,1.0476190476190477,9.0,118.0,53.0,3.161626016670885,6.555555555555555,6.555555555555555,18.0,1.0,10.0,0.0,2.0,15.0,0.1012058804622588,3.0,31.0,0.1191545366561185,1.0,8.0,0.2943218235539789,1.0,40.0,0.3553262702772783,1.0,14.0,0.3704024896682616,0.0,0.0,1.0
432.0,10,58.0,1.2608695652173914,7.333440523282567,46.0,395.0,8.58695652173913,69.0,1.5,6.0,79.0,0.0,6.273681289458692,3.95,3.95,20.0,0.0,0.0,0.8993172138058918,3.0,38.0,0.0203245820228558,1.0,18.0,0.4759250928631273,0.0,0.0,0.4005391594731156,2.0,16.0,0.4433061155406982,0.0,7.0,0.7653017677372046,0.0,0.0,1.0
440.0,4,11.0,0.2244897959183673,8.38528838210855,49.0,435.0,8.877551020408163,40.0,0.8163265306122449,4.0,20.0,0.0,6.392791946614997,1.25,1.25,16.0,0.0,0.0,0.6541503102151148,0.0,0.0,1.0,0.0,0.0,0.2592271256769099,0.0,0.0,1.0,3.0,14.0,0.2328276356671633,1.0,6.0,0.5441086261967999,0.0,0.0,1.0
448.0,7,40.0,0.8163265306122449,8.516093732995248,49.0,371.0,7.571428571428571,0.0,0.0,6.0,47.0,27.0,4.406268028412291,3.1333333333333333,3.1333333333333333,15.0,1.0,5.0,0.6451674076009809,0.0,0.0,1.0,0.0,0.0,1.0,0.0,0.0,1.0,4.0,40.0,0.096028156352298,1.0,2.0,0.3505136328654351,0.0,0.0,0.4770849085356551
456.0,3,26.0,0.52,8.95404384712638,50.0,343.0,6.86,0.0,0.0,2.0,76.0,29.0,8.373860028718502,2.7142857142857144,2.7142857142857144,28.0,1.0,13.0,0.4999991677750078,0.0,0.0,0.5327793349284042,0.0,15.0,0.9306589440168278,0.0,0.0,1.0,1.0,37.0,0.2437114834871284,0.0,3.0,0.5642911682980365,0.0,8.0,0.7688033712810414
464.0,7,16.0,0.2857142857142857,7.969094641106714,56.0,370.0,6.607142857142857,27.0,0.4821428571428571,5.0,46.0,0.0,6.4571010496664085,1.9166666666666667,1.9166666666666667,24.0,1.0,3.0,0.0637204683816214,0.0,0.0,0.7593849570467378,0.0,7.0,0.6111323016237122,1.0,1.0,0.0048601948341736,0.0,15.0,0.5969395822413798,3.0,19.0,0.4636246024415135,0.0,1.0,0.5109928681110858
472.0,14,82.0,1.3666666666666667,7.484490679633629,60.0,337.0,5.616666666666666,0.0,0.0,11.0,90.0,44.0,5.8236681164729935,3.75,3.75,24.0,0.0,0.0,1.0,4.0,13.0,0.1896768352084153,0.0,0.0,1.0,0.0,0.0,1.0,2.0,27.0,0.5633390292547649,5.0,50.0,0.3886151788333398,0.0,0.0,0.9671966451148802
480.0,12,46.0,0.7419354838709677,7.127404710026046,62.0,307.0,4.951612903225806,0.0,0.0,7.0,108.0,18.0,5.512798638445199,3.6,3.6,30.0,0.0,0.0,0.9845228902499708,0.0,0.0,0.9011842375320014,0.0,6.0,0.6319110703078568,0.0,0.0,0.5935514600023465,3.0,47.0,0.3042613969320011,4.0,55.0,0.0962716500051223,0.0,0.0,0.6651017101953401
488.0,18,91.0,1.378787878787879,6.004061896902655,66.0,389.0,5.893939393939394,82.0,1.2424242424242424,16.0,126.0,18.0,3.526091530931459,3.8181818181818175,3.8181818181818175,33.0,0.0,0.0,1.0,2.0,12.0,0.2769726981616106,0.0,6.0,0.4165185206102246,1.0,1.0,0.0052054903721617,1.0,17.0,0.4647433504139256,7.0,66.0,0.1334085850050115,5.0,24.0,0.1466652537520306
496.0,21,160.0,2.0,6.227506259436416,80.0,531.0,6.6375,142.0,1.775,20.0,206.0,80.0,4.297609731266985,4.681818181818182,4.681818181818182,44.0,0.0,0.0,0.8341423362734057,5.0,33.0,0.248475379878662,2.0,33.0,0.5537054226599064,1.0,9.0,0.0,1.0,20.0,0.2926812990434522,2.0,31.0,0.5192312262007234,9.0,80.0,0.0018318205613094
504.0,16,153.0,1.7586206896551724,5.6484860599523525,87.0,652.0,7.494252873563219,121.0,1.3908045977011494,16.0,229.0,23.0,3.7046578497437657,4.872340425531915,4.872340425531915,47.0,0.0,0.0,0.1914711494892496,5.0,51.0,0.0928427999827153,0.0,7.0,0.4159931749387784,1.0,17.0,0.1281906555664069,4.0,33.0,0.3378145207113474,2.0,24.0,0.2443383805982132,4.0,97.0,0.2948536784855713
512.0,8,55.0,0.632183908045977,7.020168673693022,87.0,765.0,8.793103448275861,113.0,1.2988505747126438,7.0,144.0,0.0,4.7539567090515495,3.4285714285714284,3.4285714285714284,42.0,0.0,0.0,0.3366728511156338,0.0,18.0,0.5978948410502476,1.0,6.0,0.4606777669405556,0.0,3.0,0.6005152110099047,2.0,34.0,0.2467031921032327,4.0,69.0,0.2530951081734663,0.0,14.0,0.3821634642988507
520.0,5,14.0,0.1707317073170731,7.759142959544331,82.0,634.0,7.73170731707317,0.0,0.0,5.0,72.0,0.0,4.657968735142573,2.0,2.0,36.0,0.0,0.0,1.0,0.0,1.0,0.4992905143024785,3.0,21.0,0.3646474738833274,0.0,0.0,1.0,2.0,36.0,0.2005218376697165,0.0,14.0,0.5387998802872886,0.0,0.0,1.0
528.0,13,39.0,0.4698795180722891,7.729646840447847,83.0,637.0,7.674698795180723,3.0,0.036144578313253,9.0,110.0,38.0,5.936829488377991,2.4444444444444446,2.4444444444444446,45.0,1.0,1.0,0.4403705573856615,2.0,15.0,0.355594815104266,0.0,2.0,0.6498213825410879,0.0,3.0,0.9452318752026702,1.0,47.0,0.3929369292975037,5.0,32.0,0.2006881847702745,0.0,10.0,0.9406271960011012
536.0,12,63.0,0.8076923076923077,7.939739061752673,78.0,570.0,7.3076923076923075,0.0,0.0,10.0,88.0,0.0,4.624232725621329,2.838709677419355,2.838709677419355,31.0,5.0,28.0,0.2216660600790078,0.0,0.0,0.9417221038456076,0.0,4.0,0.4859492366088758,0.0,0.0,0.0528926474280296,5.0,46.0,0.1061810290781472,0.0,7.0,0.8886382682851599,0.0,3.0,0.7994976698020826
544.0,13,54.0,0.72,6.603649831674512,75.0,651.0,8.68,81.0,1.08,13.0,153.0,65.0,4.086122681130724,3.25531914893617,3.25531914893617,47.0,3.0,41.0,0.0828156982705601,1.0,8.0,0.5735126539176353,0.0,7.0,0.6590044709308511,3.0,13.0,0.0104964289361636,5.0,74.0,0.2196444410459619,1.0,5.0,0.534395818202347,0.0,5.0,0.6630036362941638
552.0,14,94.0,1.3055555555555556,7.291142654238507,72.0,682.0,9.47222222222222,31.0,0.4305555555555556,13.0,178.0,25.0,4.705491409880081,5.393939393939394,5.393939393939394,33.0,4.0,56.0,0.2173550242038705,1.0,7.0,0.0,0.0,6.0,0.7780104694834346,4.0,24.0,0.2188503877249374,4.0,83.0,0.1845064369159307,0.0,0.0,0.6826472112606404,0.0,2.0,0.5927942351979492
560.0,10,57.0,0.890625,7.25432304365223,64.0,583.0,9.109375,0.0,0.0,9.0,132.0,0.0,5.510518064038858,4.551724137931035,4.551724137931035,29.0,2.0,9.0,0.3303907273475109,2.0,24.0,0.4448214637768978,3.0,15.0,0.006214232176047,0.0,9.0,0.1993272573035557,1.0,59.0,0.4926749229474376,1.0,12.0,0.5291764242360428,0.0,4.0,0.9238557621409296
568.0,8,65.0,0.9558823529411764,8.141575825844143,68.0,602.0,8.852941176470589,19.0,0.2794117647058823,6.0,124.0,0.0,6.545439362569489,4.428571428571429,4.428571428571429,28.0,1.0,4.0,0.4728063258302816,1.0,24.0,0.7197422538335524,0.0,14.0,0.4328546937566037,3.0,21.0,0.0188730154266068,1.0,55.0,0.478567939833788,0.0,6.0,0.9742250841309894,0.0,0.0,0.5200218103915668
576.0,10,47.0,0.6438356164383562,8.254686678495343,73.0,552.0,7.561643835616438,0.0,0.0,7.0,86.0,0.0,5.772873259261445,3.583333333333333,3.583333333333333,24.0,1.0,3.0,1.3548167064323856e-05,1.0,31.0,0.3165369286176009,2.0,15.0,0.1836816108810701,0.0,0.0,0.9282919518626312,3.0,34.0,0.3838076545150783,0.0,0.0,0.7706168749781962,0.0,3.0,0.9093974233351506
584.0,5,15.0,0.2,8.486934202742002,75.0,520.0,6.933333333333334,0.0,0.0,1.0,52.0,0.0,8.030890187436405,2.1666666666666665,2.1666666666666665,24.0,0.0,0.0,1.0,0.0,8.0,0.5815205528344398,0.0,20.0,0.5623455374008495,1.0,9.0,0.3220214336480819,0.0,12.0,0.5844838909436061,0.0,3.0,0.8073832900123181,0.0,0.0,0.8319412984500908
592.0,13,57.0,0.7808219178082192,7.706816970239525,73.0,493.0,6.753424657534247,0.0,0.0,8.0,82.0,30.0,6.477843961320867,2.2777777777777777,2.2777777777777777,36.0,0.0,0.0,0.6304045278387603,0.0,0.0,0.9369541945636114,1.0,24.0,0.3531293829712776,4.0,32.0,0.0543843705144275,1.0,15.0,0.7263224794541636,0.0,6.0,0.7256317672312443,2.0,5.0,0.2534651560788629
600.0,12,94.0,1.3055555555555556,7.557668383570227,72.0,519.0,7.208333333333333,26.0,0.3611111111111111,9.0,110.0,28.0,6.4172880557174805,3.142857142857143,3.142857142857143,35.0,1.0,5.0,0.1527006494455372,0.0,0.0,0.2179242500369856,4.0,39.0,0.3349560955849243,2.0,32.0,0.2817808252314613,1.0,30.0,0.4603047386642133,0.0,1.0,0.8466800682911375,1.0,3.0,0.5124741505759143
608.0,13,99.0,1.356164383561644,8.27170831505877,73.0,608.0,8.32876712328767,89.0,1.2191780821917808,9.0,124.0,14.0,6.482180240889642,3.757575757575758,3.757575757575758,33.0,2.0,4.0,0.0002710110449312,1.0,8.0,0.6235380252112214,2.0,52.0,0.376547492923225,0.0,6.0,0.4867302441265526,1.0,30.0,0.5919932110365157,3.0,24.0,0.4616308779864311,0.0,0.0,1.0
616.0,2,10.0,0.1538461538461538,8.964659757530557,65.0,562.0,8.646153846153846,0.0,0.0,2.0,79.0,0.0,6.644138419782111,4.157894736842105,4.157894736842105,19.0,0.0,0.0,0.7940625533884046,0.0,0.0,1.0,2.0,35.0,0.0841284214328619,0.0,0.0,1.0,0.0,34.0,0.410027408803818,0.0,10.0,0.525962878381871,0.0,0.0,0.815344138700907
624.0,6,18.0,0.2857142857142857,9.585632233392404,63.0,451.0,7.158730158730159,0.0,0.0,6.0,64.0,0.0,8.051957504964019,2.064516129032258,2.064516129032258,31.0,2.0,8.0,0.0417818349510931,1.0,3.0,0.0004834789568987,2.0,30.0,0.3505746038294751,1.0,2.0,0.2633233446225772,0.0,11.0,0.8054032361841904,0.0,0.0,0.8465067488072777,0.0,10.0,0.8376652025977693
632.0,2,8.0,0.1454545454545454,8.229486884843322,55.0,349.0,6.345454545454546,0.0,0.0,2.0,26.0,0.0,7.163932835101672,0.896551724137931,0.896551724137931,29.0,1.0,4.0,0.0037048474787169,0.0,6.0,0.3201077845484961,0.0,5.0,0.6154524038837078,1.0,7.0,0.5139794309357071,0.0,2.0,0.6768951827012272,0.0,2.0,0.9611501469329968,0.0,0.0,0.3844235978155226
640.0,1,8.0,0.1739130434782608,9.934264937699202,46.0,317.0,6.891304347826087,0.0,0.0,1.0,14.0,0.0,7.535184964909914,1.4,1.4,10.0,0.0,0.0,1.0,0.0,3.0,0.9957741348517324,1.0,8.0,0.1102282916007004,0.0,1.0,0.3107658061161842,0.0,0.0,0.7973440701776043,0.0,2.0,0.9478689613586124,0.0,0.0,1.0
648.0,6,10.0,0.25,8.708020493666634,40.0,225.0,5.625,0.0,0.0,5.0,27.0,13.0,6.153697929454086,1.4210526315789471,1.4210526315789471,19.0,0.0,0.0,1.0,1.0,13.0,0.7070197506043993,2.0,5.0,0.0305217952429391,1.0,5.0,0.5306968647320668,0.0,3.0,0.8241122336654781,1.0,1.0,0.2588358214138906,0.0,0.0,0.3062397625280775
656.0,4,9.0,0.2,8.717051407377891,45.0,204.0,4.533333333333333,0.0,0.0,2.0,19.0,0.0,8.678865760736244,1.3571428571428572,1.3571428571428572,14.0,0.0,0.0,1.0,0.0,0.0,1.0,0.0,9.0,0.7949284633756244,1.0,3.0,0.4467552951934437,1.0,6.0,0.0,0.0,0.0,0.7933384427665768,0.0,1.0,0.5631057050034194
664.0,8,29.0,0.6444444444444445,9.089201944236647,45.0,205.0,4.555555555555555,1.0,0.0222222222222222,6.0,43.0,24.0,6.73992437235533,2.388888888888889,2.388888888888889,18.0,1.0,1.0,0.2559860002278535,0.0,3.0,0.934389889679194,0.0,2.0,0.5931908651490033,2.0,16.0,0.0,0.0,3.0,0.9555168071496016,3.0,12.0,0.2801783414773178,0.0,6.0,0.8784876930929271
672.0,16,66.0,1.375,5.959281807003869,48.0,264.0,5.5,59.0,1.2291666666666667,14.0,79.0,36.0,2.039281285042336,3.590909090909091,3.590909090909091,22.0,1.0,2.0,0.000738746394021,1.0,2.0,0.0002612493175911,0.0,3.0,0.4865667591050626,1.0,2.0,0.4061223832128061,1.0,4.0,0.0003852791349488,8.0,57.0,0.0054037301073962,2.0,9.0,0.2790405058598378
680.0,12,122.0,2.30188679245283,7.731985252772062,53.0,359.0,6.773584905660377,95.0,1.7924528301886793,11.0,129.0,50.0,2.898877769480145,8.6,8.6,15.0,0.0,0.0,1.0,0.0,0.0,1.0,0.0,0.0,0.9606146489593724,0.0,0.0,0.9642265251089672,1.0,12.0,0.0,10.0,117.0,7.967894894487701e-06,0.0,0.0,0.4936035347402873
688.0,4,26.0,0.5098039215686274,7.616033990837148,51.0,301.0,5.901960784313726,0.0,0.0,4.0,48.0,0.0,5.582536366611712,2.6666666666666665,2.6666666666666665,18.0,0.0,0.0,0.4597594534234054,0.0,2.0,0.8981652934254009,0.0,0.0,0.0154552962121552,1.0,4.0,0.1579141502161836,1.0,23.0,0.3749370597310695,0.0,11.0,0.5589599010668023,2.0,8.0,0.2546929768955383
696.0,5,39.0,0.7090909090909091,8.365166868881019,55.0,320.0,5.818181818181818,19.0,0.3454545454545454,4.0,89.0,41.0,7.537206178510938,4.238095238095238,4.238095238095238,21.0,2.0,14.0,0.108361243558748,0.0,0.0,0.2389482174497945,0.0,3.0,0.9723969524297934,0.0,1.0,0.3861362822148581,1.0,49.0,0.68137996314285,1.0,11.0,0.4296999567509295,0.0,11.0,0.7328505998921558
704.0,5,15.0,0.2631578947368421,7.68955049644229,57.0,278.0,4.87719298245614,0.0,0.0,4.0,52.0,0.0,7.038892063962799,1.9259259259259256,1.9259259259259256,27.0,0.0,0.0,0.2970922741303612,0.0,0.0,0.7756903212076511,1.0,4.0,0.1393454569697242,1.0,6.0,0.6274630706170866,0.0,18.0,0.7895741442916838,1.0,17.0,0.2753160217053469,1.0,7.0,0.4620729133438443
712.0,5,14.0,0.2258064516129032,7.960202889361593,62.0,321.0,5.17741935483871,43.0,0.6935483870967742,4.0,35.0,0.0,7.06941306070841,1.5909090909090908,1.5909090909090908,22.0,1.0,7.0,0.0,0.0,0.0,1.0,0.0,0.0,0.5905168445579417,2.0,4.0,0.2651982295883237,1.0,15.0,0.7344866815845629,0.0,9.0,0.3783517819135607,0.0,0.0,0.8621612829558519
720.0,5,5.0,0.0806451612903225,8.279384836562462,62.0,317.0,5.112903225806452,0.0,0.0,3.0,28.0,0.0,7.671107144333211,1.3333333333333333,1.3333333333333333,21.0,0.0,0.0,1.0,0.0,0.0,1.0,1.0,0.0,0.4838979134495398,1.0,3.0,0.2816798172343813,0.0,15.0,0.8122175300685205,1.0,10.0,0.4336713066378575,0.0,0.0,0.9688303493033884
728.0,5,21.0,0.3559322033898305,9.995398764556846,59.0,240.0,4.067796610169491,0.0,0.0,4.0,41.0,13.0,9.73571948093152,1.5769230769230769,1.5769230769230769,26.0,0.0,0.0,1.0,0.0,4.0,0.984606228807892,1.0,1.0,0.3534830339073482,1.0,11.0,0.603673668706482,0.0,13.0,0.8757303224921171,2.0,12.0,0.6394079540402612,0.0,0.0,1.0
736.0,8,23.0,0.4181818181818181,9.332153172965969,55.0,166.0,3.018181818181818,0.0,0.0,7.0,28.0,0.0,8.466164733508085,0.8,0.8,35.0,0.0,0.0,1.0,0.0,0.0,0.9150885864630146,1.0,10.0,0.7072698766182786,2.0,5.0,0.3597791914303965,0.0,3.0,0.8455982073414626,4.0,10.0,0.3999590262632003,0.0,0.0,0.8730064903115919
744.0,5,10.0,0.15625,8.873955033013182,64.0,194.0,3.03125,28.0,0.4375,3.0,22.0,0.0,9.12702661417521,1.0,1.0,22.0,0.0,0.0,0.988573122252556,1.0,3.0,0.4553312493066659,1.0,4.0,0.3156916060280639,1.0,5.0,0.6601363150440055,0.0,10.0,0.9665913606926048,0.0,0.0,0.6898080915057516,0.0,0.0,0.9955701387483088
752.0,14,49.0,0.6805555555555556,7.485113541481784,72.0,255.0,3.5416666666666665,61.0,0.8472222222222222,12.0,64.0,42.0,5.637789059590544,1.8285714285714283,1.8285714285714283,35.0,0.0,0.0,0.4694899764364888,0.0,0.0,0.9432881492787936,1.0,4.0,0.3269609830708995,7.0,38.0,0.0068330916466006,1.0,9.0,0.6609303007715133,3.0,5.0,0.3883407345210554,0.0,8.0,0.8762952929637717
760.0,7,35.0,0.4729729729729729,8.212498796081372,74.0,272.0,3.675675675675676,17.0,0.2297297297297297,5.0,57.0,0.0,7.189559831496536,2.111111111111111,2.111111111111111,27.0,0.0,0.0,0.7971069748042818,1.0,7.0,0.5925041639171447,1.0,12.0,0.4080281223850125,1.0,23.0,0.1762885119198932,1.0,8.0,0.4542391976850337,1.0,1.0,0.5262201345896252,0.0,6.0,0.5614819316073372
768.0,6,56.0,0.7887323943661971,9.144742186053392,71.0,282.0,3.971830985915493,10.0,0.1408450704225352,6.0,86.0,29.0,7.340213941574661,2.9655172413793105,2.9655172413793105,29.0,1.0,6.0,0.3345161923952826,1.0,6.0,0.3619462572518008,1.0,20.0,0.6875506753976119,1.0,27.0,0.0,0.0,14.0,0.7373892220870181,0.0,0.0,0.5061673339891797,2.0,13.0,0.3918861728317956
776.0,10,55.0,0.7638888888888888,8.386742111484653,72.0,284.0,3.9444444444444446,2.0,0.0277777777777777,7.0,66.0,0.0,6.412276469214932,2.357142857142857,2.357142857142857,28.0,1.0,6.0,0.3333417737241838,0.0,4.0,0.7016397626288775,3.0,6.0,0.3092650312664148,2.0,38.0,0.3810237065624883,1.0,7.0,0.4608346840279492,0.0,0.0,0.458570371229398,0.0,5.0,0.484771320707
784.0,11,114.0,1.7014925373134329,9.171988422693,67.0,298.0,4.447761194029851,14.0,0.208955223880597,9.0,116.0,50.0,5.861060249276353,4.296296296296297,4.296296296296297,27.0,1.0,14.0,0.3150975984950874,3.0,13.0,0.3546474674285952,3.0,27.0,0.4624818201539498,2.0,54.0,0.2704274074673397,0.0,0.0,1.0,0.0,3.0,0.5987331791604064,0.0,5.0,0.4863729290205573
792.0,7,69.0,1.15,8.752328950171263,60.0,331.0,5.516666666666667,33.0,0.55,7.0,102.0,0.0,6.799472043491694,3.923076923076923,3.923076923076923,26.0,0.0,2.0,0.8781643044873879,1.0,5.0,0.5604576552389449,2.0,23.0,0.3579010186269486,2.0,54.0,2.1172974234878656e-05,0.0,0.0,1.0,1.0,9.0,0.5700836225984185,1.0,9.0,0.3085571347060646
800.0,7,29.0,0.5178571428571429,8.754273943245517,56.0,326.0,5.821428571428571,0.0,0.0,6.0,59.0,0.0,5.135876472966866,2.8095238095238093,2.8095238095238093,21.0,0.0,0.0,1.0,2.0,24.0,0.3763553484376939,2.0,18.0,0.3450708162570431,1.0,11.0,0.361577815574978,0.0,3.0,0.7193489946008997,1.0,3.0,0.2864081614410501,0.0,0.0,1.0
808.0,9,44.0,0.8461538461538461,8.761783173053358,52.0,334.0,6.423076923076923,8.0,0.1538461538461538,8.0,97.0,38.0,6.579599320276545,3.730769230769231,3.730769230769231,26.0,1.0,14.0,0.0423220636305398,0.0,21.0,0.774617026372943,2.0,29.0,0.4806597776512323,2.0,6.0,0.0021500689733691,0.0,9.0,0.9633033420914406,3.0,12.0,0.3539562853227395,0.0,6.0,0.569960953869997
816.0,6,7.0,0.1428571428571428,8.921423981138945,49.0,340.0,6.938775510204081,6.0,0.1224489795918367,6.0,34.0,0.0,6.715657990055084,1.5454545454545454,1.5454545454545454,22.0,0.0,0.0,1.0,0.0,4.0,0.8764631364915827,1.0,6.0,0.449951267712272,2.0,6.0,0.3790547938429597,1.0,8.0,0.2768929601322366,2.0,10.0,0.4579944321931245,0.0,0.0,0.4896682697807445
824.0,5,34.0,0.7083333333333334,9.939298478820549,48.0,345.0,7.1875,5.0,0.1041666666666666,5.0,48.0,14.0,6.901464014912881,2.526315789473684,2.526315789473684,19.0,0.0,3.0,0.8100870634118834,1.0,6.0,0.2652690917857133,0.0,0.0,0.9247710818160204,0.0,0.0,1.0,1.0,17.0,0.7236009667409348,2.0,14.0,0.3427340206272547,1.0,8.0,0.0
832.0,9,49.0,0.9607843137254902,9.02457868979016,51.0,380.0,7.450980392156863,35.0,0.6862745098039216,9.0,62.0,14.0,6.858530342359234,2.583333333333333,2.583333333333333,24.0,2.0,4.0,0.0273787293685686,0.0,7.0,0.8151701966184902,1.0,2.0,0.0001236268214624,1.0,1.0,0.4955891462014584,1.0,5.0,0.7864125968509083,4.0,43.0,0.1681508978572239,0.0,0.0,1.0
840.0,11,26.0,0.5531914893617021,7.482005238723951,47.0,335.0,7.127659574468085,0.0,0.0,9.0,42.0,0.0,4.885769790916053,2.0,2.0,21.0,0.0,0.0,1.0,2.0,7.0,0.4619461654675642,0.0,0.0,1.0,1.0,3.0,0.112450026062406,4.0,17.0,0.2589661497802851,1.0,6.0,0.453912237986835,1.0,9.0,0.4681717184312643
848.0,3,25.0,0.4807692307692308,9.22387490333362,52.0,364.0,7.0,29.0,0.5576923076923077,3.0,53.0,11.0,6.916488630755497,2.65,2.65,20.0,0.0,0.0,1.0,2.0,22.0,0.0,0.0,1.0,0.9035709304507136,0.0,3.0,0.43545711210956,0.0,11.0,0.4183712662839658,1.0,6.0,0.5612489289994864,0.0,10.0,0.7191601276889941
856.0,3,24.0,0.48,9.238602258692588,50.0,371.0,7.42,7.0,0.14,3.0,42.0,0.0,6.437192639108328,2.4705882352941178,2.4705882352941178,17.0,0.0,0.0,1.0,2.0,25.0,0.2512538669719789,1.0,2.0,9.1608313844657e-05,0.0,0.0,0.3918431646735845,0.0,8.0,0.300397002055063,0.0,7.0,0.8731741519228369,0.0,0.0,1.0
864.0,3,0.0,0.0,10.183692051549848,47.0,258.0,5.48936170212766,0.0,0.0,1.0,21.0,0.0,9.389513726578317,1.2352941176470589,1.2352941176470589,17.0,0.0,0.0,0.9243992506162882,0.0,11.0,0.7526341013523155,1.0,0.0,0.0,0.0,0.0,1.0,0.0,3.0,0.6338419272092065,0.0,4.0,0.7238855834513824,0.0,3.0,0.7835724108797825
872.0,4,6.0,0.1333333333333333,9.544642809930052,45.0,232.0,5.155555555555556,0.0,0.0,4.0,22.0,1.0,8.155056570945254,1.1,1.1,20.0,0.0,0.0,0.0269805260461537,1.0,8.0,0.4388952268612515,0.0,10.0,0.9146277339689228,0.0,0.0,0.9919573682907824,0.0,0.0,0.8580659017322484,3.0,4.0,0.4216449044659361,0.0,0.0,0.5511678143617746
880.0,7,32.0,0.7111111111111111,7.523852965762252,45.0,138.0,3.066666666666667,0.0,0.0,7.0,42.0,20.0,4.881024439574537,2.1,2.1,20.0,0.0,0.0,0.6194760585346806,0.0,3.0,0.9205248363497271,2.0,10.0,0.0902559213963788,1.0,3.0,0.2002884096453767,1.0,5.0,0.6575197859250459,3.0,21.0,0.2414030944391608,0.0,0.0,1.0
888.0,4,25.0,0.5681818181818182,8.403096454393179,44.0,153.0,3.477272727272727,15.0,0.3409090909090909,4.0,45.0,3.0,5.076241856741448,2.8125,2.8125,16.0,0.0,0.0,1.0,0.0,3.0,0.9282419925916984,2.0,33.0,0.0382240973026839,0.0,0.0,0.8114492628848319,1.0,2.0,0.5401159204992573,1.0,4.0,0.1017393554291498,0.0,3.0,0.8264956470853235
896.0,7,36.0,0.72,7.537241179169071,50.0,188.0,3.76,35.0,0.7,7.0,54.0,9.0,5.692063920156504,2.7,2.7,20.0,0.0,0.0,1.0,1.0,1.0,0.0049704964634116,0.0,0.0,0.973146139547796,1.0,6.0,0.0,0.0,5.0,0.281603810938543,5.0,29.0,0.1531251439095396,0.0,13.0,0.8487165936118707
904.0,4,10.0,0.2040816326530612,8.021984264205155,49.0,207.0,4.224489795918367,19.0,0.3877551020408163,4.0,28.0,0.0,4.327970885849405,2.0,2.0,14.0,1.0,1.0,0.0095674367456604,0.0,0.0,1.0,0.0,0.0,1.0,0.0,0.0,0.6300133052579158,1.0,8.0,0.3454866855037781,2.0,19.0,0.3082462787261427,0.0,0.0,0.377179715766296
912.0,2,3.0,0.0666666666666666,9.613177555135518,45.0,179.0,3.977777777777778,0.0,0.0,2.0,21.0,0.0,8.466842640031812,1.0,1.0,21.0,0.0,0.0,0.969971886086549,0.0,3.0,0.946878319496072,0.0,0.0,1.0,0.0,0.0,1.0,0.0,7.0,0.7698554986002139,2.0,8.0,0.4007860580691429,0.0,3.0,0.6833636401750193
920.0,9,38.0,0.8444444444444444,7.517984791916651,45.0,200.0,4.444444444444445,21.0,0.4666666666666667,8.0,58.0,37.0,6.179235605701075,2.071428571428572,2.071428571428572,28.0,1.0,4.0,0.2075322014821171,1.0,7.0,2.774891471327837e-05,0.0,3.0,0.9449204759319796,1.0,8.0,0.4482288802503129,2.0,13.0,0.4035711060635319,2.0,18.0,0.545300588513178,1.0,5.0,0.294609005538785
928.0,6,26.0,0.490566037735849,6.567299868972026,53.0,246.0,4.6415094339622645,46.0,0.8679245283018868,6.0,52.0,0.0,5.307980819954337,2.08,2.08,25.0,0.0,0.0,0.9615288418724498,2.0,19.0,0.0016494807922114,0.0,3.0,0.9187208660285152,1.0,10.0,0.0,1.0,9.0,0.3018803471583539,2.0,5.0,0.4019147981625689,0.0,6.0,0.7562702887807335
936.0,6,17.0,0.288135593220339,7.242245353552596,59.0,250.0,4.237288135593221,4.0,0.0677966101694915,6.0,43.0,0.0,5.662476499093259,1.303030303030303,1.303030303030303,33.0,1.0,1.0,0.4656345431310861,0.0,0.0,1.0,1.0,6.0,0.0,1.0,1.0,0.2657122735825089,1.0,14.0,0.4656875120815179,2.0,18.0,0.3088970965315565,0.0,3.0,0.586313907667213
944.0,14,69.0,1.0952380952380951,7.053198165292773,63.0,256.0,4.063492063492063,6.0,0.0952380952380952,13.0,92.0,49.0,4.117032895917341,3.1724137931034484,3.1724137931034484,29.0,0.0,1.0,0.0481247369643924,2.0,10.0,0.1690603305531449,0.0,0.0,1.0,0.0,0.0,0.775681511396182,2.0,25.0,0.5180003692524838,5.0,34.0,0.2320801874214597,4.0,22.0,3.225823768449547e-05
952.0,10,35.0,0.546875,7.353056882244997,64.0,303.0,4.734375,47.0,0.734375,8.0,69.0,0.0,6.322967170592852,2.15625,2.15625,32.0,1.0,5.0,0.3509157220262194,3.0,36.0,0.2551451865436726,0.0,3.0,0.519260905557113,2.0,5.0,0.0136055916274564,1.0,13.0,0.4998143630235411,1.0,1.0,0.6786087599814755,0.0,6.0,0.8407035074728797
960.0,15,87.0,1.403225806451613,7.258785620386238,62.0,347.0,5.596774193548387,44.0,0.7096774193548387,14.0,118.0,49.0,5.359219474005,3.2777777777777777,3.2777777777777777,36.0,0.0,0.0,1.0,3.0,22.0,0.3765024513681405,1.0,4.0,0.4774054328984517,4.0,34.0,3.1242136568980066e-05,3.0,36.0,0.338423344381368,3.0,15.0,0.4557207771305362,0.0,7.0,0.8560104972309986
968.0,10,60.0,0.9523809523809524,6.446483238718253,63.0,389.0,6.174603174603175,42.0,0.6666666666666666,5.0,71.0,0.0,4.105349166142654,3.0869565217391304,3.0869565217391304,23.0,0.0,2.0,0.0622164152074458,0.0,16.0,0.1603834266076937,1.0,5.0,0.0,0.0,3.0,0.5298107153328154,1.0,26.0,0.4504221327976704,3.0,19.0,0.2779694870938174,0.0,0.0,1.0
976.0,12,70.0,1.1666666666666667,6.908982575621219,60.0,376.0,6.266666666666667,0.0,0.0,12.0,109.0,38.0,5.076348602083297,2.945945945945946,2.945945945945946,37.0,0.0,0.0,0.3710553915386346,3.0,22.0,0.1539966502299853,2.0,16.0,0.5166221709546499,0.0,0.0,1.0,1.0,21.0,0.5177323384268377,6.0,50.0,0.1363911368560948,0.0,0.0,0.6839726178385592
984.0,8,116.0,2.0,6.685075345332772,58.0,427.0,7.362068965517241,51.0,0.8793103448275862,8.0,178.0,69.0,4.137119811908127,5.393939393939394,5.393939393939394,33.0,2.0,19.0,0.2722849963419713,3.0,43.0,0.0,0.0,0.0,0.8239619908957374,0.0,21.0,0.3548750567788812,0.0,8.0,0.2990405734644248,3.0,87.0,0.2991441461754869,0.0,0.0,1.0
992.0,9,37.0,0.6271186440677966,6.884166373045922,59.0,490.0,8.305084745762711,63.0,1.0677966101694916,9.0,73.0,0.0,4.894824907425054,2.28125,2.28125,32.0,3.0,27.0,0.176531697066451,0.0,0.0,1.0,1.0,5.0,0.0,0.0,3.0,0.4580472830329647,3.0,17.0,0.1697142721825769,2.0,15.0,0.530935443437207,0.0,6.0,0.7875592640716345
1000.0,9,47.0,0.8103448275862069,7.33601258617227,58.0,532.0,9.172413793103448,42.0,0.7241379310344828,9.0,105.0,32.0,4.762754151523292,3.3870967741935485,3.3870967741935485,31.0,0.0,9.0,0.2512515739020594,0.0,6.0,0.9442734944562464,0.0,0.0,1.0,2.0,12.0,0.0007232653849052,3.0,41.0,0.1123106128238995,3.0,31.0,0.317050182672406,1.0,6.0,0.6925064071033241
1008.0,11,28.0,0.4516129032258064,7.760967249365684,62.0,581.0,9.370967741935484,49.0,0.7903225806451613,9.0,96.0,0.0,4.818152828438185,3.4285714285714284,3.4285714285714284,28.0,1.0,8.0,0.0,2.0,14.0,0.112524261302034,0.0,6.0,0.992609615231464,0.0,0.0,0.9369724264368048,3.0,48.0,0.1420981150593686,3.0,20.0,0.1297054801390034,0.0,0.0,0.6836752917790343
1016.0,10,47.0,0.734375,8.137724620651444,64.0,527.0,8.234375,0.0,0.0,9.0,83.0,0.0,4.726502168679285,3.458333333333333,3.458333333333333,24.0,0.0,0.0,0.0360251875875138,0.0,3.0,0.9565135751293066,0.0,1.0,0.9735360742275307,1.0,3.0,1.3144272344160592e-05,1.0,34.0,0.5120647996813463,6.0,36.0,0.0545703971505345,1.0,6.0,0.0
1024.0,9,42.0,0.65625,7.759490442167277,64.0,457.0,7.140625,0.0,0.0,7.0,71.0,0.0,4.97270651038105,2.84,2.84,25.0,0.0,0.0,0.0140337555808639,1.0,6.0,0.0001320432195204,0.0,3.0,0.9198159974758272,2.0,13.0,0.0028382193223725,1.0,21.0,0.4026281584847334,1.0,19.0,0.4821275495716849,2.0,9.0,0.3461687299142039
1032.0,6,71.0,1.0441176470588236,8.30962184830168,68.0,440.0,6.470588235294118,0.0,0.0,6.0,94.0,23.0,6.181188928615376,3.4814814814814814,3.4814814814814814,27.0,1.0,4.0,0.001136009774754,1.0,14.0,0.4904232592287791,0.0,4.0,0.9868463800063269,1.0,19.0,0.4763213659993196,1.0,25.0,0.4803578937910502,2.0,22.0,0.3551318954331042,0.0,6.0,0.2901951595601775
1040.0,11,64.0,0.9411764705882352,7.786207017680448,68.0,441.0,6.485294117647059,1.0,0.0147058823529411,11.0,97.0,3.0,5.5555434555989045,2.5526315789473686,2.5526315789473686,38.0,1.0,1.0,0.0,1.0,1.0,0.3686086523690818,0.0,0.0,0.8337061889030385,2.0,32.0,0.2459099107754026,5.0,42.0,0.379473598219213,2.0,21.0,0.4161506967048446,0.0,0.0,1.0
1048.0,11,48.0,0.6575342465753424,5.5128659296494416,73.0,466.0,6.383561643835616,25.0,0.3424657534246575,8.0,99.0,2.0,3.565462105742014,2.5384615384615383,2.5384615384615383,39.0,1.0,9.0,0.4562235671699799,3.0,20.0,0.2367192565743607,0.0,0.0,0.2854141461317991,0.0,0.0,0.2112146651616647,2.0,51.0,0.1706060619663811,1.0,14.0,0.3223501204316811,1.0,5.0,0.2907537062218647
1056.0,8,30.0,0.3846153846153846,6.884936701108414,78.0,495.0,6.346153846153846,29.0,0.3717948717948718,8.0,115.0,16.0,3.6111996640728674,3.1944444444444446,3.1944444444444446,36.0,1.0,5.0,2.355981601812774e-05,0.0,10.0,0.359542017771412,0.0,0.0,0.8281926267065718,0.0,0.0,0.316334372843193,3.0,74.0,0.2527698520639991,4.0,26.0,0.2055468158073594,0.0,0.0,0.1502015065893183
1064.0,20,109.0,1.4155844155844155,5.801767122600556,77.0,505.0,6.558441558441558,10.0,0.1298701298701298,18.0,179.0,64.0,3.3683831775716784,4.475,4.475,40.0,1.0,13.0,0.5825763558821718,0.0,0.0,0.6159816249446591,0.0,0.0,1.0,1.0,4.0,0.3256114893675651,8.0,113.0,0.1644786184622924,5.0,38.0,0.1624557184101959,3.0,11.0,0.1893970582276981
1072.0,19,118.0,1.5324675324675323,5.967587624077584,77.0,630.0,8.181818181818182,125.0,1.6233766233766234,15.0,218.0,39.0,4.359216705526985,5.190476190476191,5.190476190476191,42.0,4.0,37.0,0.2306103041603391,3.0,9.0,0.1847982417520303,0.0,3.0,0.9797120119845646,3.0,26.0,0.2067332633026891,2.0,95.0,0.4213374285689265,3.0,43.0,0.1867253318735539,0.0,5.0,0.3527330611747886
1080.0,20,136.0,1.7894736842105263,5.453429187537169,76.0,748.0,9.842105263157896,118.0,1.5526315789473684,14.0,255.0,37.0,4.544717565383569,5.666666666666667,5.666666666666667,45.0,5.0,67.0,8.878523979313585e-05,0.0,12.0,0.1447688213027518,1.0,6.0,6.193773628138538e-05,2.0,35.0,0.267345471527495,3.0,75.0,0.2400669674388168,3.0,57.0,0.5140879665656835,0.0,3.0,0.606557439963066
1088.0,20,111.0,1.4605263157894737,7.240448110016597,76.0,887.0,11.671052631578949,139.0,1.8289473684210529,17.0,262.0,7.0,4.700618880015373,7.081081081081081,7.081081081081081,37.0,0.0,7.0,0.2613223732924012,1.0,8.0,0.0,1.0,14.0,0.0,4.0,49.0,0.0450271719903915,5.0,120.0,0.4300531466803582,6.0,64.0,0.2176132633790835,0.0,0.0,0.9719278895026924
1096.0,7,55.0,0.7432432432432432,7.9451281408940275,74.0,822.0,11.108108108108109,0.0,0.0,6.0,193.0,0.0,5.634662126685654,5.216216216216216,5.216216216216216,37.0,1.0,15.0,0.329202052875435,0.0,0.0,1.0,1.0,22.0,0.4654232236132133,1.0,14.0,0.4430962837244672,0.0,80.0,0.3769407010528776,3.0,62.0,0.367207595288237,0.0,0.0,0.8204618076324366
1104.0,15,70.0,0.9090909090909092,7.127038838313622,77.0,810.0,10.51948051948052,0.0,0.0,12.0,155.0,0.0,4.793872466232159,3.7804878048780486,3.7804878048780486,41.0,3.0,43.0,0.0150139284148318,0.0,0.0,1.0,0.0,0.0,0.7659454144137624,0.0,0.0,0.7729553616866991,5.0,67.0,0.1662779666687718,4.0,45.0,0.4341791641373872,0.0,0.0,0.6244515763662642
1112.0,19,101.0,1.188235294117647,6.0419059289105,85.0,760.0,8.941176470588236,0.0,0.0,17.0,211.0,56.0,3.033362341331136,4.795454545454546,4.795454545454546,44.0,5.0,77.0,1.1562778203641398e-05,0.0,0.0,1.0,1.0,7.0,0.6336200824658885,3.0,6.0,0.001976348602683,3.0,87.0,0.1760374181191603,3.0,29.0,0.2818949597335825,2.0,5.0,0.327668275405844
1120.0,20,128.0,1.471264367816092,6.326479488004264,87.0,791.0,9.091954022988508,31.0,0.3563218390804598,18.0,227.0,16.0,4.871118908968006,4.283018867924528,4.283018867924528,53.0,0.0,13.0,0.3256399763417362,0.0,3.0,0.9747301841238204,2.0,26.0,0.4837483061403079,4.0,33.0,0.1370557582279984,4.0,84.0,0.4068433238634162,6.0,44.0,0.1347230080739008,2.0,24.0,0.5112038933613382
1128.0,14,103.0,1.1573033707865168,7.135441146372753,89.0,832.0,9.348314606741573,41.0,0.4606741573033708,12.0,184.0,0.0,5.178293995511899,4.717948717948718,4.717948717948718,39.0,1.0,19.0,0.4340765988363704,2.0,11.0,0.2405042819688707,0.0,0.0,1.0,3.0,16.0,0.3174378512662362,1.0,64.0,0.4767013060682061,3.0,37.0,0.3663410511096547,2.0,37.0,0.2783090768493306
1136.0,19,129.0,1.4827586206896552,7.163994683773586,87.0,738.0,8.482758620689655,0.0,0.0,18.0,214.0,30.0,4.532532193537917,4.652173913043479,4.652173913043479,46.0,1.0,4.0,0.6918740035436708,1.0,1.0,0.516419221149852,0.0,0.0,1.0,3.0,11.0,0.0588460578491137,5.0,89.0,0.3373835171520036,6.0,53.0,0.1964213990434501,2.0,56.0,0.3826319964852062
1144.0,15,176.0,2.2278481012658227,6.475014121300578,79.0,657.0,8.316455696202532,0.0,0.0,14.0,215.0,1.0,3.807009105863753,5.243902439024391,5.243902439024391,41.0,3.0,19.0,0.1269840850615085,1.0,9.0,0.5687672029408101,0.0,0.0,1.0,1.0,10.0,1.7350443732000096e-05,1.0,73.0,0.2909293450354432,6.0,35.0,0.2092954851590612,2.0,69.0,0.0
1152.0,15,100.0,1.25,7.043409618630095,80.0,661.0,8.2625,4.0,0.05,13.0,131.0,0.0,4.907643948125273,3.119047619047619,3.119047619047619,42.0,4.0,26.0,0.3575729044070744,3.0,15.0,0.2675081337269118,1.0,0.0,0.1293520075440055,0.0,0.0,0.348523933616881,3.0,75.0,0.3013419482154474,2.0,12.0,0.5299201891570433,0.0,3.0,0.8560980738960803
1160.0,9,92.0,1.2602739726027397,7.416321892176828,73.0,631.0,8.643835616438356,0.0,0.0,7.0,138.0,7.0,6.119525635573739,3.72972972972973,3.72972972972973,37.0,2.0,9.0,0.1902945183251269,2.0,19.0,0.1678072385148767,0.0,3.0,0.8939742312693981,0.0,0.0,0.7803600530116304,1.0,87.0,0.3867387352210513,2.0,17.0,0.4353726182890655,0.0,3.0,0.7800588644660158
1168.0,18,98.0,1.4,6.36557499432018,70.0,694.0,9.914285714285716,63.0,0.9,18.0,180.0,42.0,3.4350346480499385,4.186046511627907,4.186046511627907,43.0,6.0,46.0,0.1106237722119817,3.0,37.0,0.2102670815298576,1.0,5.0,0.4406984434891779,1.0,4.0,5.106066400568308e-05,4.0,48.0,0.1603148961371184,3.0,40.0,0.4796589156418442,0.0,0.0,1.0
1176.0,10,75.0,1.1363636363636365,6.347704951769963,66.0,734.0,11.12121212121212,40.0,0.6060606060606061,10.0,173.0,0.0,3.8714573671591066,4.942857142857143,4.942857142857143,35.0,5.0,65.0,0.1864573592545785,2.0,30.0,0.3744325551111088,0.0,3.0,0.378688662567245,0.0,21.0,0.2488909610366482,3.0,51.0,0.1574110346375527,0.0,3.0,0.7719368904449061,0.0,0.0,0.9363399176268226
1184.0,10,50.0,0.78125,7.248679013034278,64.0,750.0,11.71875,16.0,0.25,9.0,141.0,0.0,4.453788577979692,4.2727272727272725,4.2727272727272725,33.0,1.0,39.0,0.0963673050408244,4.0,49.0,0.3406198703151967,3.0,9.0,0.1653196220986093,0.0,0.0,0.8297492445582911,1.0,38.0,0.342294151567413,0.0,3.0,0.9220718720977372,0.0,3.0,0.5177017446618013
1192.0,3,24.0,0.3870967741935484,9.012241519234124,62.0,673.0,10.85483870967742,0.0,0.0,2.0,66.0,0.0,6.481664765977503,3.882352941176471,3.882352941176471,17.0,1.0,22.0,0.3371953621420921,0.0,7.0,0.8414812674137068,0.0,15.0,0.207867735648688,0.0,0.0,0.9711712271956758,1.0,22.0,0.4460434937995052,0.0,0.0,0.3925466099047375,0.0,0.0,0.9541206633082908
1200.0,8,34.0,0.576271186440678,8.871536670285291,59.0,540.0,9.152542372881356,0.0,0.0,5.0,30.0,0.0,6.6471016859042535,1.7647058823529411,1.7647058823529411,17.0,0.0,0.0,0.5093784370668945,0.0,5.0,0.907139938888855,1.0,0.0,0.1264244441128245,1.0,1.0,0.0061206103449632,1.0,19.0,0.243899702309977,2.0,5.0,0.447288143643729,0.0,0.0,0.9070528553225836
1208.0,7,39.0,0.5652173913043478,9.032908802662014,69.0,505.0,7.318840579710145,0.0,0.0,4.0,41.0,11.0,8.686290399773664,1.64,1.64,25.0,1.0,6.0,0.0,1.0,9.0,0.6787085654843681,0.0,9.0,0.7218172042474695,1.0,9.0,0.0,0.0,1.0,0.9946765332776936,0.0,3.0,0.677355874764559,1.0,4.0,2.3690551441419727e-05
1216.0,11,49.0,0.6901408450704225,8.321551500950608,71.0,487.0,6.859154929577465,0.0,0.0,6.0,50.0,9.0,7.628207154970654,1.5151515151515151,1.5151515151515151,33.0,2.0,7.0,0.3001826288399064,0.0,4.0,0.7285092169822298,3.0,18.0,0.2552113315947865,0.0,5.0,0.4752496513957399,0.0,4.0,0.905565860405636,0.0,0.0,0.9891370786980886,1.0,12.0,0.6197102889321972
1224.0,18,77.0,0.9746835443037974,6.896337887352439,79.0,493.0,6.2405063291139244,6.0,0.0759493670886076,15.0,68.0,18.0,3.9912360112138985,1.9428571428571428,1.9428571428571428,35.0,1.0,3.0,0.3192280302406993,3.0,14.0,0.0114076686421994,4.0,11.0,0.2769122179647763,2.0,10.0,0.0,2.0,8.0,0.3610549305326032,1.0,1.0,0.4423836212550694,2.0,21.0,0.3480566182854751
1232.0,7,13.0,0.1547619047619047,6.723242866959628,84.0,480.0,5.714285714285714,0.0,0.0,4.0,55.0,0.0,4.922120234705394,1.6176470588235294,1.6176470588235294,34.0,0.0,0.0,0.5946225123364068,0.0,12.0,0.6204263583493083,1.0,22.0,0.1682199671693683,1.0,3.0,0.3317380646610263,1.0,8.0,0.229079213572743,0.0,6.0,0.3960722241612244,1.0,4.0,0.5248035434442004
1240.0,10,28.0,0.3255813953488372,8.07305139978131,86.0,367.0,4.267441860465116,0.0,0.0,9.0,72.0,17.0,5.509599879468091,2.0,2.0,36.0,0.0,0.0,1.0,1.0,6.0,0.5526725550054444,1.0,6.0,0.4174746823731843,0.0,0.0,0.2913455285783365,6.0,56.0,0.3434702122193434,0.0,3.0,0.6463926294645475,1.0,1.0,0.1963458715609427
1248.0,12,58.0,0.6590909090909091,7.958781631211371,88.0,365.0,4.1477272727272725,0.0,0.0,9.0,95.0,23.0,5.969587771265549,2.2093023255813957,2.2093023255813957,43.0,0.0,0.0,0.902461357862183,3.0,19.0,0.4222107756141866,1.0,14.0,0.3636840856637539,1.0,5.0,0.4665817538633242,0.0,26.0,0.3457502722376334,1.0,12.0,0.6613516054156328,3.0,19.0,0.4651704719231669
1256.0,12,84.0,0.9333333333333332,8.615924099019518,90.0,424.0,4.711111111111111,59.0,0.6555555555555556,9.0,100.0,5.0,6.938822120567693,2.127659574468085,2.127659574468085,47.0,0.0,0.0,0.9318579992262972,0.0,11.0,0.638331095125302,3.0,20.0,0.3869749340456149,2.0,16.0,0.380360645164868,0.0,0.0,0.3452503360626828,1.0,26.0,0.8352095138944186,3.0,27.0,0.1622599906237623
1264.0,17,134.0,1.6341463414634143,7.525148114225458,82.0,462.0,5.634146341463414,38.0,0.4634146341463415,16.0,165.0,65.0,6.141938500125673,3.4375,3.4375,48.0,3.0,12.0,0.0031784464343431,5.0,24.0,0.3686610504588294,1.0,16.0,0.4590486860580232,1.0,24.0,0.3265626127541874,1.0,7.0,0.5010971411181617,1.0,23.0,0.6972403744359157,4.0,59.0,0.4482227050471662
1272.0,15,192.0,2.4,7.468694310425794,80.0,527.0,6.5875,65.0,0.8125,13.0,234.0,69.0,5.903907393739859,5.7073170731707314,5.7073170731707314,41.0,0.0,0.0,0.9481953186682446,0.0,13.0,0.4561977362617397,1.0,20.0,0.5172323814231684,2.0,40.0,0.3357556033333974,1.0,15.0,0.6393169172140248,3.0,53.0,0.4161558421680437,6.0,93.0,0.2854817894532908
1280.0,15,198.0,2.5384615384615383,7.59394727318831,78.0,608.0,7.794871794871795,81.0,1.0384615384615383,14.0,230.0,0.0,3.7959115081382175,7.419354838709677,7.419354838709677,31.0,1.0,2.0,0.0006061729200711,1.0,8.0,0.6256407612590212,1.0,22.0,0.6089612284404841,3.0,13.0,0.0292438719840423,3.0,7.0,0.1401039173725468,1.0,42.0,0.3670794083258558,4.0,136.0,0.2901931524882297
1288.0,5,71.0,0.922077922077922,8.908647576486617,77.0,668.0,8.675324675324676,60.0,0.7792207792207793,4.0,183.0,0.0,7.646318871059847,5.083333333333333,5.083333333333333,36.0,0.0,4.0,0.6441681871191022,1.0,12.0,0.4998244197482863,0.0,3.0,0.6442151247459483,0.0,6.0,0.6414240003528799,0.0,15.0,0.6573517958316513,1.0,47.0,0.5345144524888396,2.0,96.0,0.4877890034353438
1296.0,17,117.0,1.3295454545454546,7.316305604032919,88.0,664.0,7.545454545454546,0.0,0.0,14.0,197.0,14.0,5.644850016531626,4.925,4.925,40.0,5.0,19.0,0.0253151839864368,1.0,17.0,0.188431974591474,1.0,5.0,0.5200712534144051,1.0,4.0,0.6190124271906956,1.0,7.0,0.617590832736017,2.0,64.0,0.5601282915527482,3.0,81.0,0.2744910502777548
1304.0,22,168.0,1.9090909090909087,6.580007416608701,88.0,660.0,7.5,0.0,0.0,20.0,190.0,0.0,4.2910502904458685,4.418604651162791,4.418604651162791,43.0,0.0,5.0,0.5135014222358919,2.0,11.0,0.5331001321456849,1.0,2.0,0.1455992390615843,3.0,18.0,0.4198663247944667,1.0,14.0,0.5336907202183148,6.0,100.0,0.2774454047116516,7.0,40.0,0.0346087414356095
1312.0,20,181.0,2.234567901234568,6.681879873928191,81.0,618.0,7.62962962962963,0.0,0.0,18.0,224.0,34.0,3.7670385492137606,6.4,6.4,35.0,3.0,12.0,0.2710282368627156,5.0,36.0,0.2676994065146901,3.0,22.0,0.0,5.0,33.0,0.0833760813427327,0.0,21.0,0.8080715791150741,1.0,75.0,0.4894442000445498,1.0,25.0,0.2241171741388906
1320.0,17,204.0,2.4878048780487805,6.68265438686481,82.0,736.0,8.975609756097562,118.0,1.4390243902439024,13.0,245.0,21.0,5.116723139368932,5.697674418604652,5.697674418604652,43.0,0.0,7.0,0.2453669758233968,5.0,76.0,0.1516980295021168,0.0,0.0,0.0823015133855123,1.0,26.0,0.3329321033290469,0.0,10.0,0.8958285340212382,3.0,97.0,0.4564045029334551,4.0,29.0,0.3467369214738008
1328.0,10,161.0,2.037974683544304,8.149641547233227,79.0,802.0,10.151898734177216,66.0,0.8354430379746836,5.0,173.0,0.0,5.957386762403417,7.521739130434782,7.521739130434782,23.0,3.0,15.0,0.0292170975754034,0.0,37.0,0.2564475268557908,0.0,0.0,1.0,1.0,24.0,0.338197459857396,0.0,1.0,0.7856759775503247,1.0,91.0,0.6752025244683647,0.0,5.0,0.593593698377289
1336.0,7,147.0,2.0704225352112675,9.538935976791038,71.0,743.0,10.464788732394366,0.0,0.0,7.0,259.0,86.0,8.146938976407585,8.35483870967742,8.35483870967742,31.0,1.0,8.0,0.4624427488336408,3.0,94.0,0.4290753784628069,0.0,0.0,0.9646813540647696,2.0,39.0,0.3052451138092573,0.0,12.0,0.7411595501540502,1.0,103.0,0.7627112112114157,0.0,3.0,0.6871394412773406
1344.0,13,95.0,1.3571428571428572,7.573210427785792,70.0,790.0,11.285714285714286,47.0,0.6714285714285714,12.0,175.0,0.0,5.20772717091662,5.0,5.0,35.0,2.0,26.0,0.3380406927692295,2.0,51.0,0.3151369081811032,0.0,3.0,0.965896240998952,3.0,59.0,0.2461435505863598,0.0,14.0,0.7401555398776384,3.0,9.0,0.0060191977743969,2.0,13.0,0.3142726740326281
1352.0,12,121.0,1.890625,8.306372768186872,64.0,848.0,13.25,58.0,0.90625,12.0,149.0,0.0,5.156758842992612,5.730769230769231,5.730769230769231,26.0,0.0,0.0,0.5183241710889919,4.0,41.0,0.1944916710843565,0.0,3.0,0.8427586006160492,3.0,51.0,0.3471491723100569,0.0,7.0,0.8045346622368371,0.0,0.0,0.5853041424345657,5.0,47.0,0.1545147443029745
1360.0,3,18.0,0.3396226415094339,9.041499934187694,53.0,781.0,14.735849056603774,0.0,0.0,3.0,56.0,0.0,6.850025143323292,2.9473684210526314,2.9473684210526314,19.0,0.0,4.0,0.5698631150033181,1.0,14.0,0.3342930117944467,0.0,6.0,0.9816078423875746,2.0,4.0,0.2250080905978028,0.0,7.0,0.8603057492806621,0.0,0.0,0.9529164966018115,0.0,21.0,0.3014914252571536
1368.0,8,49.0,1.0208333333333333,8.603474375036102,48.0,724.0,15.083333333333334,0.0,0.0,7.0,75.0,19.0,4.870492547909475,4.6875,4.6875,16.0,0.0,0.0,1.0,2.0,33.0,0.3336779250056839,0.0,0.0,0.9388726878218104,0.0,2.0,0.6389022753830617,0.0,0.0,0.0089664239811046,1.0,4.0,2.4690534273770843e-05,4.0,36.0,0.0002492805406792
1376.0,14,117.0,2.4375,7.065982006122174,48.0,743.0,15.479166666666666,19.0,0.3958333333333333,13.0,154.0,79.0,3.604689767808296,7.0,7.0,22.0,0.0,0.0,0.9346967075411424,5.0,61.0,0.3878544414045957,2.0,6.0,0.003205583034656,1.0,8.0,0.0,1.0,11.0,0.1136620245021342,0.0,0.0,1.0,4.0,68.0,0.0
1384.0,10,109.0,2.0961538461538463,7.252063696861509,52.0,799.0,15.365384615384617,56.0,1.0769230769230769,8.0,156.0,2.0,4.582326349049558,6.5,6.5,24.0,1.0,1.0,0.1532381733145859,1.0,19.0,0.4734947024180765,2.0,25.0,0.0623407082474246,0.0,0.0,0.3080858234891232,0.0,5.0,0.5813415850570003,0.0,3.0,0.879463720107326,4.0,103.0,0.0645733067924234
1392.0,11,94.0,1.7407407407407407,8.144731082289347,54.0,770.0,14.25925925925926,0.0,0.0,10.0,143.0,0.0,4.495777283852393,7.15,7.15,20.0,3.0,15.0,0.1564687407229702,1.0,5.0,0.1553182775205894,0.0,0.0,0.1119026031703142,3.0,17.0,4.896091041063356e-05,0.0,0.0,1.0,0.0,5.0,0.8240445808854293,3.0,101.0,0.2514943170222697
1400.0,9,108.0,1.8305084745762712,8.154318366614906,59.0,612.0,10.372881355932204,0.0,0.0,9.0,163.0,20.0,4.933495118698623,7.086956521739131,7.086956521739131,23.0,1.0,7.0,0.2214734227522654,0.0,0.0,0.3895779772060729,1.0,6.0,0.7026628027666236,1.0,12.0,0.0,0.0,0.0,1.0,1.0,6.0,0.0,5.0,132.0,0.331899652069224
1408.0,10,62.0,1.0163934426229508,8.404460160818372,61.0,546.0,8.950819672131148,0.0,0.0,10.0,81.0,0.0,5.965431889996381,2.7,2.7,30.0,6.0,34.0,0.2009520801669249,2.0,10.0,0.5059094837554394,1.0,4.0,0.6499200820418222,1.0,20.0,0.0,0.0,6.0,0.7763891790071896,0.0,0.0,0.6875217097446632,0.0,7.0,0.3953363817216699
1416.0,15,51.0,0.85,6.541132107749164,60.0,425.0,7.083333333333333,0.0,0.0,12.0,96.0,15.0,5.309501375562959,3.2,3.2,30.0,1.0,19.0,0.3230527092901182,3.0,13.0,0.3350056602815573,2.0,22.0,0.4985306818739263,0.0,6.0,0.4274637517188927,1.0,6.0,0.4909885874063932,0.0,0.0,0.8509637900888712,5.0,30.0,0.069490185381049
1424.0,9,26.0,0.3768115942028985,8.48743027913547,69.0,501.0,7.260869565217392,76.0,1.1014492753623188,6.0,65.0,0.0,5.4955962466148245,4.0625,4.0625,16.0,3.0,33.0,0.1917560175107767,1.0,6.0,0.2486511850552314,0.0,0.0,1.0,1.0,13.0,0.3972582859622461,0.0,0.0,1.0,0.0,3.0,0.8129870294587165,1.0,10.0,0.431974376444526
1432.0,6,33.0,0.515625,8.758055642184331,64.0,403.0,6.296875,0.0,0.0,3.0,66.0,1.0,7.580980846104408,3.3,3.3,20.0,0.0,22.0,0.328897032562236,1.0,21.0,0.5813008941062198,0.0,3.0,0.961378150923515,0.0,0.0,0.901884552016038,0.0,0.0,0.7097605578268652,1.0,7.0,0.6078101945807205,1.0,13.0,0.2824714297743762
1440.0,9,38.0,0.5846153846153846,7.797482447856088,65.0,416.0,6.4,13.0,0.2,7.0,94.0,28.0,6.167760932176551,3.615384615384616,3.615384615384616,26.0,4.0,56.0,0.1161543455716186,1.0,28.0,0.7167689449341549,0.0,0.0,1.0,2.0,4.0,0.0003577557892113,0.0,3.0,0.8517018639850473,0.0,0.0,0.6470072606981021,0.0,3.0,0.8830989165902622
1448.0,12,47.0,0.7580645161290323,7.666201814185668,62.0,419.0,6.758064516129032,3.0,0.0483870967741935,6.0,68.0,0.0,7.062324150143473,2.6153846153846154,2.6153846153846154,26.0,3.0,46.0,0.2112809687040422,1.0,11.0,0.3469272173650004,0.0,0.0,1.0,0.0,3.0,0.8643212048726059,0.0,3.0,0.7932368436555559,2.0,5.0,0.6382036479649575,0.0,0.0,1.0
1456.0,6,16.0,0.25,7.665034401880453,64.0,442.0,6.90625,23.0,0.359375,4.0,87.0,19.0,5.422814685622186,4.142857142857143,4.142857142857143,21.0,2.0,67.0,0.012029557796149,0.0,12.0,0.6131593682488368,0.0,0.0,1.0,1.0,6.0,0.0,0.0,0.0,0.9313308872526368,1.0,2.0,0.5176969288737007,0.0,0.0,1.0
1464.0,18,88.0,1.3968253968253967,6.723727922310791,63.0,477.0,7.571428571428571,35.0,0.5555555555555556,12.0,127.0,40.0,5.455813330563523,3.96875,3.96875,32.0,1.0,53.0,0.267814561955525,3.0,22.0,0.0167701897058496,0.0,0.0,1.0,3.0,16.0,0.0023438225447028,0.0,7.0,0.7766062618778645,5.0,21.0,0.4409743891440074,0.0,8.0,0.6452710305857216
1472.0,12,84.0,1.2173913043478262,8.001731699551222,69.0,526.0,7.623188405797101,49.0,0.7101449275362319,9.0,118.0,0.0,6.579192168424305,4.538461538461538,4.538461538461538,26.0,1.0,25.0,0.3560490858487256,0.0,16.0,0.4607824280279349,0.0,0.0,0.8202490547249679,0.0,0.0,1.0,1.0,5.0,0.7174717031441501,7.0,72.0,0.4468201203731013,0.0,0.0,1.0
1480.0,6,30.0,0.4615384615384615,7.649704952648123,65.0,519.0,7.984615384615385,0.0,0.0,5.0,109.0,0.0,5.470757302444603,4.36,4.36,25.0,2.0,41.0,0.0093120012960073,0.0,14.0,0.5136040532574999,0.0,0.0,1.0,0.0,0.0,0.7520584542206316,2.0,14.0,0.5818956702034276,1.0,37.0,0.2904547380147663,0.0,3.0,0.7416311357019676
1488.0,13,78.0,1.2580645161290325,8.109594549164497,62.0,506.0,8.161290322580646,0.0,0.0,12.0,153.0,44.0,6.6339785903407815,4.026315789473684,4.026315789473684,38.0,1.0,8.0,0.3767641184592051,2.0,44.0,0.4101863092168131,0.0,3.0,0.9995636625222224,1.0,9.0,0.4725377031569445,6.0,43.0,0.1248636254882512,2.0,32.0,0.537030889439021,0.0,14.0,0.8546528959154975
1496.0,18,116.0,1.9333333333333331,6.125510667029856,60.0,560.0,9.333333333333334,54.0,0.9,18.0,161.0,8.0,3.0327708962378077,4.735294117647059,4.735294117647059,34.0,3.0,9.0,0.0700096647925955,0.0,11.0,0.4800882429781864,0.0,0.0,1.0,0.0,0.0,0.9445765663311946,7.0,101.0,0.0701429000581316,2.0,4.0,0.3685257147400796,6.0,36.0,0.1092178053914227
1504.0,6,8.0,0.125,7.599102235634804,64.0,603.0,9.421875,43.0,0.671875,3.0,88.0,0.0,5.097485335746945,3.52,3.52,25.0,0.0,0.0,0.630569752105542,1.0,13.0,0.1822841122508455,1.0,0.0,0.0,0.0,0.0,1.0,0.0,33.0,0.4610037711870928,0.0,10.0,0.5146837422928886,1.0,32.0,0.1713768153617108
1512.0,3,18.0,0.3461538461538461,10.68693153356146,52.0,371.0,7.134615384615385,0.0,0.0,1.0,41.0,0.0,10.245955597063285,2.7333333333333334,2.7333333333333334,15.0,0.0,4.0,0.7802191205229003,1.0,17.0,0.0,0.0,4.0,0.954804480487632,0.0,0.0,1.0,0.0,6.0,0.4056632380948974,0.0,10.0,0.87435847869957,0.0,0.0,1.0
1520.0,6,35.0,0.7777777777777778,9.138781832900438,45.0,233.0,5.177777777777778,0.0,0.0,5.0,47.0,6.0,6.520221965590082,2.9375,2.9375,16.0,1.0,6.0,0.4085929903618614,1.0,25.0,0.7015896041866195,1.0,4.0,0.4052766645335947,0.0,0.0,0.0104177885017271,2.0,12.0,0.0096929069974892,0.0,0.0,0.6565656758898493,0.0,0.0,0.9422998259430078
1528.0,6,16.0,0.3555555555555555,8.553771609901256,45.0,181.0,4.022222222222222,0.0,0.0,6.0,26.0,0.0,5.730336105755996,1.5294117647058822,1.5294117647058822,17.0,1.0,3.0,0.4962374837244676,3.0,9.0,0.2016210807455506,0.0,6.0,0.9134385707705912,0.0,0.0,1.0,0.0,4.0,0.293420113512741,2.0,4.0,0.2062672523496584,0.0,0.0,0.6799969813507718
1536.0,2,6.0,0.1153846153846153,8.525043313438363,52.0,177.0,3.4038461538461537,0.0,0.0,2.0,18.0,0.0,7.848393614108573,1.0588235294117647,1.0588235294117647,17.0,0.0,0.0,0.0589862507818221,1.0,7.0,0.5050949539290532,0.0,9.0,0.9136724702471508,0.0,0.0,1.0,1.0,2.0,0.6167873446221678,0.0,0.0,0.5139018318707821,0.0,0.0,1.0
1544.0,9,49.0,1.0,7.017309171890144,49.0,177.0,3.612244897959184,0.0,0.0,8.0,59.0,41.0,4.402337797988033,2.6818181818181817,2.6818181818181817,22.0,2.0,12.0,0.3205021786061138,1.0,12.0,0.0,0.0,6.0,0.4092659824403791,1.0,3.0,0.0004270310679501,2.0,19.0,0.3024962440105376,2.0,7.0,0.3578659614832865,0.0,0.0,1.0
1552.0,6,59.0,1.0727272727272728,8.08651084320768,55.0,219.0,3.981818181818182,42.0,0.7636363636363637,5.0,71.0,12.0,7.961834166051276,2.730769230769231,2.730769230769231,26.0,0.0,2.0,0.1777440804108097,1.0,7.0,0.6224258050099939,0.0,13.0,0.8142918738249794,0.0,0.0,1.0,1.0,22.0,0.614991018211276,3.0,27.0,0.4474607288012594,0.0,0.0,1.0
1560.0,7,24.0,0.4363636363636363,7.680081048794757,55.0,203.0,3.690909090909091,0.0,0.0,6.0,62.0,0.0,7.137968660369928,2.583333333333333,2.583333333333333,24.0,1.0,8.0,0.4713867592845571,0.0,0.0,1.0,0.0,7.0,0.6642008488138488,0.0,0.0,0.3167943550198391,3.0,35.0,0.24029235343865,2.0,9.0,0.5494940354100074,0.0,3.0,0.8666595116702969
1568.0,11,26.0,0.4193548387096774,7.224414032571228,62.0,253.0,4.080645161290323,50.0,0.8064516129032258,7.0,77.0,15.0,5.958679283167697,2.75,2.75,28.0,1.0,4.0,0.4937699734325692,1.0,6.0,0.3794554113389535,0.0,0.0,0.3750553459221141,1.0,4.0,0.0043399116288469,2.0,47.0,0.3160237093229107,2.0,12.0,0.4199536919885053,0.0,4.0,0.95250837207329
1576.0,17,106.0,1.7666666666666666,6.991796610713491,60.0,303.0,5.05,50.0,0.8333333333333334,12.0,114.0,37.0,5.909051126069228,3.4545454545454546,3.4545454545454546,33.0,2.0,4.0,0.2345290597328384,3.0,16.0,0.2539223332547214,0.0,3.0,0.9432483189578345,0.0,0.0,0.7113025109922175,4.0,64.0,0.2567589241305609,1.0,17.0,0.6777910008350267,2.0,10.0,0.0517686040711112
1584.0,12,48.0,0.8135593220338984,6.890298821015768,59.0,380.0,6.440677966101695,77.0,1.305084745762712,11.0,85.0,0.0,4.091647541336637,3.5416666666666665,3.5416666666666665,24.0,1.0,3.0,0.0003379365094545,1.0,15.0,0.3929567988988985,0.0,0.0,0.3387075357578538,1.0,3.0,0.452086623243305,4.0,31.0,0.0859656654849773,1.0,0.0,0.6148352422997114,3.0,33.0,0.0652458747017948
1592.0,4,14.0,0.2641509433962264,8.724639545566733,53.0,353.0,6.660377358490566,0.0,0.0,4.0,61.0,0.0,6.8682551521011455,2.772727272727273,2.772727272727273,22.0,0.0,0.0,1.0,1.0,11.0,0.5616714942686789,0.0,0.0,0.8837973892286494,0.0,0.0,0.9950259075935574,2.0,43.0,0.3740328044592401,1.0,3.0,0.414421445788214,0.0,4.0,0.6079352633362154
1600.0,10,49.0,1.0,8.019157946786255,49.0,330.0,6.73469387755102,0.0,0.0,10.0,93.0,32.0,5.248560780305274,4.043478260869565,4.043478260869565,23.0,0.0,0.0,0.9587465185648032,1.0,5.0,0.0,0.0,3.0,0.7451009878660497,0.0,0.0,1.0,7.0,68.0,0.2030168872832563,0.0,8.0,0.9079202779968764,2.0,9.0,0.000124103291087
1608.0,8,46.0,0.9387755102040816,7.416345334691225,49.0,332.0,6.775510204081633,2.0,0.0408163265306122,6.0,101.0,8.0,6.259569061820223,4.391304347826087,4.391304347826087,23.0,1.0,5.0,0.5035258952348022,0.0,3.0,0.84996281777655,1.0,6.0,0.6005069749063606,1.0,2.0,0.1976867666136282,3.0,79.0,0.3108329651142089,0.0,6.0,0.6394220923321892,0.0,0.0,0.5909424256408657
1616.0,7,20.0,0.425531914893617,8.088554984510944,47.0,287.0,6.1063829787234045,0.0,0.0,6.0,66.0,0.0,6.557598178214089,3.0,3.0,22.0,0.0,1.0,0.4677671640034718,1.0,7.0,6.890400425829581e-05,1.0,12.0,0.715852230033175,0.0,0.0,1.0,4.0,32.0,0.0055146373729207,0.0,14.0,0.877832645472919,0.0,0.0,0.44983389888165
1624.0,11,77.0,1.75,6.539619613553294,44.0,339.0,7.704545454545454,52.0,1.181818181818182,11.0,112.0,46.0,4.013363851833877,4.666666666666667,4.666666666666667,24.0,0.0,1.0,0.3717839493792028,0.0,0.0,1.0,1.0,5.0,0.2189713701200937,0.0,4.0,0.9178135679077924,6.0,81.0,0.1616868742807269,1.0,6.0,0.2679381185366302,3.0,15.0,0.3881360813154131
1632.0,8,43.0,0.9148936170212766,6.921391679358552,47.0,393.0,8.361702127659575,54.0,1.148936170212766,7.0,110.0,0.0,4.52156538166477,5.5,5.5,20.0,0.0,0.0,0.4079962792903435,0.0,5.0,0.7214117076455635,2.0,19.0,0.0,0.0,0.0,1.0,0.0,47.0,0.1383014455436354,4.0,30.0,0.3275027725937896,1.0,9.0,0.1936811992964248
1640.0,6,40.0,0.7843137254901961,7.237481451861142,51.0,418.0,8.196078431372548,25.0,0.4901960784313725,4.0,73.0,0.0,6.386811805102082,2.433333333333333,2.433333333333333,30.0,0.0,0.0,1.0,0.0,6.0,0.4780961751150157,0.0,3.0,0.979269797974075,0.0,0.0,1.0,0.0,3.0,0.5819210851978547,1.0,43.0,0.5547400791618463,3.0,18.0,0.032704074767394
1648.0,12,87.0,1.5263157894736843,7.6745009449680275,57.0,443.0,7.771929824561403,25.0,0.4385964912280701,9.0,109.0,36.0,6.092723021555053,4.1923076923076925,4.1923076923076925,26.0,0.0,0.0,1.0,1.0,5.0,0.3914509785805446,0.0,3.0,0.1652720886792899,0.0,0.0,0.9654188957490152,0.0,10.0,0.9094047480870447,6.0,57.0,0.3473406099838323,2.0,34.0,0.1103434737322722
1656.0,12,118.0,1.7878787878787878,7.079171804944786,66.0,432.0,6.545454545454546,0.0,0.0,9.0,131.0,22.0,6.055356559710914,5.038461538461538,5.038461538461538,26.0,0.0,0.0,1.0,1.0,10.0,0.0,0.0,2.0,0.9469686667012236,0.0,0.0,0.9213371689062688,1.0,9.0,0.4495829490109566,2.0,48.0,0.3567427451426908,5.0,62.0,0.2370339443515585
1664.0,17,191.0,2.546666666666667,6.79833652142236,75.0,501.0,6.68,69.0,0.92,12.0,196.0,65.0,5.845331154820494,5.6,5.6,35.0,0.0,0.0,1.0,0.0,0.0,0.5689348352689443,0.0,0.0,0.785268028872725,2.0,3.0,0.3978776223870723,0.0,14.0,0.752240336970298,3.0,67.0,0.2577060129576906,7.0,112.0,0.1217624180270481
1672.0,15,209.0,2.824324324324324,7.070133436829362,74.0,559.0,7.554054054054054,58.0,0.7837837837837838,10.0,214.0,18.0,4.850948975007185,8.23076923076923,8.23076923076923,26.0,0.0,0.0,1.0,0.0,3.0,0.9093807805672176,0.0,0.0,0.3926428701004324,2.0,4.0,0.4228646215426721,1.0,4.0,0.2591912925294008,3.0,91.0,0.2443475349263595,4.0,112.0,0.0422014306957353
1680.0,10,27.0,0.3698630136986301,7.100660929893471,73.0,548.0,7.506849315068493,0.0,0.0,3.0,60.0,0.0,4.831042475320149,3.1578947368421053,3.1578947368421053,19.0,0.0,3.0,0.2468013427267347,1.0,5.0,6.894057541446693e-05,0.0,0.0,0.4163743728830982,1.0,13.0,0.6326170981020416,0.0,4.0,0.2637810725585651,1.0,28.0,0.3576800562093257,0.0,7.0,0.3009345538627401
1688.0,12,47.0,0.6351351351351351,6.727197836978764,74.0,468.0,6.324324324324325,0.0,0.0,7.0,109.0,49.0,5.497832170634727,4.1923076923076925,4.1923076923076925,26.0,1.0,11.0,0.145174205673301,0.0,0.0,1.0,0.0,0.0,1.0,0.0,0.0,0.983845762258659,1.0,14.0,0.4730510107688807,5.0,57.0,0.3002222889892602,0.0,27.0,0.4999662835371003
1696.0,19,103.0,1.4507042253521127,6.5555211926971735,71.0,487.0,6.859154929577465,19.0,0.2676056338028169,10.0,133.0,24.0,5.121579560791719,4.586206896551724,4.586206896551724,29.0,0.0,0.0,0.7470975515215619,0.0,0.0,1.0,0.0,3.0,0.930478919194053,0.0,0.0,1.0,6.0,52.0,0.2910898366335452,4.0,50.0,0.3809641355125313,0.0,28.0,0.082190556789599
1704.0,14,92.0,1.295774647887324,6.942614097369554,71.0,518.0,7.295774647887324,31.0,0.4366197183098591,10.0,202.0,69.0,6.107851242394006,5.611111111111111,5.611111111111111,36.0,3.0,14.0,0.3479579362137516,0.0,0.0,1.0,0.0,10.0,0.9415205416465549,0.0,0.0,1.0,0.0,41.0,0.4872578361799363,4.0,88.0,0.4508456914161711,3.0,49.0,0.220216182409776
1712.0,16,91.0,1.2638888888888888,6.535673821554554,72.0,622.0,8.63888888888889,104.0,1.4444444444444444,10.0,189.0,0.0,5.791849907676,5.5588235294117645,5.5588235294117645,34.0,6.0,54.0,0.1308812254517659,1.0,4.0,0.6357987223540079,0.0,12.0,0.6649810344838162,0.0,0.0,0.9545972307101972,1.0,42.0,0.3731148889017914,2.0,61.0,0.4664234340018264,0.0,16.0,0.363576148584794
1720.0,10,58.0,0.8923076923076924,6.499340226303356,65.0,578.0,8.892307692307693,0.0,0.0,9.0,231.0,42.0,4.553902105801422,7.9655172413793105,7.9655172413793105,29.0,0.0,30.0,0.0865503847439546,0.0,3.0,0.9570394695321732,0.0,0.0,0.9759737984341016,0.0,0.0,1.0,7.0,85.0,0.0529665960929758,2.0,64.0,0.1102589468027495,0.0,49.0,0.6706740464041483
1728.0,7,38.0,0.6229508196721312,6.85303822644395,61.0,545.0,8.934426229508198,0.0,0.0,6.0,160.0,0.0,3.5551106435416107,10.666666666666666,10.666666666666666,15.0,0.0,1.0,0.0734117192215324,1.0,3.0,0.463884574955996,0.0,0.0,1.0,0.0,0.0,1.0,0.0,26.0,0.283897023868757,2.0,66.0,0.379534443732244,3.0,64.0,0.0948083862869702
1736.0,11,86.0,1.5925925925925926,7.3107130127410205,54.0,495.0,9.166666666666666,0.0,0.0,9.0,181.0,21.0,6.5522506839272605,7.869565217391305,7.869565217391305,23.0,2.0,9.0,0.1062123642870682,1.0,11.0,0.6381719079479905,0.0,3.0,0.9689740597186086,0.0,0.0,1.0,2.0,36.0,0.376490940835024,2.0,93.0,0.6374893995377673,2.0,29.0,0.0761600729649449
1744.0,6,72.0,1.309090909090909,8.003304632991904,55.0,459.0,8.345454545454546,0.0,0.0,4.0,131.0,0.0,6.397521146089217,7.705882352941177,7.705882352941177,17.0,1.0,16.0,0.0,0.0,0.0,0.9547254549336024,1.0,1.0,0.4438903943152427,0.0,0.0,0.9276927558386724,0.0,0.0,1.0,2.0,101.0,0.3190942054788242,0.0,13.0,0.357951318117261
1752.0,7,98.0,1.9215686274509804,8.485646461497751,51.0,340.0,6.666666666666667,0.0,0.0,6.0,158.0,27.0,5.082088399819608,7.9,7.9,20.0,1.0,27.0,0.3173008823555124,0.0,0.0,0.9203664630995044,1.0,12.0,0.0899385106029297,1.0,2.0,0.447479127914685,0.0,0.0,0.9139486025739,2.0,117.0,0.5589301262457778,1.0,0.0,0.1629958637703942
1760.0,11,143.0,2.6481481481481484,6.959956473334733,54.0,322.0,5.962962962962963,0.0,0.0,9.0,202.0,44.0,5.233059035956141,7.214285714285714,7.214285714285714,28.0,1.0,32.0,0.1897469972614143,0.0,0.0,0.5633144099878753,0.0,6.0,0.4984706989939657,3.0,17.0,0.0001969722784442,2.0,6.0,0.2204086067777127,3.0,141.0,0.2933213988022949,0.0,0.0,0.7812273691108533
1768.0,15,194.0,3.803921568627451,6.606397237863811,51.0,365.0,7.15686274509804,43.0,0.8431372549019608,14.0,242.0,40.0,3.359686192156996,10.083333333333334,10.083333333333334,24.0,0.0,0.0,0.6307436622432442,0.0,0.0,0.4889164319390651,2.0,17.0,0.2911580199013578,3.0,41.0,0.0,4.0,31.0,0.1737757941005419,2.0,143.0,0.3124112212846601,3.0,10.0,0.1849146712787611
1776.0,13,264.0,5.176470588235294,7.471022331049421,51.0,439.0,8.607843137254902,74.0,1.4509803921568627,13.0,310.0,68.0,4.3419733898574,11.923076923076923,11.923076923076923,26.0,0.0,0.0,0.7907394580950812,1.0,3.0,0.4554097203918911,1.0,3.0,0.0,3.0,65.0,0.1232368140601416,4.0,66.0,0.3154274600958187,2.0,160.0,0.4352026198260442,2.0,13.0,0.121189978212172
1784.0,5,44.0,0.9166666666666666,8.937591673878435,48.0,462.0,9.625,23.0,0.4791666666666667,3.0,63.0,0.0,7.616778458251201,2.863636363636364,2.863636363636364,22.0,0.0,0.0,0.8913412402077855,1.0,12.0,0.608434379567431,0.0,0.0,1.0,1.0,34.0,0.0,0.0,0.0,1.0,1.0,17.0,0.4681418645373382,0.0,0.0,0.365806658834059
1792.0,7,32.0,0.7272727272727273,8.218280354690542,44.0,463.0,10.522727272727272,1.0,0.0227272727272727,5.0,63.0,0.0,6.7921836846483465,3.7058823529411766,3.7058823529411766,17.0,0.0,0.0,1.0,5.0,36.0,0.0850340119737495,0.0,2.0,0.9903900495129758,0.0,0.0,1.0,0.0,2.0,0.748857898826304,0.0,16.0,0.6892764647629278,0.0,7.0,0.8958669147290683
1800.0,7,21.0,0.5121951219512195,8.138869027741844,41.0,492.0,12.0,29.0,0.7073170731707317,7.0,53.0,0.0,6.145712478597485,3.117647058823529,3.117647058823529,17.0,0.0,4.0,0.6505625560885756,0.0,3.0,0.0265406153870577,0.0,0.0,1.0,0.0,0.0,1.0,0.0,9.0,0.9448881912289654,6.0,30.0,0.0972758071885536,1.0,7.0,0.0001654776112802
1808.0,3,21.0,0.4883720930232558,8.922213480451479,43.0,445.0,10.348837209302326,0.0,0.0,3.0,34.0,0.0,7.167365362336274,2.833333333333333,2.833333333333333,12.0,1.0,2.0,0.0890074331500565,1.0,11.0,0.1426579147052466,0.0,3.0,0.913815777264262,0.0,0.0,0.9280705142043432,0.0,3.0,0.8451977435135982,0.0,0.0,0.932786817244339,1.0,15.0,0.0
1816.0,6,10.0,0.238095238095238,9.089046959943394,42.0,419.0,9.976190476190476,0.0,0.0,3.0,41.0,7.0,9.000446784699939,2.7333333333333334,2.7333333333333334,15.0,1.0,6.0,0.024187701803214,0.0,0.0,1.0,1.0,17.0,0.7319232485038182,1.0,6.0,0.0,0.0,6.0,0.8161644958437989,0.0,0.0,1.0,0.0,6.0,0.9071977549963872
1824.0,7,37.0,0.8809523809523809,8.513699859823802,42.0,276.0,6.571428571428571,0.0,0.0,5.0,41.0,0.0,5.584593250588847,4.555555555555555,4.555555555555555,9.0,2.0,21.0,0.0,0.0,0.0,1.0,0.0,0.0,1.0,2.0,16.0,0.4602991955999393,1.0,4.0,0.4868452950233258,0.0,0.0,1.0,0.0,0.0,0.7329236759155773
1832.0,7,56.0,1.2173913043478262,7.519468601334936,46.0,289.0,6.282608695652174,13.0,0.2826086956521739,7.0,61.0,20.0,5.484049181358658,3.388888888888889,3.388888888888889,18.0,2.0,37.0,0.0,0.0,0.0,1.0,0.0,1.0,0.9301290222212052,2.0,5.0,0.0015399163087061,1.0,12.0,0.708819210517909,0.0,0.0,0.6351624064668634,2.0,6.0,0.018983031467442
1840.0,8,86.0,1.6226415094339623,8.144722314712373,53.0,292.0,5.509433962264151,3.0,0.0566037735849056,6.0,95.0,34.0,6.839067717491818,5.277777777777778,5.277777777777778,18.0,2.0,53.0,0.30437154555297,0.0,4.0,0.9540529692960464,1.0,1.0,0.3681257965646687,0.0,0.0,0.9750612133637256,1.0,20.0,0.6232637670793209,1.0,4.0,0.0,1.0,13.0,0.1769040862464578
1848.0,10,123.0,2.2363636363636363,8.210192574955306,55.0,303.0,5.509090909090909,11.0,0.2,8.0,132.0,37.0,6.136072046157326,5.5,5.5,24.0,3.0,70.0,0.2254879521863236,1.0,1.0,0.3819379779864169,0.0,0.0,0.7877536012159041,2.0,8.0,0.2646266532446973,1.0,31.0,0.712558048776555,0.0,2.0,0.928869636245161,1.0,20.0,0.3822450821723042
1856.0,11,84.0,1.3770491803278688,6.713132784045623,61.0,343.0,5.622950819672131,40.0,0.6557377049180327,11.0,94.0,0.0,4.21851254209707,3.9166666666666665,3.9166666666666665,24.0,0.0,0.0,0.908410503900468,0.0,3.0,0.2374834596436613,0.0,0.0,1.0,5.0,41.0,1.5102327203989732e-05,3.0,17.0,0.4152909067944534,2.0,5.0,0.3397595143666229,1.0,28.0,0.3001571213206156
1864.0,10,53.0,0.7571428571428571,7.519112802578869,70.0,403.0,5.757142857142857,60.0,0.8571428571428571,7.0,59.0,0.0,4.020430620126834,3.2777777777777777,3.2777777777777777,18.0,2.0,5.0,0.0007158614405086,1.0,8.0,0.5687984761324727,0.0,0.0,1.0,2.0,34.0,0.0945450100183257,0.0,3.0,0.4951040209232776,1.0,7.0,0.3081077825869286,1.0,2.0,0.0058982204600757
1872.0,8,31.0,0.4428571428571428,8.477891862886711,70.0,392.0,5.6,0.0,0.0,7.0,54.0,0.0,5.709975242252038,1.9285714285714288,1.9285714285714288,28.0,0.0,3.0,0.707370646023135,2.0,5.0,0.4603288358326087,0.0,0.0,1.0,0.0,7.0,0.1691070144151523,0.0,11.0,0.8602708481820881,3.0,11.0,0.1663975144658965,2.0,17.0,0.0
1880.0,13,59.0,0.9076923076923076,7.642249634469375,65.0,336.0,5.1692307692307695,0.0,0.0,11.0,68.0,14.0,4.9552838630438565,2.72,2.72,25.0,1.0,4.0,0.1924158447481544,2.0,6.0,0.3240913444918422,0.0,0.0,0.9282754500357472,1.0,3.0,0.4908814137826024,0.0,9.0,0.8186645757268234,7.0,46.0,0.0778881057723586,0.0,0.0,1.0
1888.0,14,121.0,1.8333333333333333,6.923288107458288,66.0,386.0,5.848484848484849,50.0,0.7575757575757576,14.0,139.0,71.0,3.1895120483643544,4.633333333333334,4.633333333333334,30.0,0.0,0.0,0.6162177491315136,1.0,1.0,0.0059302546305509,0.0,3.0,0.5806819249217176,2.0,4.0,0.0835166734061969,4.0,24.0,0.2565852185990127,7.0,107.0,0.0097577605477368,0.0,0.0,1.0
1896.0,2,3.0,0.0491803278688524,8.180405366825303,61.0,373.0,6.114754098360656,0.0,0.0,2.0,79.0,0.0,6.967800098918345,3.4347826086956523,3.4347826086956523,23.0,1.0,5.0,0.0593943223056188,1.0,7.0,0.5516510163201404,0.0,6.0,0.807193859160769,0.0,4.0,0.3422591327770168,0.0,21.0,0.5428510409455026,0.0,36.0,0.4739200392547743,0.0,0.0,1.0
1904.0,11,40.0,0.6153846153846154,8.163298426838734,65.0,419.0,6.446153846153846,46.0,0.7076923076923077,11.0,124.0,45.0,6.249689021546158,3.5428571428571427,3.5428571428571427,35.0,0.0,0.0,0.2985943642886129,3.0,18.0,0.3273155413069883,0.0,3.0,0.5643491454377177,0.0,0.0,0.8610854932708757,4.0,45.0,0.5024846942384283,4.0,55.0,0.3317878721732655,0.0,3.0,0.6141088863135009
1912.0,5,16.0,0.2352941176470588,8.067987334420328,68.0,465.0,6.838235294117647,46.0,0.6764705882352942,4.0,60.0,0.0,7.028289518003708,2.3076923076923075,2.3076923076923075,26.0,2.0,12.0,0.3313281134118239,0.0,0.0,0.988159936287326,0.0,3.0,0.6087647478804509,1.0,5.0,0.47983341411901,0.0,33.0,0.4111142184021514,0.0,6.0,0.6915898989169836,1.0,1.0,0.4859152981493025
1920.0,16,62.0,0.8732394366197183,7.932077630424058,71.0,459.0,6.464788732394366,0.0,0.0,12.0,123.0,63.0,6.87240419487799,3.727272727272727,3.727272727272727,33.0,2.0,4.0,0.435557010960061,1.0,13.0,0.6487707742307054,1.0,4.0,4.822219052786783e-05,1.0,18.0,0.7068885969474399,5.0,57.0,0.3907780502556401,1.0,18.0,0.6110256467140286,1.0,9.0,0.4869655534595187
1928.0,11,48.0,0.6575342465753424,8.461380450466496,73.0,467.0,6.397260273972603,8.0,0.1095890410958904,8.0,81.0,0.0,8.07697861242517,2.53125,2.53125,32.0,1.0,2.0,0.4991955004541247,0.0,3.0,0.784238160858738,1.0,13.0,0.6713526499349025,4.0,16.0,0.2085136303818202,1.0,38.0,0.5317506226472041,0.0,6.0,0.7744719376581051,1.0,3.0,0.6753579346211266
1936.0,12,77.0,1.0845070422535212,7.574053333191133,71.0,436.0,6.140845070422535,0.0,0.0,7.0,66.0,0.0,6.133987276227452,1.7837837837837838,1.7837837837837838,37.0,0.0,0.0,0.0790393880816317,1.0,8.0,0.1619419176462309,1.0,2.0,0.0154418012113427,2.0,15.0,0.2646941194106579,1.0,27.0,0.6339478712289105,2.0,11.0,0.6014058249846531,0.0,3.0,0.8971087611255004
1944.0,14,136.0,1.9428571428571428,7.23731745928741,70.0,463.0,6.614285714285714,27.0,0.3857142857142857,10.0,102.0,36.0,4.975665751604259,3.5172413793103448,3.5172413793103448,29.0,1.0,6.0,0.0334420380326001,1.0,6.0,0.4697339001388046,0.0,3.0,0.971610889013196,6.0,47.0,0.1604779892261273,1.0,34.0,0.5826047351877922,1.0,6.0,0.3937733804171605,0.0,0.0,0.726116907630391
1952.0,16,171.0,2.3424657534246576,8.442802401780733,73.0,556.0,7.616438356164384,93.0,1.273972602739726,11.0,123.0,21.0,7.473959485481634,3.6176470588235294,3.6176470588235294,34.0,0.0,0.0,1.0,1.0,15.0,0.4581223838888966,1.0,4.0,0.777734762861079,2.0,23.0,0.2064169684507573,1.0,47.0,0.8167872128795908,4.0,24.0,0.1659148020547563,2.0,10.0,0.6323844142491352
1960.0,11,194.0,2.425,7.989700034038577,80.0,645.0,8.0625,89.0,1.1125,7.0,144.0,21.0,5.536791728576453,4.965517241379311,4.965517241379311,29.0,0.0,0.0,0.793070330494225,0.0,0.0,1.0,1.0,19.0,0.7104654421391555,3.0,36.0,0.3606560236847527,3.0,61.0,0.2527652950267015,0.0,28.0,0.479217021130862,0.0,0.0,0.3166223799432461
1968.0,15,263.0,3.6527777777777777,7.144343020958663,72.0,595.0,8.26388888888889,0.0,0.0,9.0,160.0,16.0,4.438056108423724,6.153846153846154,6.153846153846154,26.0,2.0,6.0,0.4183324646787993,0.0,0.0,1.0,1.0,18.0,0.0,3.0,53.0,0.1379455218191555,2.0,77.0,0.4760192818901323,1.0,6.0,0.1839269950733219,0.0,0.0,1.0
1976.0,15,293.0,4.373134328358209,7.318019532963022,67.0,573.0,8.552238805970148,0.0,0.0,12.0,197.0,37.0,5.566434324224617,5.96969696969697,5.96969696969697,33.0,1.0,6.0,0.5156879279979265,0.0,0.0,0.0270690476477113,1.0,26.0,0.0,7.0,67.0,0.1730006461955342,1.0,73.0,0.7921172103621225,2.0,25.0,0.6370954962141882,0.0,0.0,1.0
1984.0,15,298.0,4.73015873015873,6.516581838579403,63.0,671.0,10.65079365079365,98.0,1.5555555555555556,12.0,203.0,6.0,2.849524545941421,7.518518518518518,7.518518518518518,27.0,3.0,21.0,5.092023049367048e-05,2.0,10.0,0.1611080752616608,0.0,0.0,1.0,3.0,71.0,0.138218708613682,4.0,98.0,0.0061372653290058,0.0,0.0,0.6043337732783124,0.0,3.0,0.9130172867036512
1992.0,12,307.0,5.203389830508475,6.438325443202159,59.0,747.0,12.66101694915254,76.0,1.2881355932203389,9.0,207.0,4.0,4.830396821348258,6.46875,6.46875,32.0,0.0,8.0,0.0286025574529256,1.0,11.0,0.4169338806662195,0.0,0.0,1.0,7.0,72.0,0.0729846883869956,1.0,107.0,0.1025186513127254,0.0,3.0,0.850638527665786,0.0,6.0,0.9155556978104114
2000.0,19,394.0,6.354838709677419,5.920891319278018,62.0,832.0,13.419354838709678,85.0,1.3709677419354838,15.0,230.0,23.0,3.918919448337984,7.931034482758621,7.931034482758621,29.0,2.0,4.0,0.0008327371151747,0.0,0.0,0.3375945880576861,0.0,0.0,0.9784619376050128,7.0,108.0,2.7768161929319253e-05,1.0,91.0,0.4212634474143875,0.0,7.0,0.6989755756364164,5.0,20.0,0.112170839382772
2008.0,8,341.0,5.014705882352941,7.4685904125202365,68.0,875.0,12.867647058823527,43.0,0.6323529411764706,2.0,155.0,0.0,7.593283776290046,6.458333333333333,6.458333333333333,24.0,0.0,4.0,0.971087161426244,0.0,6.0,0.9298360801641032,0.0,0.0,1.0,0.0,28.0,0.4689395123012569,1.0,96.0,0.4473783594752101,1.0,7.0,0.5675419887153295,0.0,14.0,0.3787975483213699
2016.0,14,54.0,0.782608695652174,7.211682480925408,69.0,829.0,12.014492753623188,0.0,0.0,11.0,173.0,18.0,5.430392886828746,5.766666666666667,5.766666666666667,30.0,1.0,3.0,0.1511814324769297,0.0,0.0,0.7179818361590794,0.0,10.0,0.8536990541769003,2.0,6.0,0.0242459660806435,0.0,96.0,0.7162172415950749,5.0,34.0,0.3294709765390118,3.0,24.0,6.961041094925568e-05
2024.0,7,22.0,0.3142857142857143,7.223936047229977,70.0,867.0,12.385714285714286,38.0,0.5428571428571428,6.0,232.0,59.0,5.934918051559772,7.733333333333333,7.733333333333333,30.0,1.0,7.0,0.4540013241402537,2.0,9.0,0.4319751548629406,0.0,5.0,0.795462521034313,1.0,15.0,0.2200417614167941,2.0,174.0,0.5872375678655442,0.0,22.0,0.2500575542287753,0.0,0.0,1.0
2032.0,10,33.0,0.4230769230769231,7.112926600305252,78.0,876.0,11.23076923076923,9.0,0.1153846153846153,8.0,76.0,0.0,5.512045795717722,2.0,2.0,38.0,1.0,15.0,0.4009013438903738,0.0,1.0,0.2590840813972944,0.0,0.0,0.460445891831257,3.0,20.0,0.00934157933856,2.0,21.0,0.2911903078442034,2.0,5.0,0.1794393261755905,0.0,14.0,0.8672479285339736
2040.0,14,47.0,0.5465116279069767,6.900760548751559,86.0,877.0,10.19767441860465,1.0,0.0116279069767441,11.0,113.0,37.0,4.808621552757537,3.323529411764706,3.323529411764706,34.0,4.0,17.0,0.0394459368051329,2.0,9.0,0.4648087988196451,0.0,6.0,0.807590792023221,2.0,10.0,0.039066527914421,3.0,64.0,0.2734716340309625,0.0,7.0,0.2734363702195637,0.0,0.0,0.662754504746591
2048.0,15,69.0,0.7752808988764045,6.602091862274389,89.0,864.0,9.707865168539326,0.0,0.0,13.0,147.0,34.0,4.223400245468383,3.769230769230769,3.769230769230769,39.0,0.0,17.0,0.0629647562121215,2.0,25.0,0.0,1.0,13.0,0.6600144953426111,2.0,14.0,0.0823384650107056,5.0,61.0,0.2877447478378625,0.0,7.0,0.6673976653697474,3.0,10.0,0.02805550544646
2056.0,14,85.0,0.9550561797752808,7.375637929747362,89.0,963.0,10.820224719101123,99.0,1.1123595505617978,11.0,144.0,0.0,4.929920828270975,4.0,4.0,36.0,0.0,7.0,0.4688529458021568,0.0,0.0,1.0,0.0,0.0,0.7069381675354496,6.0,53.0,0.2562932319928658,1.0,43.0,0.5279350174856003,2.0,16.0,0.4194804948650739,2.0,25.0,0.003772936284151
2064.0,17,134.0,1.5227272727272727,7.097931225520186,88.0,1053.0,11.965909090909092,90.0,1.0227272727272727,13.0,167.0,23.0,5.195249264156182,4.513513513513513,4.513513513513513,37.0,3.0,13.0,0.2154873429683131,0.0,8.0,0.646043688233014,0.0,7.0,0.6287317871303046,8.0,100.0,0.0263978059409417,1.0,13.0,0.4617070320212572,1.0,26.0,0.6986087221814798,0.0,0.0,1.0
2072.0,18,225.0,2.586206896551724,7.728145941829433,87.0,1117.0,12.839080459770114,64.0,0.735632183908046,13.0,226.0,59.0,6.752219520262463,5.136363636363637,5.136363636363637,44.0,3.0,20.0,0.2676394560628758,0.0,5.0,0.8315524883531938,0.0,0.0,1.0,8.0,147.0,0.1780735308579501,1.0,26.0,0.6812649316140997,1.0,22.0,0.6924339776814192,0.0,6.0,0.7753957710587859
2080.0,13,122.0,1.4698795180722892,7.362477403298153,83.0,1195.0,14.397590361445785,78.0,0.9397590361445785,12.0,177.0,0.0,4.33720709581342,4.538461538461538,4.538461538461538,39.0,1.0,23.0,0.0699425848512372,1.0,4.0,0.3393391520135352,0.0,0.0,1.0,5.0,82.0,0.134995173047212,3.0,38.0,0.1186310919812012,2.0,30.0,0.5382702390743899,0.0,0.0,0.8010386235669839
2088.0,16,180.0,2.4324324324324325,7.325345813658384,74.0,1035.0,13.986486486486486,0.0,0.0,12.0,214.0,37.0,4.618427837642818,5.783783783783784,5.783783783783784,37.0,1.0,16.0,0.0044108542026082,3.0,19.0,0.1444230763818857,0.0,3.0,0.5010759543408791,5.0,120.0,0.029385700284328,1.0,20.0,0.409716997389327,2.0,36.0,0.4580024278997285,0.0,0.0,0.9017645383908944
2096.0,18,213.0,3.0428571428571427,6.023364736957457,70.0,1023.0,14.614285714285714,0.0,0.0,17.0,267.0,53.0,3.939064484303423,7.852941176470588,7.852941176470588,34.0,0.0,0.0,1.0,0.0,5.0,0.70526519680925,0.0,0.0,1.0,8.0,186.0,0.060757341157974,5.0,53.0,0.312104519083045,1.0,15.0,0.5961599180311253,3.0,8.0,0.2267850203030494
2104.0,18,276.0,3.631578947368421,7.125581504139653,76.0,1124.0,14.789473684210526,101.0,1.3289473684210529,12.0,320.0,53.0,4.635261510336082,10.666666666666666,10.666666666666666,30.0,1.0,1.0,0.005563877780386,0.0,1.0,0.7040004404927352,0.0,0.0,1.0,10.0,254.0,0.2198846736925414,1.0,49.0,0.3151315609919693,0.0,7.0,0.5745587239847476,0.0,8.0,0.4596624052108744
2112.0,11,161.0,2.2054794520547945,8.68823207607934,73.0,1089.0,14.917808219178085,0.0,0.0,6.0,164.0,0.0,8.480196533730206,5.857142857142857,5.857142857142857,28.0,0.0,0.0,0.92888495379915,0.0,5.0,0.9341518942120898,0.0,9.0,0.8705182047375075,6.0,120.0,0.0471539717942144,0.0,20.0,0.7631426557650708,0.0,10.0,0.8214249118952203,0.0,0.0,0.9782879488172476
2120.0,17,219.0,3.2686567164179103,6.8635128750904,67.0,886.0,13.223880597014926,0.0,0.0,15.0,205.0,41.0,4.4978376566573255,5.54054054054054,5.54054054054054,37.0,2.0,5.0,0.2999916045333078,1.0,1.0,0.0009319747950159,0.0,9.0,0.6994130265544479,6.0,160.0,0.0870899007239515,2.0,18.0,0.457252452013505,4.0,12.0,0.2096783368891497,0.0,0.0,1.0
2128.0,15,228.0,3.4545454545454546,6.290932048375877,66.0,810.0,12.272727272727272,0.0,0.0,9.0,185.0,0.0,4.5376914912792445,8.043478260869565,8.043478260869565,23.0,0.0,0.0,1.0,0.0,0.0,0.9815520272210378,2.0,5.0,0.2498852690258332,4.0,149.0,1.780400165216769e-05,1.0,19.0,0.3255412153646014,2.0,9.0,0.4364381173352135,0.0,3.0,0.7364903571611842
2136.0,10,268.0,4.123076923076923,9.20186576339052,65.0,855.0,13.153846153846152,45.0,0.6923076923076923,5.0,221.0,36.0,9.672199217583811,8.185185185185185,8.185185185185185,27.0,0.0,0.0,1.0,0.0,3.0,0.957957173639657,0.0,3.0,0.9211352366603808,3.0,168.0,0.0,1.0,23.0,0.7369051569019556,1.0,16.0,0.7549100184138651,0.0,8.0,0.7917194920051659
2144.0,13,264.0,4.0,7.50131773351936,66.0,915.0,13.863636363636363,60.0,0.9090909090909092,10.0,262.0,41.0,6.704475961916341,7.9393939393939394,7.9393939393939394,33.0,0.0,0.0,0.7047738096687464,3.0,13.0,0.0835763417850547,1.0,7.0,0.0,3.0,192.0,0.2321127083182592,2.0,32.0,0.4893022839953541,1.0,14.0,0.621270030803972,0.0,4.0,0.8198320470417261
2152.0,9,40.0,0.6557377049180327,7.590542991183653,61.0,804.0,13.18032786885246,0.0,0.0,8.0,266.0,4.0,6.749415613616258,8.06060606060606,8.06060606060606,33.0,3.0,14.0,0.227897548004382,0.0,7.0,0.5891939338503183,0.0,0.0,0.9403686272850804,1.0,67.0,0.1274023880231402,3.0,150.0,0.1865799017753629,1.0,25.0,0.7607013928262298,0.0,3.0,0.9022452876129984
2160.0,9,73.0,1.2166666666666666,8.430162705388616,60.0,770.0,12.833333333333334,0.0,0.0,6.0,197.0,0.0,7.84064933119171,7.88,7.88,25.0,0.0,0.0,1.0,2.0,13.0,0.4766993203464933,0.0,0.0,0.9045378677190816,2.0,19.0,0.0,1.0,133.0,0.3079986039721575,1.0,32.0,0.6032194166245998,0.0,0.0,0.9132476495561184
2168.0,9,34.0,0.6415094339622641,8.476680906875714,53.0,698.0,13.169811320754716,0.0,0.0,7.0,170.0,0.0,7.731210597831462,5.666666666666667,5.666666666666667,30.0,0.0,0.0,0.9145382173633292,0.0,9.0,0.9114644270619564,0.0,7.0,0.912754791206081,0.0,0.0,1.0,3.0,139.0,0.2215540515985923,1.0,9.0,0.6437100484863542,3.0,6.0,0.4385357589716681
2176.0,9,51.0,1.0,8.07846681529314,51.0,743.0,14.568627450980392,45.0,0.8823529411764706,9.0,120.0,0.0,6.31054735062037,4.137931034482759,4.137931034482759,29.0,1.0,4.0,9.40642392375311e-05,2.0,26.0,0.4752607444779704,0.0,8.0,0.6985087903770569,0.0,5.0,0.9297859939237716,0.0,27.0,0.4463260374260694,0.0,7.0,0.6337794688474284,6.0,43.0,0.2288288358520466
2184.0,2,1.0,0.0188679245283018,8.201402843964814,53.0,694.0,13.09433962264151,0.0,0.0,1.0,28.0,0.0,8.949527452560371,1.2173913043478262,1.2173913043478262,23.0,0.0,0.0,0.039997825031994,0.0,0.0,1.0,0.0,3.0,0.8688000868883379,0.0,0.0,1.0,0.0,3.0,0.9603466815830928,0.0,7.0,0.7688501962958643,1.0,15.0,0.54797989925134
2192.0,2,10.0,0.2,9.785559789371533,50.0,528.0,10.56,0.0,0.0,2.0,10.0,0.0,7.975645700598562,0.6666666666666666,0.6666666666666666,15.0,0.0,0.0,0.2394329178244253,0.0,0.0,0.9071407081044304,0.0,0.0,0.3271279795783834,0.0,0.0,0.9453210576370156,0.0,0.0,0.979334137633694,1.0,1.0,0.4545459042894957,1.0,9.0,0.5382420841001578
2200.0,4,9.0,0.2368421052631578,7.8543007363826,38.0,361.0,9.5,0.0,0.0,4.0,23.0,13.0,6.516473815798746,1.0454545454545454,1.0454545454545454,22.0,0.0,0.0,1.0,0.0,3.0,0.4999592817657508,0.0,6.0,0.9698542768024444,0.0,0.0,1.0,1.0,4.0,0.5645769611073073,1.0,3.0,0.3583410255285802,2.0,7.0,0.3704387580622528
2208.0,6,25.0,0.5681818181818182,8.609896383891671,44.0,387.0,8.795454545454545,26.0,0.5909090909090909,5.0,45.0,22.0,7.809539494617116,2.0454545454545454,2.0454545454545454,22.0,0.0,0.0,0.9447406596243324,0.0,0.0,0.9882435956588114,0.0,11.0,0.9530220790727548,0.0,0.0,0.9211780336399088,1.0,8.0,0.6820709898405534,4.0,26.0,0.3428484626534631,0.0,0.0,0.7791697098184984
2216.0,11,81.0,1.975609756097561,6.427094681171171,41.0,159.0,3.8780487804878048,0.0,0.0,10.0,90.0,45.0,4.372961958633128,4.090909090909091,4.090909090909091,22.0,0.0,0.0,0.4041569852186414,2.0,7.0,0.1537848388221276,0.0,0.0,1.0,0.0,0.0,1.0,1.0,8.0,0.4878042009745358,7.0,75.0,0.267459630374746,0.0,0.0,1.0
2224.0,8,129.0,3.4864864864864864,6.334841259320935,37.0,217.0,5.864864864864865,58.0,1.5675675675675675,8.0,145.0,55.0,4.069892469035953,8.055555555555555,8.055555555555555,18.0,0.0,0.0,1.0,0.0,2.0,0.2428577093944511,0.0,3.0,0.978026065122752,0.0,0.0,1.0,1.0,9.0,0.1301709512249843,7.0,131.0,0.3183489975124535,0.0,0.0,1.0
2232.0,2,3.0,0.0769230769230769,8.955556857237912,39.0,236.0,6.051282051282051,19.0,0.4871794871794871,0.0,30.0,0.0,9.441861931955774,6.0,6.0,5.0,0.0,0.0,0.925489872007788,0.0,0.0,0.9320622168797644,0.0,0.0,1.0,0.0,0.0,1.0,0.0,1.0,0.5359852849124287,0.0,26.0,0.3331254270311963,0.0,3.0,0.7694275080536004
2240.0,4,5.0,0.1351351351351351,8.234228352953815,37.0,220.0,5.945945945945946,0.0,0.0,2.0,35.0,5.0,8.23637656543528,1.8421052631578947,1.8421052631578947,19.0,1.0,9.0,0.2661610025669201,1.0,3.0,8.914793157989048e-05,0.0,3.0,0.9136311002299424,0.0,0.0,0.9105231455640784,0.0,10.0,0.7975312514185002,0.0,0.0,0.8822204881937844,0.0,10.0,0.7801437497066055
2248.0,5,7.0,0.1944444444444444,7.49582637025051,36.0,229.0,6.361111111111111,9.0,0.25,3.0,18.0,0.0,7.473231735190455,1.6363636363636365,1.6363636363636365,11.0,1.0,2.0,0.4748559679064428,0.0,0.0,1.0,0.0,0.0,0.932884374266342,1.0,4.0,2.228938600677241e-05,1.0,12.0,0.484461458491457,0.0,0.0,0.7524018195745131,0.0,0.0,1.0
2256.0,0,0.0,0.0,9.466417213133328,37.0,153.0,4.135135135135135,0.0,0.0,0.0,3.0,0.0,7.480441741318837,0.2307692307692307,0.2307692307692307,13.0,0.0,0.0,1.0,0.0,0.0,0.5055097999826101,0.0,3.0,0.9489244597616416,0.0,0.0,1.0,0.0,0.0,0.5342250041589075,0.0,0.0,0.4238552185952043,0.0,0.0,0.831771580749691
2264.0,5,25.0,0.5952380952380952,8.256535689562071,42.0,167.0,3.976190476190476,14.0,0.3333333333333333,5.0,34.0,31.0,6.620130138505253,1.619047619047619,1.619047619047619,21.0,0.0,0.0,0.9238011147765656,3.0,23.0,0.1963535245694754,0.0,0.0,0.5687491933558724,0.0,0.0,1.0,0.0,0.0,0.8291085363770145,2.0,11.0,0.3331478876957228,0.0,0.0,1.0
2272.0,6,36.0,0.75,7.470436286854192,48.0,123.0,2.5625,0.0,0.0,5.0,39.0,5.0,5.770478298420172,2.1666666666666665,2.1666666666666665,18.0,0.0,0.0,1.0,2.0,25.0,0.0943636929178879,1.0,2.0,0.3161939390053235,0.0,0.0,1.0,0.0,0.0,0.7327738480675019,0.0,0.0,0.7933512226043403,2.0,12.0,0.2781322237457789
2280.0,4,9.0,0.1764705882352941,9.04252785445527,51.0,156.0,3.0588235294117645,33.0,0.6470588235294118,2.0,21.0,0.0,9.16149639769402,0.9545454545454546,0.9545454545454546,22.0,0.0,0.0,0.6661893276008183,1.0,3.0,0.2595934955459103,1.0,8.0,0.1829412859269416,0.0,0.0,0.3869534270306146,0.0,7.0,0.8781157054826179,0.0,0.0,0.7635309157622793,0.0,3.0,0.830573816172428
2288.0,6,32.0,0.5614035087719298,9.364885225182324,57.0,183.0,3.210526315789474,27.0,0.4736842105263157,5.0,39.0,18.0,8.890041023252225,1.6956521739130437,1.6956521739130437,23.0,2.0,8.0,0.2942890713589217,1.0,4.0,0.3487896644741327,1.0,17.0,0.6312155203886914,1.0,6.0,0.6240010785655903,0.0,3.0,0.9806164175152944,0.0,1.0,0.84907242747426,0.0,0.0,0.9121152686182604
2296.0,9,63.0,1.105263157894737,7.712337332132563,57.0,214.0,3.754385964912281,31.0,0.543859649122807,6.0,78.0,39.0,6.124269554697759,2.888888888888889,2.888888888888889,27.0,1.0,14.0,0.0942409933345072,3.0,20.0,0.00854923377393,1.0,24.0,0.3666670177015563,1.0,14.0,0.0555408937208164,0.0,6.0,0.9333045943090208,0.0,0.0,0.6293135486396753,0.0,0.0,0.4208294491405929
2304.0,5,51.0,0.8947368421052632,8.92442614176884,57.0,240.0,4.2105263157894735,26.0,0.4561403508771929,5.0,75.0,0.0,7.456658550512369,3.125,3.125,24.0,2.0,20.0,0.1490581751198737,0.0,19.0,0.585510826351122,1.0,32.0,0.4587718721277914,0.0,0.0,0.8713232609051532,0.0,0.0,0.8816953505700386,2.0,4.0,0.4915796121177394,0.0,0.0,0.5688950976191768
2312.0,10,59.0,0.9833333333333332,7.782614232600371,60.0,250.0,4.166666666666667,10.0,0.1666666666666666,9.0,73.0,0.0,5.085570529111196,3.4761904761904763,3.4761904761904763,21.0,2.0,5.0,0.000470008211969,2.0,17.0,0.4502192437123861,1.0,37.0,0.4782779963983714,1.0,5.0,0.3510565636717203,0.0,0.0,0.725247772418357,1.0,0.0,0.0,2.0,9.0,0.371567162193144
2320.0,6,19.0,0.3015873015873015,9.05491936537405,63.0,294.0,4.666666666666667,44.0,0.6984126984126984,5.0,41.0,0.0,8.081502048619079,1.64,1.64,25.0,1.0,7.0,0.4745650228033699,0.0,4.0,0.8460733198388438,1.0,3.0,0.1201210776801937,1.0,6.0,0.0,0.0,6.0,0.9465690590931208,0.0,1.0,0.7655323781385226,2.0,14.0,0.4917705725212887
2328.0,7,16.0,0.2461538461538461,8.083255418613303,65.0,296.0,4.553846153846154,2.0,0.0307692307692307,7.0,43.0,2.0,5.246995079433899,1.72,1.72,25.0,2.0,13.0,0.2489952153550619,0.0,3.0,0.0305963843357565,0.0,0.0,0.468273936081192,0.0,0.0,0.9447931275394064,0.0,0.0,0.7337356122221659,2.0,9.0,0.3480823438012822,3.0,18.0,0.0931300414147737
2336.0,2,6.0,0.0895522388059701,8.885838538910223,67.0,305.0,4.552238805970149,9.0,0.1343283582089552,2.0,22.0,0.0,7.865220363309168,1.1,1.1,20.0,0.0,0.0,0.4622561274710128,0.0,7.0,0.9495703191687324,0.0,0.0,0.5421005652776629,1.0,2.0,0.0010606901981593,0.0,3.0,0.5820401359437521,0.0,1.0,0.6273086082240994,1.0,9.0,0.1797698013612226
2344.0,11,39.0,0.609375,7.861181203973311,64.0,278.0,4.34375,0.0,0.0,10.0,63.0,41.0,6.034397322286077,1.9090909090909087,1.9090909090909087,33.0,2.0,11.0,0.3065778777228879,0.0,3.0,0.9612310173593488,1.0,3.0,0.4769420478917116,0.0,0.0,1.0,0.0,6.0,0.8865671995548627,3.0,22.0,0.309599736029879,4.0,18.0,0.1141095943536558
2352.0,2,2.0,0.0317460317460317,8.313917487768396,63.0,287.0,4.555555555555555,9.0,0.1428571428571428,1.0,29.0,0.0,7.678090739321158,1.45,1.45,20.0,0.0,8.0,0.2280808371275325,0.0,0.0,1.0,1.0,7.0,0.6949605825057019,0.0,0.0,0.9821542595446486,0.0,3.0,0.8928902689275761,0.0,2.0,0.3339070950017467,0.0,9.0,0.4399674883919783
2360.0,3,18.0,0.28125,9.75177976518009,64.0,262.0,4.09375,0.0,0.0,3.0,49.0,20.0,9.13831886321806,1.6896551724137931,1.6896551724137931,29.0,1.0,10.0,0.0840106295877411,0.0,3.0,0.9536567624442904,1.0,20.0,0.6087513090765028,0.0,0.0,1.0,0.0,6.0,0.9074805956780068,1.0,7.0,0.6103445563948753,0.0,3.0,0.8773791053626476
2368.0,12,41.0,0.6721311475409836,7.793021518779348,61.0,253.0,4.147540983606557,0.0,0.0,10.0,67.0,18.0,6.3011225843374215,2.310344827586207,2.310344827586207,29.0,1.0,16.0,0.0,0.0,5.0,0.9116238844042058,3.0,21.0,0.3513954641006282,0.0,0.0,0.8893392964812429,0.0,4.0,0.7728863833593254,5.0,18.0,0.2043602266937113,1.0,3.0,0.4587675431573758
2376.0,3,36.0,0.5714285714285714,8.769833004757606,63.0,285.0,4.523809523809524,32.0,0.5079365079365079,2.0,71.0,4.0,7.901333224955806,3.55,3.55,20.0,1.0,24.0,0.0,0.0,1.0,0.9292489473339856,0.0,20.0,0.3364863065255153,0.0,0.0,1.0,0.0,1.0,0.8630610338035727,0.0,14.0,0.542924788178499,1.0,11.0,0.4573732546253735
2384.0,9,16.0,0.2424242424242424,9.227068090391866,66.0,287.0,4.348484848484849,2.0,0.0303030303030303,6.0,45.0,0.0,8.324544441687689,1.4516129032258065,1.4516129032258065,31.0,0.0,0.0,0.7844622622663222,2.0,11.0,0.3798351076370098,1.0,13.0,0.2844109784540328,0.0,0.0,1.0,0.0,16.0,0.8786570397835376,1.0,0.0,0.497009013220623,2.0,5.0,0.2520632958761384
2392.0,6,10.0,0.1492537313432835,8.977322358179004,67.0,288.0,4.298507462686567,1.0,0.0149253731343283,3.0,27.0,0.0,8.822875862140204,0.9642857142857144,0.9642857142857144,28.0,1.0,3.0,0.000456971190034,1.0,3.0,0.5665671944546619,0.0,5.0,0.6236539765147092,0.0,0.0,0.935581759056411,1.0,10.0,0.8141859729171226,0.0,3.0,0.6301218478628023,0.0,3.0,0.2688276576189538
2400.0,13,34.0,0.4857142857142857,7.854485408082322,70.0,286.0,4.085714285714285,0.0,0.0,9.0,46.0,19.0,5.606497087241156,1.5333333333333334,1.5333333333333334,30.0,0.0,0.0,0.907646990211462,3.0,8.0,0.2807162453743885,0.0,0.0,0.6716495776741962,0.0,0.0,0.9485250509080574,0.0,0.0,0.5476118174061297,0.0,10.0,0.4399080977826949,6.0,28.0,0.0765517933367513
2408.0,22,112.0,1.5135135135135136,6.588706744758801,74.0,298.0,4.027027027027027,12.0,0.1621621621621621,19.0,133.0,87.0,4.112972622908333,3.5945945945945947,3.5945945945945947,37.0,2.0,6.0,0.0003814483450818,3.0,10.0,0.3924364914554889,0.0,6.0,0.5202744334816317,3.0,9.0,0.0015798951618962,1.0,4.0,0.5668845823928653,1.0,4.0,0.367199273341469,9.0,94.0,0.1403303589750592
2416.0,8,51.0,0.7183098591549296,7.363678050380806,71.0,390.0,5.492957746478873,92.0,1.295774647887324,6.0,100.0,0.0,5.185045550480344,3.8461538461538463,3.8461538461538463,26.0,0.0,0.0,1.0,2.0,17.0,0.0823381752753613,1.0,7.0,0.5014440316538008,0.0,0.0,1.0,2.0,22.0,0.6166990887628464,0.0,2.0,0.2565319887853038,1.0,52.0,0.259206088456394
2424.0,7,65.0,0.9848484848484848,8.94572499210234,66.0,369.0,5.590909090909091,0.0,0.0,5.0,100.0,0.0,6.474997995243254,3.571428571428572,3.571428571428572,28.0,0.0,0.0,0.7214627794968932,1.0,18.0,0.049356115140209,1.0,2.0,0.1557752120872094,0.0,0.0,0.7882337571387925,1.0,26.0,0.6777148300840049,0.0,14.0,0.5828361899346548,2.0,40.0,0.1927105570346827
2432.0,10,117.0,1.9180327868852456,7.94410921893664,61.0,400.0,6.557377049180328,31.0,0.5081967213114754,10.0,144.0,44.0,4.244005236934651,6.545454545454546,6.545454545454546,22.0,1.0,5.0,0.1242487981561435,1.0,18.0,0.4760411422530179,3.0,14.0,0.0863884824368971,1.0,6.0,0.0,1.0,28.0,0.6676866424793606,1.0,19.0,0.367407472239811,2.0,54.0,0.0
2440.0,11,141.0,2.389830508474576,8.373540175115922,59.0,385.0,6.52542372881356,0.0,0.0,9.0,176.0,32.0,8.000650907445626,5.333333333333333,5.333333333333333,33.0,2.0,19.0,0.0,1.0,26.0,0.6282407834348852,1.0,18.0,0.5117684967428575,1.0,14.0,0.4871589352125324,0.0,14.0,0.8851520670625284,2.0,15.0,0.330094096668701,2.0,70.0,0.4484414387113458
2448.0,8,55.0,0.9322033898305084,8.65379007564099,59.0,440.0,7.4576271186440675,55.0,0.9322033898305084,6.0,75.0,0.0,8.202247436478011,2.7777777777777777,2.7777777777777777,27.0,0.0,0.0,1.0,0.0,3.0,0.9664496444065132,1.0,21.0,0.3168165375461038,1.0,2.0,0.5125165161726067,0.0,11.0,0.81485593156379,3.0,37.0,0.3203593597381504,1.0,1.0,0.4687992575501353
2456.0,11,53.0,0.8548387096774194,7.576529193826291,62.0,383.0,6.17741935483871,0.0,0.0,9.0,63.0,0.0,4.989132580837305,2.625,2.625,24.0,0.0,0.0,1.0,1.0,3.0,3.10412146933887e-05,1.0,26.0,0.0,3.0,15.0,0.3126218794831883,0.0,6.0,0.701792992690229,2.0,6.0,0.3765857057229924,2.0,7.0,0.0441828632775555
2464.0,1,1.0,0.0144927536231884,8.956732875553701,69.0,381.0,5.521739130434782,0.0,0.0,1.0,27.0,0.0,7.516412824198237,1.173913043478261,1.173913043478261,23.0,0.0,0.0,0.4061171506532823,0.0,8.0,0.779162207877929,0.0,0.0,0.9241809300083924,0.0,1.0,0.2622956270420203,0.0,8.0,0.755827733361467,1.0,4.0,0.3862131697370699,0.0,6.0,0.6454290999636502
2472.0,15,56.0,0.7466666666666667,6.901773000435853,75.0,390.0,5.2,9.0,0.12,13.0,92.0,65.0,3.963497924893336,3.066666666666667,3.066666666666667,30.0,3.0,15.0,0.000402626223862,2.0,17.0,0.1801603262463813,0.0,0.0,1.0,0.0,0.0,0.209018606997604,3.0,21.0,0.5219806990244312,2.0,14.0,0.2230487881826081,3.0,25.0,0.2671472291529876
2480.0,8,38.0,0.4810126582278481,7.884975920881671,79.0,404.0,5.113924050632911,14.0,0.1772151898734177,4.0,30.0,0.0,6.40866535145974,1.3043478260869563,1.3043478260869563,23.0,1.0,1.0,0.1789309376663522,1.0,6.0,0.3176812941021958,1.0,1.0,0.4757972382508393,1.0,8.0,0.4853374994404034,0.0,3.0,0.5723833592379799,0.0,4.0,0.5951281876422103,0.0,7.0,0.5379197680252363
2488.0,14,107.0,1.2738095238095235,8.955369741885097,84.0,411.0,4.892857142857143,7.0,0.0833333333333333,9.0,64.0,34.0,7.686318480426991,2.2857142857142856,2.2857142857142856,28.0,1.0,11.0,0.1611998323672855,4.0,23.0,0.0007743943939417,1.0,0.0,0.6093109358205026,1.0,16.0,0.6057302474760796,0.0,10.0,0.9208176563420916,1.0,4.0,0.6996541254770144,1.0,0.0,0.0
2496.0,9,55.0,0.6962025316455697,7.97880918142674,79.0,404.0,5.113924050632911,0.0,0.0,8.0,116.0,52.0,6.882516977899743,3.2222222222222223,3.2222222222222223,36.0,0.0,0.0,0.9613960020738496,1.0,23.0,0.5946658303832929,1.0,7.0,0.636330228767337,2.0,25.0,0.0187771910006295,3.0,50.0,0.4099797157583267,1.0,11.0,0.6123696802809596,0.0,0.0,0.8891552333661004
2504.0,16,52.0,0.6842105263157895,6.7405120688149625,76.0,416.0,5.473684210526316,12.0,0.1578947368421052,13.0,147.0,31.0,4.513765157052594,3.8684210526315783,3.8684210526315783,38.0,2.0,4.0,0.4794759467621468,2.0,20.0,0.0006360778439026,1.0,7.0,1.0568445583446448e-05,1.0,1.0,0.2020902194011065,1.0,94.0,0.3361198253234084,4.0,14.0,0.3186076868211865,2.0,7.0,0.415244521056602
2512.0,12,60.0,0.8450704225352113,8.035448256757807,71.0,454.0,6.394366197183099,38.0,0.5352112676056338,6.0,68.0,0.0,7.127606147148879,2.4285714285714284,2.4285714285714284,28.0,1.0,5.0,0.2086934501676807,0.0,3.0,0.9560683190324416,0.0,0.0,0.1062997390199366,1.0,12.0,0.4629140595672364,1.0,18.0,0.6429424455495848,0.0,6.0,0.8987389798837355,3.0,24.0,0.1915423692211959
2520.0,9,95.0,1.3380281690140845,9.323436936099398,71.0,497.0,7.0,43.0,0.6056338028169014,4.0,58.0,0.0,7.90136872330578,1.9333333333333331,1.9333333333333331,30.0,0.0,0.0,1.0,0.0,3.0,0.6675026869224924,1.0,0.0,0.3785870683490472,1.0,8.0,0.4336564179854462,1.0,31.0,0.7567477187193077,1.0,10.0,0.5422324672481912,0.0,6.0,0.5401743714216116
2528.0,19,80.0,1.1267605633802815,7.1753747066619615,71.0,520.0,7.323943661971831,23.0,0.323943661971831,16.0,119.0,61.0,4.571223007657755,3.5,3.5,34.0,0.0,0.0,1.0,3.0,12.0,0.108487597236593,0.0,8.0,0.7467633566064642,3.0,11.0,0.0001588609595005,3.0,39.0,0.2135731683809444,7.0,49.0,0.1765395939258877,0.0,0.0,0.7784283491246827
2536.0,14,69.0,1.0,6.665250006589712,69.0,605.0,8.768115942028986,85.0,1.2318840579710144,12.0,160.0,41.0,4.205964683300726,5.0,5.0,32.0,0.0,0.0,0.8873229134237411,4.0,44.0,0.1546703930988406,2.0,15.0,0.5120692141670394,1.0,5.0,0.0059022259085313,2.0,64.0,0.1134900739612607,2.0,27.0,0.2275028899779984,1.0,5.0,0.2718161098702579
2544.0,17,75.0,1.0,6.6459411508912805,75.0,717.0,9.56,112.0,1.4933333333333334,13.0,150.0,0.0,4.6851540912572265,4.838709677419355,4.838709677419355,31.0,0.0,0.0,1.0,0.0,3.0,0.9364663033075212,6.0,49.0,0.1159340754844162,0.0,10.0,0.2045134460917221,1.0,25.0,0.6546064092437845,6.0,47.0,0.0414509243689055,0.0,16.0,0.7120600586012932
2552.0,14,40.0,0.4938271604938271,7.844577924947468,81.0,772.0,9.530864197530864,55.0,0.6790123456790124,10.0,136.0,0.0,5.421250880671514,5.913043478260869,5.913043478260869,23.0,0.0,0.0,0.8946369790665405,0.0,0.0,0.9167344443868454,0.0,10.0,0.1667646180890497,0.0,4.0,0.7188998824602102,2.0,71.0,0.5915346604123816,0.0,3.0,0.698434795201566,8.0,48.0,0.1130142244432984
2560.0,9,96.0,1.1162790697674418,9.228589653032294,86.0,784.0,9.116279069767442,12.0,0.1395348837209302,7.0,190.0,54.0,8.59317565344953,5.428571428571429,5.428571428571429,35.0,1.0,4.0,0.4764235670323302,0.0,0.0,0.8860678061097849,0.0,15.0,0.8453901393007953,0.0,0.0,0.8902417499098082,2.0,93.0,0.6851242091272987,0.0,0.0,0.9187004983113276,4.0,78.0,0.2377166240562222
2568.0,10,93.0,1.0689655172413792,8.611490996794599,87.0,795.0,9.137931034482758,11.0,0.1264367816091954,7.0,158.0,0.0,6.476011955482468,5.266666666666667,5.266666666666667,30.0,0.0,0.0,0.9826838217462316,1.0,14.0,0.5521035673240948,2.0,11.0,0.5485287640847567,1.0,4.0,0.4794087056983578,2.0,96.0,0.4446994516200064,1.0,16.0,0.333988729916314,0.0,17.0,0.2478282003148247
2576.0,18,88.0,1.1,6.800603362705099,80.0,630.0,7.875,0.0,0.0,15.0,108.0,0.0,4.006711564448766,3.0,3.0,36.0,0.0,0.0,0.958152136963944,4.0,33.0,0.1729482465072828,2.0,15.0,0.290014606668269,1.0,9.0,0.2683481689126826,4.0,16.0,0.3185373325852719,4.0,35.0,0.2473014708155773,0.0,0.0,1.0
2584.0,8,66.0,0.825,7.872955886082543,80.0,692.0,8.65,62.0,0.775,8.0,127.0,19.0,5.797103942217666,4.535714285714286,4.535714285714286,28.0,0.0,0.0,0.9887234790456264,1.0,5.0,0.5819138753162172,1.0,5.0,0.4460013370799618,0.0,55.0,0.7756550396169919,6.0,54.0,0.0888599388573471,0.0,8.0,0.3002653334939442,0.0,0.0,0.595105198576521
2592.0,8,27.0,0.3375,8.858386064112112,80.0,698.0,8.725,6.0,0.075,7.0,103.0,0.0,5.002518226184621,3.121212121212121,3.121212121212121,33.0,0.0,0.0,0.5320137833075824,3.0,7.0,0.1713650347245419,1.0,12.0,0.0117512949671591,1.0,34.0,0.2941607367606887,0.0,41.0,0.4830263971043296,1.0,8.0,0.3539151545740287,1.0,1.0,0.498903345812704
2600.0,11,45.0,0.6,8.552441495263427,75.0,656.0,8.746666666666666,0.0,0.0,9.0,80.0,0.0,6.700249132343076,2.1621621621621623,2.1621621621621623,37.0,3.0,21.0,0.1221530732374562,0.0,6.0,0.8322003779813377,0.0,3.0,0.8893733282289911,5.0,25.0,0.0656841902238053,0.0,9.0,0.6136479018458295,0.0,7.0,0.8847309733388002,1.0,9.0,0.2252943101355614
2608.0,6,30.0,0.3846153846153846,9.290771541823702,78.0,713.0,9.14102564102564,57.0,0.7307692307692307,5.0,55.0,0.0,6.908316566166197,1.9642857142857144,1.9642857142857144,28.0,1.0,14.0,0.1748293135556695,1.0,1.0,0.4521448514395149,1.0,7.0,0.0069475177755419,2.0,24.0,0.402063333833803,0.0,6.0,0.5794516450182227,0.0,0.0,0.7888736358438332,0.0,3.0,0.7143561634147513
2616.0,10,73.0,0.8488372093023255,9.703382015754432,86.0,748.0,8.69767441860465,35.0,0.4069767441860465,9.0,96.0,41.0,7.955639076795578,2.742857142857143,2.742857142857143,35.0,1.0,22.0,0.5888539127716311,0.0,0.0,0.5078572709174278,1.0,9.0,0.6344954305044583,4.0,48.0,0.1976867353249588,0.0,8.0,0.7029067852185675,1.0,0.0,0.7083289059612249,2.0,9.0,0.6960254706540971
2624.0,17,92.0,1.057471264367816,7.317109888968003,87.0,745.0,8.563218390804598,0.0,0.0,17.0,122.0,26.0,3.662980489514964,2.9047619047619047,2.9047619047619047,42.0,2.0,29.0,0.1621303126036697,0.0,1.0,0.4799346734124078,1.0,17.0,0.4313558843069687,6.0,40.0,0.0811455876114826,3.0,21.0,0.3897349677881448,1.0,5.0,0.003775274036252,4.0,9.0,0.149671625495872
2632.0,13,118.0,1.4390243902439024,7.821985838229975,82.0,756.0,9.21951219512195,11.0,0.1341463414634146,10.0,157.0,35.0,4.968986367923688,4.90625,4.90625,32.0,1.0,35.0,0.0928905809804558,0.0,3.0,0.965414863638725,1.0,14.0,0.2630478883783039,4.0,61.0,0.1043814141741616,1.0,12.0,0.4288838251757617,3.0,28.0,0.3548698938428576,0.0,4.0,0.4820503805115015
2640.0,13,125.0,1.5625,8.521965807871007,80.0,710.0,8.875,0.0,0.0,11.0,173.0,16.0,6.2962348988540064,5.965517241379311,5.965517241379311,29.0,1.0,4.0,0.4509144774650436,0.0,0.0,0.9845975800692048,3.0,28.0,0.5162506763737307,5.0,95.0,0.0005696018675065,1.0,15.0,0.3895908490487019,1.0,31.0,0.5670852107919138,0.0,0.0,0.7518072440646749
2648.0,19,166.0,1.8651685393258424,7.415198909793425,89.0,761.0,8.55056179775281,51.0,0.5730337078651685,16.0,242.0,69.0,5.02554832291628,5.761904761904762,5.761904761904762,42.0,0.0,0.0,0.9533185379494412,0.0,7.0,0.8918616762821102,1.0,27.0,0.4354488196898864,7.0,153.0,0.1833123985379226,0.0,7.0,0.7793070295863643,8.0,48.0,0.0906626117882429,0.0,0.0,1.0
2656.0,13,54.0,0.6506024096385542,7.468289952926348,83.0,783.0,9.433734939759036,22.0,0.2650602409638554,9.0,119.0,0.0,5.273214249663279,3.966666666666667,3.966666666666667,30.0,0.0,0.0,0.7461176154789365,1.0,10.0,0.2387338241266932,4.0,37.0,0.2301534646196606,4.0,43.0,0.0651920097171757,0.0,6.0,0.7401055478673034,0.0,20.0,0.5726028931812637,0.0,3.0,0.7664959836506268
2664.0,13,63.0,0.7159090909090909,8.150188708321334,88.0,879.0,9.988636363636363,96.0,1.0909090909090908,10.0,149.0,30.0,6.862497591067514,4.515151515151516,4.515151515151516,33.0,1.0,3.0,0.4941454041072116,1.0,19.0,0.3702575075563992,4.0,55.0,0.2850410370722606,1.0,38.0,0.1763225243295023,2.0,21.0,0.7500117970228929,1.0,7.0,0.3012177466477703,0.0,6.0,0.6406774223548848
2672.0,19,124.0,1.4588235294117646,6.850516441206922,85.0,881.0,10.364705882352942,2.0,0.0235294117647058,17.0,220.0,71.0,3.955758838724963,6.111111111111111,6.111111111111111,36.0,0.0,0.0,0.0148371596166506,3.0,36.0,0.5216583208467668,4.0,84.0,0.3217072633478056,1.0,24.0,0.0,6.0,58.0,0.2263507177010036,3.0,18.0,0.1954457933374732,0.0,0.0,1.0
2680.0,17,120.0,1.4634146341463414,6.411418674662199,82.0,928.0,11.317073170731708,47.0,0.573170731707317,13.0,223.0,3.0,3.881147435288444,6.5588235294117645,6.5588235294117645,34.0,2.0,16.0,0.2985004030943233,2.0,42.0,0.4811039988980573,1.0,23.0,0.1565480610417373,1.0,35.0,0.1468416850369918,7.0,94.0,0.1709720551709179,0.0,13.0,0.293455208471806,0.0,0.0,0.945693441123075
2688.0,13,90.0,1.0843373493975903,7.357275386323173,83.0,1013.0,12.204819277108436,85.0,1.0240963855421688,7.0,183.0,0.0,5.602299540482039,7.32,7.32,25.0,0.0,0.0,0.6319367606170045,0.0,0.0,0.5745189368751771,1.0,25.0,0.1412226803536133,1.0,44.0,0.4439378503400715,2.0,81.0,0.4087942701326665,3.0,33.0,0.2696771097124007,0.0,0.0,1.0
2696.0,17,149.0,2.0135135135135136,7.213486302221196,74.0,844.0,11.405405405405403,0.0,0.0,13.0,206.0,23.0,4.464923982392786,8.956521739130435,8.956521739130435,23.0,1.0,11.0,0.6079284236411563,1.0,15.0,0.6502963319217916,0.0,0.0,0.9451337347824882,2.0,52.0,1.1102236803507213e-05,5.0,64.0,0.0147606613514736,4.0,64.0,0.1890399825490591,0.0,0.0,1.0
2704.0,13,63.0,0.8513513513513513,7.312516118156056,74.0,871.0,11.77027027027027,27.0,0.3648648648648648,8.0,167.0,0.0,6.773656379513018,5.566666666666666,5.566666666666666,30.0,2.0,11.0,0.0974494537020624,0.0,6.0,0.933410949180616,1.0,8.0,0.6299110796108658,1.0,16.0,0.6292862325482868,2.0,59.0,0.3577717743425198,1.0,66.0,0.4469069449023704,1.0,1.0,0.4517201977814579
2712.0,22,96.0,1.2307692307692308,6.723371049806112,78.0,966.0,12.384615384615383,95.0,1.2179487179487178,17.0,220.0,53.0,4.753106568694696,5.945945945945946,5.945945945945946,37.0,2.0,16.0,0.4614028874213516,3.0,12.0,0.1845146996859992,2.0,11.0,0.5739498941961149,1.0,7.0,0.0055405630025369,2.0,62.0,0.4755508260784081,7.0,112.0,0.2920128459548235,0.0,0.0,0.3113109781806491
2720.0,11,73.0,0.948051948051948,7.059918355360497,77.0,958.0,12.441558441558442,0.0,0.0,6.0,154.0,0.0,5.407868872834513,6.416666666666667,6.416666666666667,24.0,3.0,35.0,0.2498409940336835,2.0,19.0,0.1217139255365671,0.0,5.0,0.5413497337092068,0.0,0.0,0.9634938338212576,1.0,14.0,0.4333252470887207,0.0,81.0,0.4589027311237368,0.0,0.0,0.7919747018112117
2728.0,9,71.0,0.9594594594594594,8.287265313420594,74.0,803.0,10.85135135135135,0.0,0.0,7.0,156.0,2.0,7.735513324263819,5.379310344827586,5.379310344827586,29.0,3.0,59.0,0.2796508830528778,0.0,4.0,0.7701659521414667,1.0,3.0,0.4875225692884182,0.0,4.0,0.9324709839536052,2.0,76.0,0.5815386573708434,1.0,10.0,0.4614133485342593,0.0,0.0,0.8719439983498335
2736.0,13,71.0,0.9726027397260274,7.4697868960140275,73.0,712.0,9.753424657534246,0.0,0.0,7.0,145.0,0.0,7.174004950683531,4.142857142857143,4.142857142857143,35.0,1.0,25.0,0.3101621252191422,0.0,11.0,0.8934493844124705,1.0,5.0,0.3200395760133917,0.0,0.0,0.8037790785630113,2.0,87.0,0.4842013097488916,2.0,16.0,0.5855768658556475,1.0,1.0,0.0048887892362617
2744.0,13,105.0,1.2962962962962965,7.229510386060248,81.0,762.0,9.407407407407408,50.0,0.6172839506172839,7.0,60.0,0.0,5.026165959775211,1.935483870967742,1.935483870967742,31.0,0.0,1.0,0.0466682998865389,1.0,9.0,0.2038647956890716,1.0,3.0,0.2611163523623691,0.0,3.0,0.275442340476798,3.0,18.0,0.3659736560290074,2.0,26.0,0.3106870420161753,0.0,0.0,0.895925271774134
2752.0,16,107.0,1.289156626506024,6.122915851774523,83.0,787.0,9.481927710843374,25.0,0.3012048192771084,11.0,161.0,101.0,4.7059297074892905,3.744186046511628,3.744186046511628,43.0,0.0,0.0,0.5583207851405528,1.0,17.0,0.4214358207151856,0.0,3.0,0.5237387359941953,1.0,10.0,0.3252199538955395,5.0,80.0,0.2702705930304874,4.0,51.0,0.2817023765008775,0.0,0.0,0.7431085550893662
2760.0,20,199.0,2.2111111111111112,6.189954032433159,90.0,877.0,9.744444444444444,90.0,1.0,12.0,221.0,60.0,4.46197134166012,4.804347826086956,4.804347826086956,46.0,2.0,11.0,0.0001696601508229,0.0,7.0,0.847844943080412,1.0,11.0,0.495134137863456,0.0,2.0,0.3632898769423139,5.0,107.0,0.1086497524152518,4.0,83.0,0.4579559734173474,0.0,0.0,0.777808775340918
2768.0,24,262.0,2.847826086956522,5.857276376306436,92.0,895.0,9.728260869565217,18.0,0.1956521739130435,17.0,293.0,72.0,3.147606623948965,6.976190476190476,6.976190476190476,42.0,1.0,11.0,0.0,2.0,16.0,0.3551471081542776,2.0,8.0,0.4868572663604541,2.0,12.0,0.0090722112646821,5.0,126.0,0.2374718363106426,5.0,120.0,0.1783968695879182,0.0,0.0,1.0
2776.0,12,162.0,1.8,6.725256868349863,90.0,813.0,9.033333333333331,0.0,0.0,7.0,249.0,0.0,3.79896529769504,6.916666666666667,6.916666666666667,36.0,0.0,0.0,0.8251407853787659,0.0,0.0,0.1939807575063513,2.0,21.0,0.0,0.0,12.0,0.3342261449608258,2.0,129.0,0.2971097994540886,3.0,87.0,0.2038448038523762,0.0,0.0,1.0
2784.0,16,166.0,1.930232558139535,7.135129421252226,86.0,807.0,9.383720930232558,0.0,0.0,13.0,130.0,0.0,4.830345897784914,3.0232558139534884,3.0232558139534884,43.0,2.0,6.0,0.3776857545710322,1.0,12.0,0.6384084046902635,0.0,4.0,0.77587293416963,1.0,2.0,0.2972552997875049,5.0,43.0,0.2704540313125892,4.0,63.0,0.3776090711692523,0.0,0.0,1.0
2792.0,22,178.0,2.1707317073170733,5.792827679189895,82.0,929.0,11.329268292682928,122.0,1.4878048780487805,22.0,323.0,193.0,3.121033815175751,6.729166666666667,6.729166666666667,48.0,1.0,6.0,0.3383242427357566,1.0,18.0,0.348563663658195,0.0,1.0,0.9761421938477058,4.0,21.0,0.0001589837561773,10.0,190.0,0.1989609493636576,6.0,87.0,0.1934936466317924,0.0,0.0,0.0091180395430489
2800.0,20,133.0,1.6419753086419753,6.061408753920509,81.0,1109.0,13.691358024691358,180.0,2.2222222222222223,17.0,320.0,0.0,2.155077004398871,9.696969696969695,9.696969696969695,33.0,3.0,21.0,2.424930823748883e-06,1.0,23.0,0.4776056415228745,1.0,6.0,0.4791498744993198,1.0,20.0,0.180416554575064,11.0,227.0,0.0472598814235712,0.0,23.0,0.5129611005381159,0.0,0.0,1.0
2808.0,15,148.0,1.85,6.669699657643568,80.0,1093.0,13.6625,0.0,0.0,13.0,421.0,101.0,4.513865370315735,9.790697674418604,9.790697674418604,43.0,3.0,45.0,0.0,1.0,41.0,0.6015515895109308,0.0,0.0,1.0,0.0,6.0,0.9238850532011276,8.0,304.0,0.0795274417785741,1.0,15.0,0.5715429213891261,0.0,10.0,0.9118903972764963
2816.0,11,151.0,1.7976190476190477,6.727817633661128,84.0,1066.0,12.69047619047619,0.0,0.0,7.0,380.0,0.0,4.104596954865581,11.875,11.875,32.0,0.0,16.0,0.059307424844064,1.0,39.0,0.0,0.0,4.0,0.9537318580969828,2.0,14.0,4.928035687046193e-05,2.0,281.0,0.1351998513918601,2.0,26.0,0.523384047543045,0.0,0.0,0.9131968784839548
2824.0,17,218.0,2.5348837209302326,6.308861979148241,86.0,1049.0,12.19767441860465,0.0,0.0,12.0,373.0,0.0,4.5806012489075085,8.880952380952381,8.880952380952381,42.0,0.0,0.0,1.0,1.0,50.0,0.4766237924364647,0.0,0.0,0.6193942284751139,3.0,33.0,0.1169685977295914,7.0,280.0,0.1762652175118086,1.0,10.0,0.5059889195721423,0.0,0.0,0.9425851172669668
2832.0,22,247.0,3.0121951219512195,6.004321748973491,82.0,1129.0,13.768292682926829,80.0,0.975609756097561,19.0,431.0,58.0,4.389122226103247,8.450980392156863,8.450980392156863,51.0,0.0,0.0,0.6764443503916717,0.0,5.0,0.7047547844673301,0.0,5.0,0.8107095276596521,6.0,73.0,0.0245053408784711,9.0,318.0,0.2012794504255818,4.0,30.0,0.3576296921966637,0.0,0.0,1.0
2840.0,20,289.0,3.705128205128205,5.848909007786825,78.0,1123.0,14.397435897435898,0.0,0.0,14.0,458.0,27.0,4.646668538829271,10.651162790697674,10.651162790697674,43.0,2.0,10.0,0.0,2.0,5.0,0.3048121401623527,0.0,3.0,0.6304368351843155,2.0,81.0,0.2946902480942528,8.0,342.0,0.1811725673413166,0.0,11.0,0.6067588968526544,0.0,6.0,0.7772245867728839
2848.0,18,392.0,5.090909090909091,6.723085368281848,77.0,1158.0,15.03896103896104,35.0,0.4545454545454545,14.0,497.0,39.0,4.401405148179729,12.425,12.425,40.0,2.0,26.0,0.4451835388205169,0.0,0.0,1.0,1.0,0.0,0.0,2.0,82.0,0.205253962415371,8.0,376.0,0.1216153571924892,1.0,5.0,0.4774478260386838,0.0,8.0,0.7090474153354043
2856.0,14,369.0,4.986486486486487,6.668833565009429,74.0,1136.0,15.35135135135135,0.0,0.0,7.0,460.0,0.0,3.951788867115048,15.862068965517242,15.862068965517242,29.0,0.0,4.0,0.0469594963661125,0.0,0.0,0.8248822183942395,0.0,0.0,0.9526570902911676,2.0,94.0,0.2043226622430146,3.0,343.0,0.2161905549621235,1.0,16.0,0.5072478843783838,1.0,3.0,0.267081408132262
2864.0,16,318.0,4.676470588235294,6.60117381393686,68.0,1105.0,16.25,0.0,0.0,12.0,378.0,0.0,4.836184262350463,12.193548387096774,12.193548387096774,31.0,1.0,5.0,0.4885316300947254,1.0,3.0,0.0516168111954912,1.0,8.0,0.6301434718642116,0.0,0.0,0.6371507845282545,6.0,324.0,0.1606946533520495,2.0,29.0,0.617831458867084,1.0,9.0,0.0
2872.0,22,404.0,5.534246575342466,5.923112880026621,73.0,1246.0,17.068493150684933,141.0,1.9315068493150684,17.0,432.0,54.0,4.2550337283954525,12.0,12.0,36.0,1.0,4.0,0.5062766707719077,1.0,10.0,0.3527344392403739,2.0,15.0,0.255820851056251,0.0,0.0,0.056706222249299,11.0,372.0,0.1041242865637833,1.0,14.0,0.5565315988974117,1.0,17.0,0.0
2880.0,11,221.0,2.833333333333333,6.070516406298355,78.0,1354.0,17.358974358974358,108.0,1.3846153846153846,9.0,367.0,0.0,3.3167314661263854,11.12121212121212,11.12121212121212,33.0,1.0,5.0,0.3007759012960383,1.0,13.0,0.0084947001510908,0.0,0.0,1.0,0.0,0.0,1.0,6.0,310.0,0.1167688560599828,0.0,14.0,0.4579036578075925,1.0,25.0,0.4896831636321512
2888.0,11,44.0,0.5714285714285714,7.613082948456836,77.0,1431.0,18.584415584415584,77.0,1.0,9.0,471.0,104.0,5.81900317709988,12.72972972972973,12.72972972972973,37.0,3.0,24.0,0.2884992926838443,1.0,3.0,0.0009993109095406,0.0,0.0,1.0,0.0,3.0,0.4352367659428808,5.0,430.0,0.1114826986572751,0.0,3.0,0.8779638462738477,0.0,8.0,0.8279000949489834
2896.0,17,100.0,1.4285714285714286,6.629713662176691,70.0,1349.0,19.27142857142857,0.0,0.0,14.0,520.0,49.0,4.736554876800408,13.68421052631579,13.68421052631579,38.0,5.0,32.0,0.0001202728620601,0.0,8.0,0.7823104923365338,1.0,1.0,0.4609996959153858,2.0,13.0,0.0031784426884389,5.0,455.0,0.1053498958855358,1.0,11.0,0.761487189207987,0.0,0.0,0.3136797399967786
2904.0,15,132.0,2.0625,7.077115472682859,64.0,1284.0,20.0625,0.0,0.0,11.0,515.0,0.0,5.629053985226116,18.392857142857142,18.392857142857142,28.0,3.0,45.0,0.0,0.0,5.0,0.5058801176215733,1.0,7.0,0.6681192953359997,1.0,7.0,0.0,5.0,450.0,0.1572697603943998,0.0,0.0,0.8744256363462805,1.0,1.0,0.6357087335951745
2912.0,16,82.0,1.2424242424242424,6.259603663961241,66.0,1222.0,18.51515151515152,0.0,0.0,14.0,235.0,0.0,4.037077610296814,7.833333333333333,7.833333333333333,30.0,0.0,19.0,0.28659132628417,1.0,9.0,3.605262821116294e-05,1.0,6.0,0.3458064345539093,0.0,0.0,0.6260112500214771,6.0,177.0,0.222261601778314,5.0,15.0,0.0684391924327574,1.0,9.0,0.6780769061080575
2920.0,15,98.0,1.462686567164179,7.031275042338869,67.0,1239.0,18.49253731343284,17.0,0.2537313432835821,15.0,316.0,81.0,3.470391005541542,10.89655172413793,10.89655172413793,29.0,3.0,37.0,0.337403356486514,0.0,0.0,1.0,2.0,13.0,0.0011281564484701,1.0,13.0,0.4133573851121592,5.0,240.0,0.1492785254584607,1.0,1.0,0.2842156899332242,3.0,12.0,0.3663463884440202
2928.0,12,84.0,1.5,6.221215578070363,56.0,1182.0,21.107142857142858,0.0,0.0,10.0,232.0,0.0,5.283129224069218,7.483870967741935,7.483870967741935,31.0,0.0,12.0,0.2216491132714023,0.0,0.0,1.0,0.0,6.0,0.9348062119792944,4.0,37.0,9.45088441960564e-06,1.0,127.0,0.5600489446950234,2.0,14.0,0.5086445010219104,3.0,36.0,0.2261418220672668
2936.0,8,71.0,1.2456140350877194,8.041371345369306,57.0,1170.0,20.526315789473685,0.0,0.0,4.0,156.0,0.0,7.972823683863538,9.176470588235292,9.176470588235292,17.0,0.0,0.0,0.2189984933587453,0.0,0.0,1.0,1.0,10.0,0.348808764127486,0.0,0.0,0.9146157732003912,1.0,104.0,0.6701925142042265,2.0,34.0,0.6752677497144254,0.0,8.0,0.2449885733714436
2944.0,7,48.0,0.9056603773584906,7.50296064146352,53.0,982.0,18.52830188679245,0.0,0.0,4.0,138.0,0.0,6.177906377623212,9.857142857142858,9.857142857142858,14.0,0.0,0.0,1.0,1.0,7.0,0.4687021486358325,0.0,0.0,1.0,0.0,0.0,0.8818003412147342,1.0,108.0,0.3456760500008475,2.0,23.0,0.3842736503317426,0.0,0.0,1.0
2952.0,11,86.0,1.5925925925925926,7.480557901585229,54.0,981.0,18.166666666666668,0.0,0.0,6.0,173.0,35.0,6.5472085180940685,8.65,8.65,20.0,0.0,0.0,0.9707576157714572,2.0,22.0,0.3750829893723512,0.0,0.0,1.0,2.0,9.0,0.328971932076511,1.0,118.0,0.3010637921957145,1.0,21.0,0.5787544094639687,0.0,3.0,0.8025614879240108
2960.0,7,95.0,1.862745098039216,7.52130579114438,51.0,1031.0,20.215686274509803,50.0,0.9803921568627452,5.0,174.0,1.0,6.203716737926141,9.157894736842104,9.157894736842104,19.0,0.0,0.0,0.8959931886824652,1.0,25.0,0.368101775313721,0.0,0.0,1.0,1.0,3.0,0.0,2.0,129.0,0.1672107275585613,1.0,9.0,0.4104552013988505,0.0,8.0,0.7874429307219304
2968.0,7,89.0,1.78,7.124453887013313,50.0,1026.0,20.52,0.0,0.0,6.0,183.0,9.0,4.862030044125938,12.2,12.2,15.0,2.0,3.0,0.2227927389385852,3.0,38.0,0.1543057807130599,0.0,0.0,1.0,0.0,1.0,0.8947894326471695,1.0,135.0,0.46457694914214,0.0,3.0,0.5567905600334324,0.0,3.0,0.765216875764033
2976.0,8,108.0,2.4545454545454546,7.409882179651851,44.0,744.0,16.90909090909091,0.0,0.0,5.0,236.0,53.0,7.1429340776526695,14.75,14.75,16.0,0.0,0.0,1.0,1.0,34.0,0.0,0.0,20.0,0.9248639873556986,1.0,4.0,0.000456884659926,3.0,165.0,0.0556768573641059,0.0,3.0,0.9432888007539806,0.0,10.0,0.8913982519006024
2984.0,11,154.0,3.08,6.418404119361163,50.0,789.0,15.78,45.0,0.9,7.0,234.0,0.0,4.1965757971568864,13.764705882352942,13.764705882352942,17.0,1.0,1.0,0.2399352572635857,1.0,48.0,0.7060842569426407,0.0,0.0,0.0098802657109827,0.0,0.0,1.0,2.0,176.0,0.1495781297208707,3.0,9.0,0.1353088783784665,0.0,0.0,0.8972672854766063
2992.0,15,193.0,4.195652173913044,5.235500998196633,46.0,830.0,18.043478260869566,41.0,0.8913043478260869,10.0,250.0,16.0,4.275674060094229,11.363636363636363,11.363636363636363,22.0,0.0,0.0,0.5332685696241856,3.0,23.0,0.0773328451994614,0.0,0.0,0.8918960091633736,0.0,0.0,1.0,2.0,185.0,0.1791695275882475,5.0,42.0,0.2945190781576571,0.0,0.0,0.703993420961783
3000.0,6,60.0,1.2,6.660923177006498,50.0,925.0,18.5,95.0,1.9,0.0,33.0,0.0,4.906614230027075,3.6666666666666665,3.6666666666666665,9.0,0.0,0.0,1.0,0.0,6.0,0.0412600229216391,0.0,0.0,0.0249978361710538,0.0,0.0,1.0,0.0,27.0,0.6216319276681238,0.0,0.0,0.2946164744468401,0.0,0.0,1.0
3008.0,9,110.0,2.037037037037037,7.8853607394937555,54.0,982.0,18.185185185185187,57.0,1.0555555555555556,4.0,95.0,62.0,8.641494019175003,3.6538461538461537,3.6538461538461537,26.0,0.0,0.0,1.0,1.0,20.0,0.517386840697025,0.0,0.0,1.0,0.0,5.0,0.9082298254987144,1.0,47.0,0.686302552523953,0.0,12.0,0.5572027160514069,2.0,11.0,0.5763180493659734
3016.0,8,79.0,1.5192307692307692,7.966117908430733,52.0,1043.0,20.057692307692307,61.0,1.1730769230769231,5.0,110.0,15.0,7.73068012308986,4.782608695652174,4.782608695652174,23.0,0.0,0.0,1.0,2.0,24.0,0.0003930156747893,0.0,10.0,0.901337383013104,1.0,6.0,0.4397120174917129,1.0,39.0,0.6793917816117262,1.0,27.0,0.6261476054612579,0.0,4.0,0.3554105744842892
3024.0,12,86.0,1.72,7.920326664707656,50.0,792.0,15.84,0.0,0.0,9.0,176.0,66.0,6.352142977986088,9.263157894736842,9.263157894736842,19.0,0.0,0.0,1.0,2.0,40.0,0.0,0.0,4.0,0.8926188638654342,3.0,22.0,0.2442533555607275,3.0,97.0,0.3588796897115512,0.0,8.0,0.9041618505103792,1.0,5.0,0.0
3032.0,11,106.0,2.25531914893617,7.078138634583186,47.0,707.0,15.04255319148936,0.0,0.0,10.0,185.0,9.0,4.416473158718224,9.25,9.25,20.0,0.0,2.0,0.830757076007462,0.0,0.0,1.0,0.0,3.0,0.9296494980151474,3.0,49.0,0.1025451906699067,2.0,108.0,0.602707090088687,5.0,23.0,0.0948659590682407,0.0,0.0,1.0
3040.0,12,160.0,3.4782608695652173,6.662826042378938,46.0,704.0,15.304347826086955,0.0,0.0,6.0,204.0,19.0,4.195254358650349,18.545454545454547,18.545454545454547,11.0,1.0,3.0,0.0004011159106214,0.0,0.0,1.0,0.0,0.0,1.0,3.0,73.0,0.0021713079646258,2.0,122.0,0.3247727046331374,0.0,3.0,0.9513055115188158,0.0,3.0,0.9060869519292964
3048.0,9,66.0,1.5348837209302326,6.867848215994644,43.0,589.0,13.69767441860465,0.0,0.0,4.0,59.0,0.0,6.762686366653715,3.4705882352941178,3.4705882352941178,17.0,1.0,5.0,0.0104196950491441,1.0,1.0,0.4871394698449761,0.0,0.0,1.0,2.0,30.0,0.3578793377271505,0.0,20.0,0.7511241874575012,0.0,0.0,0.5801218233419919,0.0,3.0,0.9539750817150312
3056.0,6,66.0,1.6097560975609757,7.678491717639391,41.0,596.0,14.53658536585366,7.0,0.1707317073170731,5.0,96.0,37.0,5.167400163327181,8.0,8.0,12.0,0.0,0.0,1.0,1.0,9.0,0.0,0.0,0.0,1.0,4.0,62.0,0.1833656857658991,0.0,11.0,0.6266418384861168,0.0,14.0,0.7892175590674422,0.0,0.0,0.9108000342792671
3064.0,4,60.0,1.4285714285714286,8.61493228323974,42.0,620.0,14.761904761904765,24.0,0.5714285714285714,3.0,117.0,21.0,8.093849849891281,5.85,5.85,20.0,0.0,0.0,1.0,0.0,3.0,0.9532429590946438,0.0,0.0,0.9749041152102312,2.0,58.0,0.1820188130212543,1.0,19.0,0.4699443537561406,0.0,37.0,0.8672954953235175,0.0,0.0,1.0
3072.0,6,80.0,1.8604651162790695,7.792145027081631,43.0,478.0,11.116279069767442,0.0,0.0,6.0,106.0,0.0,5.4219632773872135,5.578947368421052,5.578947368421052,19.0,0.0,0.0,1.0,1.0,4.0,0.0845304703850967,0.0,0.0,0.9354810210588096,2.0,74.0,0.303070369207612,1.0,9.0,0.293925081172233,2.0,19.0,0.4679685381607701,0.0,0.0,0.7481242766010283
3080.0,7,114.0,2.85,8.237521498802064,40.0,325.0,8.125,0.0,0.0,5.0,130.0,24.0,7.251099021358614,7.222222222222222,7.222222222222222,18.0,0.0,0.0,0.9306164300097582,2.0,19.0,0.3203439121691191,1.0,4.0,0.6297891872045936,2.0,90.0,0.0084853558141625,0.0,7.0,0.6495946220189017,0.0,10.0,0.733545685730314,0.0,0.0,0.7599003045309757
3088.0,7,124.0,2.883720930232558,7.645629983006345,43.0,311.0,7.232558139534884,0.0,0.0,6.0,142.0,12.0,6.6251257682406735,7.473684210526316,7.473684210526316,19.0,0.0,0.0,1.0,0.0,0.0,1.0,0.0,0.0,1.0,3.0,114.0,0.2425429258477316,0.0,6.0,0.6711302185833238,3.0,20.0,0.0790327999886291,0.0,2.0,0.8209342003399461
3096.0,6,135.0,3.375,8.722969866647016,40.0,311.0,7.775,0.0,0.0,5.0,141.0,0.0,5.238288215145667,10.846153846153848,10.846153846153848,13.0,0.0,0.0,1.0,0.0,0.0,0.3106821647927865,0.0,0.0,1.0,2.0,122.0,0.4658800702752486,1.0,10.0,0.5739390914166145,0.0,0.0,0.3807369519969172,2.0,9.0,0.210171134042952
3104.0,10,190.0,4.634146341463414,6.912862102946203,41.0,302.0,7.365853658536586,0.0,0.0,9.0,212.0,71.0,5.978287774521477,8.48,8.48,25.0,0.0,0.0,1.0,0.0,3.0,0.9074733521952169,0.0,6.0,0.6684244266087257,4.0,143.0,0.0351807162680053,2.0,23.0,0.5276093309136578,0.0,0.0,0.9726999664313968,3.0,37.0,0.2834105004312066
3112.0,11,227.0,5.159090909090909,6.5748792782570185,44.0,375.0,8.522727272727273,73.0,1.6590909090909092,11.0,242.0,30.0,2.951549770557193,12.1,12.1,20.0,0.0,0.0,1.0,0.0,0.0,0.9819976001249248,1.0,11.0,0.4391848336981736,2.0,154.0,0.1621911364327521,7.0,58.0,0.0573830728940036,0.0,0.0,0.3412986769069323,1.0,19.0,0.2058839522651188
3120.0,4,77.0,1.9743589743589745,7.826884233135518,39.0,355.0,9.102564102564102,0.0,0.0,4.0,50.0,0.0,7.003350176224617,2.631578947368421,2.631578947368421,19.0,1.0,4.0,0.4277642232436238,0.0,0.0,0.9598525363435322,1.0,4.0,0.2540774198720757,1.0,8.0,0.0,0.0,25.0,0.5602432162753944,0.0,6.0,0.7650609431614126,1.0,3.0,3.234500641487967e-05
3128.0,9,123.0,3.1538461538461537,7.272053133974055,39.0,394.0,10.102564102564102,39.0,1.0,9.0,108.0,58.0,5.764435818629545,4.0,4.0,27.0,0.0,0.0,0.9040547691908886,1.0,2.0,0.3560871433760867,1.0,12.0,0.2199567812091441,1.0,19.0,0.3927773763485992,5.0,47.0,0.2643731582011849,0.0,17.0,0.6819987565727835,1.0,11.0,0.0
3136.0,8,68.0,1.8888888888888888,7.1540627046973775,36.0,463.0,12.86111111111111,69.0,1.9166666666666667,8.0,97.0,0.0,3.4833645231622343,6.0625,6.0625,16.0,0.0,0.0,1.0,0.0,0.0,0.6320663063244406,2.0,26.0,0.0,1.0,9.0,0.0,0.0,10.0,0.4992878901546868,4.0,33.0,0.2322691959100252,1.0,19.0,0.1279664286182175
3144.0,8,78.0,2.1666666666666665,8.330460032318165,36.0,480.0,13.333333333333334,17.0,0.4722222222222222,6.0,111.0,14.0,6.77705481558523,6.9375,6.9375,16.0,0.0,0.0,1.0,0.0,0.0,1.0,2.0,42.0,0.0,1.0,8.0,0.1507634382320522,2.0,21.0,0.507328687917832,0.0,10.0,0.936300346710861,1.0,30.0,0.4789903400588522
3152.0,7,108.0,2.918918918918919,8.444065095628602,37.0,518.0,14.0,38.0,1.027027027027027,6.0,136.0,25.0,5.675364780776342,8.5,8.5,16.0,0.0,0.0,1.0,0.0,0.0,1.0,2.0,61.0,0.5487997286049001,1.0,14.0,0.0129862957780172,0.0,3.0,0.9978511144149872,1.0,9.0,0.4042291630629509,2.0,49.0,0.3524683751244811
3160.0,8,76.0,1.853658536585366,7.645373932136015,41.0,521.0,12.707317073170731,3.0,0.073170731707317,7.0,112.0,0.0,5.583594875825591,5.6,5.6,20.0,0.0,0.0,1.0,1.0,9.0,0.4899198240815996,1.0,9.0,0.4537190620515876,0.0,0.0,0.4852122695637022,0.0,0.0,1.0,0.0,7.0,0.58689937784169,5.0,87.0,0.2335525150612027
3168.0,13,105.0,2.282608695652174,6.846226472688312,46.0,561.0,12.195652173913045,40.0,0.8695652173913043,11.0,136.0,24.0,4.608472076506044,5.666666666666667,5.666666666666667,24.0,0.0,0.0,1.0,1.0,11.0,0.2723629488621277,1.0,3.0,0.6125933673927169,0.0,0.0,1.0,0.0,3.0,0.8484616026757266,4.0,9.0,0.1170063204918565,5.0,110.0,0.1410380192208599
3176.0,16,187.0,3.6666666666666665,6.689101007758104,51.0,646.0,12.666666666666666,85.0,1.6666666666666667,14.0,218.0,82.0,3.002092672662117,9.909090909090908,9.909090909090908,22.0,0.0,0.0,0.2535024299981598,1.0,19.0,0.6292607877477083,2.0,9.0,5.6504809153022925e-05,0.0,0.0,1.0,1.0,1.0,0.4780576930149322,4.0,40.0,0.2272132577070495,6.0,149.0,0.0404830893148531
3184.0,17,281.0,4.844827586206897,6.025737117173461,58.0,725.0,12.5,79.0,1.362068965517241,16.0,328.0,110.0,4.145055787177356,9.647058823529411,9.647058823529411,34.0,0.0,0.0,0.6703393856391435,2.0,31.0,0.3673354882021379,0.0,0.0,0.727632967618227,1.0,7.0,0.228744010380462,0.0,0.0,0.6821327472116893,6.0,81.0,0.2642577122476712,7.0,209.0,0.0630518018146388
3192.0,17,145.0,2.164179104477612,6.551891371685361,67.0,844.0,12.597014925373134,119.0,1.7761194029850746,13.0,207.0,0.0,4.482811749304319,6.9,6.9,30.0,0.0,0.0,1.0,1.0,4.0,0.612710935782259,1.0,2.0,0.4690672617075533,2.0,7.0,0.1447806484033136,1.0,5.0,0.4539661610885695,8.0,140.0,0.2589929443061447,0.0,49.0,0.3657458068168254
3200.0,6,31.0,0.492063492063492,7.93933759046959,63.0,697.0,11.063492063492063,0.0,0.0,6.0,99.0,0.0,4.27790107709583,5.2105263157894735,5.2105263157894735,19.0,0.0,0.0,1.0,2.0,5.0,0.1489992682716303,0.0,0.0,1.0,0.0,0.0,0.2176862660945716,1.0,19.0,0.5563573251479452,0.0,13.0,0.475472816735666,3.0,62.0,0.0264784765212745
3208.0,11,62.0,0.984126984126984,8.449284493039054,63.0,738.0,11.714285714285714,41.0,0.6507936507936508,8.0,103.0,4.0,7.4981331594448415,3.678571428571429,3.678571428571429,28.0,0.0,0.0,1.0,2.0,21.0,0.0,0.0,3.0,0.9353153095560676,0.0,0.0,1.0,1.0,44.0,0.8288324086634132,5.0,32.0,0.3740215744661117,0.0,3.0,0.6324463972699991
3216.0,10,38.0,0.59375,6.833666865609971,64.0,661.0,10.328125,0.0,0.0,9.0,94.0,0.0,5.433967485601623,3.4814814814814814,3.4814814814814814,27.0,0.0,4.0,0.9203956669759796,1.0,18.0,0.479028024238122,0.0,3.0,0.9735731639763948,0.0,3.0,0.0915889518086962,7.0,41.0,0.2482872230137251,0.0,18.0,0.510710198455129,1.0,7.0,7.405760268999333e-05
3224.0,6,33.0,0.4925373134328358,8.240584876759025,67.0,575.0,8.582089552238806,0.0,0.0,4.0,52.0,0.0,8.745649544992267,2.0,2.0,26.0,3.0,9.0,0.2532121448356202,0.0,0.0,1.0,0.0,0.0,1.0,0.0,0.0,0.4405111553263569,0.0,22.0,0.7826142052783597,0.0,3.0,0.7474350616763222,1.0,18.0,0.5930741192786211
3232.0,10,35.0,0.5384615384615384,7.414090729618329,65.0,493.0,7.584615384615384,0.0,0.0,10.0,65.0,13.0,4.945775367546652,2.2413793103448274,2.2413793103448274,29.0,2.0,9.0,0.4841817056421152,0.0,0.0,1.0,0.0,0.0,0.9778399476151812,0.0,0.0,0.4993526979562132,5.0,37.0,0.1969873572986836,3.0,19.0,0.43075512936371,0.0,0.0,0.7622648482071002
3240.0,10,40.0,0.6451612903225806,6.895842260176535,62.0,367.0,5.919354838709677,0.0,0.0,9.0,81.0,16.0,4.974776340372255,3.0,3.0,27.0,1.0,2.0,0.0001985136013372,0.0,0.0,0.8348869477954921,0.0,3.0,0.8958872686225274,2.0,8.0,0.3007673788882985,2.0,26.0,0.401629942306392,4.0,42.0,0.2018474046325082,0.0,0.0,1.0
3248.0,20,112.0,1.9310344827586208,5.633234917479662,58.0,399.0,6.879310344827586,32.0,0.5517241379310345,17.0,166.0,85.0,2.6740049362781475,5.928571428571429,5.928571428571429,28.0,0.0,0.0,1.0,0.0,0.0,0.9096373844211438,0.0,6.0,0.3393231619465493,4.0,17.0,0.0792203630716252,5.0,38.0,0.0243536188507566,8.0,105.0,0.2468027001168366,0.0,0.0,1.0
3256.0,8,36.0,0.631578947368421,6.577524680377855,57.0,459.0,8.052631578947368,60.0,1.0526315789473684,6.0,91.0,0.0,5.179118040931409,4.333333333333333,4.333333333333333,21.0,0.0,0.0,1.0,2.0,10.0,0.3231738362397833,1.0,3.0,0.4626663360805844,2.0,23.0,0.4867852375050785,1.0,29.0,0.1831761005613757,0.0,26.0,0.2919094906632228,0.0,0.0,0.7996654400073746
3264.0,6,57.0,0.95,8.934525597846106,60.0,482.0,8.033333333333333,23.0,0.3833333333333333,4.0,99.0,8.0,8.942034235006265,3.413793103448276,3.413793103448276,29.0,0.0,0.0,1.0,2.0,21.0,0.0048407645785568,0.0,0.0,0.9424393903175304,2.0,43.0,0.2512926265966458,0.0,15.0,0.8106176711181075,0.0,9.0,0.5678192746461166,0.0,11.0,0.927979314250017
3272.0,2,23.0,0.365079365079365,9.692925404972009,63.0,441.0,7.0,0.0,0.0,1.0,27.0,0.0,10.016971164754542,1.0384615384615383,1.0384615384615383,26.0,0.0,0.0,1.0,0.0,0.0,0.9648313930421466,1.0,4.0,5.982473370887455e-05,0.0,2.0,0.3957080433551448,0.0,12.0,0.8282745605767152,0.0,9.0,0.8688041655137263,0.0,0.0,0.3109074660169548
3280.0,5,35.0,0.5147058823529411,9.448606560346366,68.0,459.0,6.75,18.0,0.2647058823529412,3.0,21.0,0.0,9.180947964052631,0.8076923076923077,0.8076923076923077,26.0,1.0,1.0,0.0004946686178762,1.0,2.0,0.453284067215995,0.0,6.0,0.1732246471967383,0.0,0.0,0.5764359858153385,0.0,4.0,0.895830610168524,1.0,8.0,0.6356632656925393,0.0,0.0,0.9448189500863218
3288.0,4,23.0,0.3484848484848485,10.372108145552245,66.0,412.0,6.242424242424242,0.0,0.0,4.0,33.0,12.0,9.7104661527681,1.434782608695652,1.434782608695652,23.0,1.0,1.0,0.4998931637475418,1.0,4.0,3.1802477166053216e-05,0.0,10.0,0.9540965513051688,0.0,0.0,0.8676927089666092,0.0,0.0,0.7879812235048211,2.0,18.0,0.4620323656719101,0.0,0.0,0.8281243876690267
3296.0,12,54.0,0.9642857142857144,7.914173079501055,56.0,304.0,5.428571428571429,0.0,0.0,11.0,67.0,34.0,4.695822392078706,2.7916666666666665,2.7916666666666665,24.0,3.0,14.0,0.0014808932393018,2.0,16.0,0.3071952336421685,1.0,12.0,0.1467056999765704,2.0,9.0,0.0005007049489965,3.0,16.0,0.3388294127471158,0.0,0.0,0.7293673455327854,0.0,0.0,0.8022883795019976
3304.0,5,49.0,0.98,8.689092785412132,50.0,265.0,5.3,0.0,0.0,4.0,69.0,2.0,6.978640169755295,4.0588235294117645,4.0588235294117645,17.0,0.0,0.0,1.0,2.0,33.0,0.4008351469487706,0.0,0.0,1.0,0.0,0.0,1.0,1.0,26.0,0.2615014415691209,0.0,3.0,0.801079228679876,1.0,7.0,0.6998274844833041
3312.0,6,32.0,0.6808510638297872,9.2067685221711,47.0,239.0,5.085106382978723,0.0,0.0,4.0,49.0,0.0,8.394560285207836,2.45,2.45,20.0,0.0,0.0,0.9884194466265336,1.0,6.0,0.155202038842151,0.0,0.0,1.0,0.0,0.0,1.0,1.0,28.0,0.6589598868118846,1.0,8.0,0.7922496749460097,1.0,7.0,0.2682264683599451
3320.0,7,15.0,0.3333333333333333,7.974578742145349,45.0,257.0,5.711111111111111,18.0,0.4,4.0,28.0,0.0,7.538006632133107,1.4,1.4,20.0,1.0,5.0,0.4811651045506567,2.0,19.0,0.4092370460344122,0.0,0.0,0.8789329609678872,0.0,0.0,1.0,1.0,4.0,0.3747350806402376,0.0,0.0,0.5694160825641295,0.0,0.0,0.7931877988995072
3328.0,5,38.0,0.8837209302325582,8.812201203491176,43.0,202.0,4.697674418604652,0.0,0.0,4.0,47.0,19.0,7.76822520225739,2.473684210526316,2.473684210526316,19.0,0.0,0.0,0.968317689978469,3.0,30.0,0.0002971887724203,0.0,0.0,0.4008147240635798,0.0,5.0,0.4760418954137637,1.0,12.0,0.0,0.0,0.0,0.9121134547007348,0.0,0.0,0.7230874425264652
3336.0,7,40.0,0.975609756097561,7.337394877094234,41.0,221.0,5.390243902439025,19.0,0.4634146341463415,7.0,51.0,4.0,4.594643122083274,2.4285714285714284,2.4285714285714284,21.0,1.0,2.0,0.4653595813768756,1.0,15.0,0.259207554601113,1.0,9.0,0.4537955928441871,4.0,25.0,5.3055975624915504e-05,0.0,0.0,1.0,0.0,0.0,0.5271501023167308,0.0,0.0,0.4198234034581181
3344.0,7,48.0,1.2972972972972974,7.707791700670839,37.0,221.0,5.972972972972973,0.0,0.0,5.0,53.0,2.0,5.745509455696809,4.076923076923077,4.076923076923077,13.0,1.0,10.0,0.0,1.0,25.0,0.5841454331091608,0.0,0.0,0.6180654707828576,0.0,0.0,1.0,0.0,0.0,1.0,3.0,18.0,0.1631256784665183,0.0,0.0,0.7336378904070958
3352.0,2,2.0,0.0526315789473684,8.30761687581888,38.0,204.0,5.368421052631579,0.0,0.0,2.0,12.0,0.0,5.808178213047819,1.0909090909090908,1.0909090909090908,11.0,0.0,7.0,0.5744952229795676,0.0,0.0,0.0449921446288099,1.0,0.0,0.0,0.0,0.0,1.0,0.0,3.0,0.9072624106220292,0.0,0.0,1.0,1.0,2.0,0.0620301041292331
3360.0,1,0.0,0.0,9.745159540157331,47.0,200.0,4.25531914893617,0.0,0.0,0.0,10.0,0.0,10.533400207639136,0.8333333333333334,0.8333333333333334,12.0,0.0,0.0,1.0,0.0,0.0,1.0,0.0,0.0,0.8387281868535795,0.0,0.0,0.2072564860698429,0.0,10.0,0.8398759728425425,0.0,0.0,0.7927858719101702,0.0,0.0,0.4422019262774259
3368.0,2,4.0,0.0930232558139534,9.241524329527024,43.0,151.0,3.511627906976744,0.0,0.0,2.0,24.0,14.0,8.1020263681754,1.263157894736842,1.263157894736842,19.0,0.0,0.0,1.0,1.0,5.0,0.2959084419976457,0.0,11.0,0.7409524043625625,0.0,0.0,0.7033174941124937,0.0,0.0,1.0,1.0,8.0,0.5424327533604406,0.0,0.0,0.8708030425444372
3376.0,7,24.0,0.5333333333333333,7.637440117136373,45.0,185.0,4.111111111111111,34.0,0.7555555555555555,5.0,33.0,9.0,7.350008921338071,1.5,1.5,22.0,0.0,0.0,1.0,3.0,13.0,0.2380018881668009,2.0,18.0,0.6777701911614226,0.0,0.0,0.0381446748147113,0.0,0.0,0.8390455733655853,0.0,2.0,0.4966525109010014,0.0,0.0,1.0
3384.0,14,58.0,1.288888888888889,6.92497804514745,45.0,215.0,4.777777777777778,30.0,0.6666666666666666,13.0,74.0,41.0,4.849765637466519,3.083333333333333,3.083333333333333,24.0,0.0,0.0,1.0,0.0,0.0,0.4871207646158746,5.0,39.0,0.0001332390096225,1.0,8.0,0.0,0.0,6.0,0.9409040127489324,7.0,21.0,0.2918625740993106,0.0,0.0,1.0
3392.0,7,50.0,1.0,8.23325777569561,50.0,274.0,5.48,59.0,1.18,7.0,64.0,0.0,4.784775493874517,3.764705882352941,3.764705882352941,17.0,0.0,0.0,1.0,0.0,0.0,1.0,0.0,3.0,0.9236698639905216,0.0,0.0,0.8319648182430464,0.0,0.0,1.0,7.0,61.0,0.2364096509780062,0.0,0.0,0.9511429333337575
3400.0,3,7.0,0.14,9.461518401200877,50.0,270.0,5.4,0.0,0.0,1.0,39.0,0.0,8.040139509242085,3.0,3.0,13.0,0.0,5.0,0.7395967378487951,0.0,0.0,1.0,0.0,3.0,0.9959483928251692,0.0,0.0,1.0,0.0,0.0,0.9955660144193522,1.0,31.0,0.3363951126266782,0.0,0.0,1.0
3408.0,8,26.0,0.52,8.962602580022514,50.0,271.0,5.42,1.0,0.02,8.0,105.0,66.0,7.241097462584919,4.375,4.375,24.0,0.0,0.0,1.0,1.0,16.0,0.6453208093413964,0.0,0.0,1.0,1.0,3.0,0.0013536555076793,1.0,18.0,0.6400542042261523,5.0,57.0,0.0037597065448576,0.0,11.0,0.7668052790293804
3416.0,12,51.0,1.108695652173913,7.0336502910108285,46.0,333.0,7.239130434782608,62.0,1.3478260869565215,12.0,103.0,0.0,5.167554929616851,4.478260869565218,4.478260869565218,23.0,0.0,0.0,0.927161618715312,3.0,17.0,0.6003538176601374,0.0,0.0,1.0,2.0,17.0,8.682730787660297e-05,6.0,41.0,0.211741797883311,0.0,21.0,0.2259401745646432,1.0,7.0,0.3918693564340528
3424.0,6,46.0,1.069767441860465,8.755891666921316,43.0,367.0,8.534883720930232,34.0,0.7906976744186046,4.0,65.0,0.0,7.1531325978786935,3.611111111111111,3.611111111111111,18.0,0.0,0.0,1.0,2.0,4.0,0.3615518013628281,0.0,0.0,1.0,0.0,0.0,1.0,2.0,51.0,0.5303427239688279,0.0,7.0,0.5409682921987481,0.0,3.0,0.9018939411530058
3432.0,4,21.0,0.4772727272727273,9.299127287566511,44.0,371.0,8.431818181818182,4.0,0.0909090909090909,2.0,23.0,0.0,7.388419515134592,1.4375,1.4375,16.0,1.0,4.0,0.4699598850424666,0.0,1.0,0.3368696950143046,0.0,0.0,0.2948048618401956,0.0,0.0,1.0,0.0,9.0,0.7082193565637687,0.0,3.0,0.6640902189176159,1.0,6.0,0.3748578881844081
3440.0,9,25.0,0.5813953488372093,7.810112665480221,43.0,317.0,7.372093023255814,0.0,0.0,9.0,56.0,33.0,4.192771967290701,2.8,2.8,20.0,5.0,29.0,0.0046653740940122,1.0,3.0,0.0,0.0,0.0,0.6548914049198226,0.0,0.0,1.0,3.0,17.0,0.1942906300333435,0.0,7.0,0.9374289407209274,0.0,0.0,1.0
3448.0,5,16.0,0.3265306122448979,8.606124605344238,49.0,263.0,5.36734693877551,0.0,0.0,1.0,21.0,0.0,9.746794971068637,1.05,1.05,20.0,0.0,0.0,1.0,0.0,0.0,1.0,0.0,9.0,0.8017687365687453,0.0,0.0,0.6967639562185317,1.0,9.0,0.544729134978951,0.0,3.0,0.5493102032820112,0.0,0.0,0.8994983374934749
3456.0,6,11.0,0.1746031746031746,7.781422026870699,63.0,257.0,4.079365079365079,0.0,0.0,4.0,31.0,10.0,6.682887602134533,1.1071428571428572,1.1071428571428572,28.0,0.0,0.0,1.0,0.0,0.0,0.4001656004204365,0.0,9.0,0.7085701687670598,0.0,0.0,0.011759451233647,2.0,8.0,0.1575550603989717,2.0,14.0,0.517871149188831,0.0,0.0,0.92862031676615
3464.0,14,61.0,0.8840579710144928,7.733180016212096,69.0,227.0,3.289855072463768,0.0,0.0,12.0,82.0,51.0,3.8628826485601215,2.9285714285714284,2.9285714285714284,28.0,0.0,0.0,0.5706833635074734,3.0,15.0,0.2241004680250205,1.0,4.0,0.2960744339917506,1.0,4.0,0.5005880498960334,0.0,11.0,0.2854006554185225,7.0,48.0,0.159082711866915,0.0,0.0,0.851345669692181
3472.0,10,38.0,0.5205479452054794,8.050716916488929,73.0,256.0,3.506849315068493,29.0,0.3972602739726027,6.0,65.0,0.0,6.158010008659879,2.708333333333333,2.708333333333333,24.0,2.0,8.0,0.3127050126890556,1.0,6.0,0.3320666445706402,1.0,12.0,0.596158826697268,1.0,12.0,0.133362238002447,1.0,5.0,0.549232585028554,0.0,19.0,0.4581184224574531,0.0,3.0,0.8176912192183701
3480.0,8,44.0,0.6027397260273972,8.461800981117173,73.0,278.0,3.808219178082192,22.0,0.3013698630136986,8.0,85.0,20.0,5.907468413012794,2.931034482758621,2.931034482758621,29.0,1.0,2.0,0.1439814431496668,1.0,11.0,0.5576417767222726,0.0,0.0,0.6795057193573408,1.0,7.0,9.804338410551846e-06,3.0,28.0,0.4107545561932409,2.0,31.0,0.4291120711059091,0.0,6.0,0.885196012314352
3488.0,13,61.0,0.8243243243243243,7.249100309081027,74.0,327.0,4.418918918918919,49.0,0.6621621621621622,11.0,99.0,14.0,5.193021200078716,3.193548387096774,3.193548387096774,31.0,1.0,9.0,0.4282524446019524,2.0,4.0,0.1987728186267971,1.0,6.0,0.6603864876327574,1.0,2.0,0.3413369596279753,0.0,4.0,0.3524765898052307,6.0,74.0,0.33722524460602,0.0,0.0,1.0
3496.0,6,36.0,0.48,8.831925859854746,75.0,393.0,5.24,66.0,0.88,5.0,93.0,0.0,7.453232643013383,3.0,3.0,31.0,0.0,0.0,0.716921261395772,3.0,35.0,0.463804352079664,0.0,0.0,0.5157168020948536,1.0,5.0,3.902375183962656e-05,0.0,0.0,0.970837956974303,1.0,50.0,0.5032752126624497,0.0,3.0,0.9027989075408714
3504.0,13,53.0,0.7464788732394366,7.48715274170982,71.0,448.0,6.309859154929577,55.0,0.7746478873239436,11.0,162.0,69.0,5.508561561367441,3.767441860465116,3.767441860465116,43.0,2.0,5.0,0.2360702716150279,3.0,35.0,0.2896994396990003,1.0,6.0,0.6284172766174297,1.0,16.0,0.2113104736544931,0.0,20.0,0.8535103041000864,4.0,77.0,0.2348150119738608,0.0,3.0,0.9284046196584156
3512.0,6,30.0,0.4477611940298507,7.42548358566225,67.0,472.0,7.044776119402985,24.0,0.3582089552238806,4.0,100.0,0.0,5.829681444444232,4.0,4.0,25.0,0.0,0.0,0.3320634639443364,2.0,36.0,0.3296542593483495,0.0,2.0,0.2509317102374654,1.0,21.0,0.0,1.0,15.0,0.380237398294237,0.0,26.0,0.715289846113817,0.0,0.0,1.0
3520.0,10,71.0,1.0,8.715122863456674,71.0,512.0,7.211267605633803,40.0,0.5633802816901409,9.0,132.0,32.0,7.196089225336335,4.125,4.125,32.0,0.0,4.0,0.479685367591493,7.0,75.0,0.2296568456357646,0.0,0.0,0.726045638130027,2.0,31.0,0.3131054738084312,0.0,16.0,0.743963140144527,0.0,0.0,0.7853499910270179,0.0,6.0,0.888434047572207
3528.0,8,85.0,1.2318840579710144,7.6919156844607715,69.0,469.0,6.797101449275362,0.0,0.0,6.0,157.0,25.0,6.194659537215684,4.757575757575758,4.757575757575758,33.0,0.0,6.0,0.6418277065952358,2.0,80.0,0.1025571940489979,0.0,12.0,0.7789856104719213,1.0,37.0,0.0,0.0,12.0,0.6213266842824438,3.0,10.0,0.5048227513016547,0.0,0.0,0.9362023116563678
3536.0,15,71.0,1.0142857142857142,6.9713592672015965,70.0,412.0,5.885714285714286,0.0,0.0,11.0,114.0,0.0,5.1291324239295655,3.8,3.8,30.0,1.0,1.0,0.5768635743222519,6.0,43.0,0.0736852681119452,1.0,10.0,0.3177315971765958,1.0,48.0,0.0035457337799083,1.0,9.0,0.4763890107014528,0.0,1.0,0.7113962309293841,1.0,2.0,0.390767948501824
3544.0,8,72.0,0.9473684210526316,7.802979748891831,76.0,425.0,5.592105263157895,13.0,0.1710526315789473,6.0,124.0,10.0,6.792004484700499,3.647058823529412,3.647058823529412,34.0,1.0,3.0,0.0456257539166854,0.0,27.0,0.4758184706731721,1.0,13.0,0.626584431588701,2.0,54.0,0.0548968450057741,0.0,3.0,0.9038648460729009,2.0,18.0,0.4258896075900389,0.0,6.0,0.8014640564750491
3552.0,8,35.0,0.4320987654320987,7.56064708589387,81.0,428.0,5.283950617283951,3.0,0.037037037037037,6.0,58.0,0.0,6.391070877741611,2.4166666666666665,2.4166666666666665,24.0,2.0,19.0,0.0,1.0,4.0,0.391892796207096,0.0,11.0,0.7893835392399932,0.0,2.0,0.3137758083175407,0.0,3.0,0.8585754971395004,2.0,16.0,0.5665053975424361,1.0,3.0,0.0007843910253846
3560.0,12,54.0,0.6352941176470588,8.880885341433583,85.0,452.0,5.317647058823529,24.0,0.2823529411764706,10.0,90.0,32.0,6.994468039228063,2.903225806451613,2.903225806451613,31.0,0.0,0.0,0.7606725651179462,4.0,28.0,0.0001774271517697,1.0,12.0,0.7058102524228306,0.0,0.0,0.7017895759505308,0.0,11.0,0.860177335229834,5.0,32.0,0.2411632673756694,0.0,7.0,0.8662952551403886
3568.0,8,38.0,0.4634146341463415,8.123867997580923,82.0,436.0,5.317073170731708,0.0,0.0,3.0,75.0,0.0,7.4193764658215855,2.419354838709677,2.419354838709677,31.0,2.0,5.0,0.0179248346497193,0.0,20.0,0.2996291721842753,0.0,8.0,0.6023647253268997,0.0,3.0,0.7431746531427981,0.0,6.0,0.8512417428658047,1.0,30.0,0.6296352973807562,0.0,3.0,0.5124010605007661
3576.0,9,21.0,0.2692307692307692,7.668905178747462,78.0,417.0,5.346153846153846,0.0,0.0,7.0,64.0,0.0,6.637114152436902,1.641025641025641,1.641025641025641,39.0,0.0,4.0,0.2853935078854259,0.0,8.0,0.3867046774527266,0.0,3.0,0.4119268052907879,3.0,17.0,0.1705628072243615,0.0,11.0,0.779250791368539,4.0,16.0,0.4371633579847707,0.0,5.0,0.7644938306419576
3584.0,7,31.0,0.4025974025974026,8.63661018662478,77.0,392.0,5.090909090909091,0.0,0.0,6.0,64.0,0.0,8.353457308371095,1.9393939393939397,1.9393939393939397,33.0,3.0,17.0,0.4919566946647617,1.0,13.0,0.4945497873308052,0.0,0.0,0.3571157882245603,2.0,19.0,0.4509540063847192,0.0,7.0,0.7946351525851839,0.0,2.0,0.6726628643385919,0.0,6.0,0.7165815244392602
3592.0,12,76.0,0.987012987012987,8.940894386208216,77.0,429.0,5.571428571428571,37.0,0.4805194805194805,9.0,92.0,28.0,7.807569915862167,2.421052631578948,2.421052631578948,38.0,1.0,2.0,0.4819510312761633,1.0,32.0,0.4338004962585345,1.0,7.0,0.0,5.0,37.0,0.0859414127519915,0.0,12.0,0.7714651475119582,0.0,0.0,0.8078626342810838,1.0,2.0,0.7946247449194469
3600.0,12,69.0,0.9857142857142858,7.383483557251229,70.0,395.0,5.642857142857143,0.0,0.0,10.0,111.0,19.0,5.181240235326613,3.363636363636364,3.363636363636364,33.0,0.0,1.0,0.3680560925119138,1.0,36.0,0.545208203480774,0.0,3.0,0.9289372106480772,2.0,44.0,0.1459975873994122,2.0,15.0,0.4741029003657961,2.0,4.0,0.5052658956901388,3.0,8.0,0.1306938056020492
3584.0,16,91.0,1.011111111111111,6.721833138405236,90.0,691.0,7.677777777777778,0.0,0.0,13.0,149.0,18.0,4.319699859759038,3.4651162790697674,3.4651162790697674,43.0,1.0,7.0,0.4641440497298912,1.0,17.0,0.3760872184664964,0.0,3.0,0.5283228655290164,4.0,23.0,0.1289935552792856,1.0,28.0,0.3753495223067387,3.0,51.0,0.236840192951731,3.0,20.0,0.2532827418636251
3592.0,18,133.0,1.6835443037974684,6.827339150437972,79.0,707.0,8.949367088607595,16.0,0.2025316455696202,18.0,202.0,53.0,4.372218892067402,4.488888888888889,4.488888888888889,45.0,0.0,0.0,0.4421729856508858,7.0,37.0,0.0034098704910078,0.0,0.0,1.0,1.0,32.0,0.3114947281030656,0.0,17.0,0.8072330947550995,3.0,51.0,0.4532540541906565,7.0,65.0,0.2183442518877756
3600.0,18,128.0,1.7066666666666668,6.159764098380947,75.0,824.0,10.986666666666666,117.0,1.56,16.0,209.0,7.0,4.124937323942293,5.097560975609756,5.097560975609756,41.0,1.0,6.0,0.1113670433083753,0.0,20.0,0.2186223099108158,0.0,0.0,0.953743564418804,6.0,53.0,0.1532852915504739,0.0,5.0,0.8641816451381565,8.0,95.0,0.2868305448926021,1.0,30.0,0.1773679013230113
