step,system_total_stopped,system_total_waiting_time,system_mean_waiting_time,system_mean_speed,system_cars_present,system_accumulated_waiting_time (100),system_accumulated_mean_waiting_time (100),system_accumulated_waiting_time (delta),system_accumulated_mean_waiting_time (delta),agents_total_stopped,agents_total_accumulated_waiting_time (100),agents_total_accumulated_waiting_time (delta),agents_mean_speed,agents_mean_waiting_time (100),agents_mean_waiting_time (delta),agents_cars_present,Ing7_1_stopped,Ing7_1_accumulated_waiting_time,Ing7_1_average_speed,Ing7_2_stopped,Ing7_2_accumulated_waiting_time,Ing7_2_average_speed,Ing7_3_stopped,Ing7_3_accumulated_waiting_time,Ing7_3_average_speed,Ing7_4_stopped,Ing7_4_accumulated_waiting_time,Ing7_4_average_speed,Ing7_5_stopped,Ing7_5_accumulated_waiting_time,Ing7_5_average_speed,Ing7_6_stopped,Ing7_6_accumulated_waiting_time,Ing7_6_average_speed,Ing7_7_stopped,Ing7_7_accumulated_waiting_time,Ing7_7_average_speed
8.0,0,0.0,0.0,7.790490076702793,6.0,0.0,0.0,0.0,0.0,0.0,0.0,0.0,2.577262651920319,0.0,0.0,1.0,0.0,0.0,1.0,0.0,0.0,1.0,0.0,0.0,1.0,0.0,0.0,1.0,0.0,0.0,1.0,0.0,0.0,0.1830945994601297,0.0,0.0,1.0
16.0,4,3.0,0.2,5.654672063131803,15.0,3.0,0.2,3.0,0.2,2.0,3.0,3.0,5.588494568332624,0.75,0.75,4.0,0.0,0.0,1.0,0.0,0.0,1.0,1.0,2.0,0.0006441555081676,0.0,0.0,1.0,0.0,0.0,1.0,1.0,1.0,0.5500632846568814,0.0,0.0,1.0
24.0,8,32.0,1.391304347826087,4.584269822545342,23.0,32.0,1.391304347826087,29.0,1.2608695652173914,3.0,22.0,19.0,3.9065437282398543,3.142857142857143,3.142857142857143,7.0,0.0,0.0,1.0,0.0,0.0,1.0,1.0,10.0,0.0,0.0,0.0,1.0,0.0,0.0,1.0,2.0,12.0,0.310560423222326,0.0,0.0,1.0
32.0,4,24.0,0.75,6.81684220255588,32.0,74.0,2.3125,42.0,1.3125,4.0,29.0,7.0,5.587331295855819,3.2222222222222223,3.2222222222222223,9.0,0.0,0.0,1.0,0.0,0.0,1.0,0.0,2.0,0.2946588225484465,0.0,0.0,1.0,0.0,3.0,0.7411139356420563,4.0,24.0,0.3418251266843632,0.0,0.0,1.0
40.0,4,6.0,0.1363636363636363,8.388441172075034,44.0,93.0,2.113636363636364,19.0,0.4318181818181818,1.0,29.0,0.0,8.927892047779528,1.6111111111111112,1.6111111111111112,18.0,0.0,0.0,1.0,0.0,0.0,0.6470669005281191,1.0,5.0,0.0,0.0,0.0,0.9704355119157524,0.0,6.0,0.8148267745523019,0.0,18.0,0.6229212902287097,0.0,0.0,0.6432962885741597
48.0,10,50.0,0.9803921568627452,8.236364299757566,51.0,136.0,2.6666666666666665,43.0,0.8431372549019608,5.0,54.0,25.0,8.355627815553547,1.862068965517241,1.862068965517241,29.0,0.0,4.0,0.8451241560337635,0.0,12.0,0.9924993375361496,1.0,13.0,0.0,1.0,3.0,0.4122775948483533,0.0,8.0,0.8706486311077737,2.0,11.0,0.569755707563542,1.0,3.0,0.1739878731008503
56.0,9,34.0,0.6296296296296297,7.644287899583822,54.0,191.0,3.537037037037037,55.0,1.0185185185185186,9.0,44.0,0.0,5.932393335757106,1.5172413793103448,1.5172413793103448,29.0,0.0,0.0,0.6006755628297907,1.0,5.0,0.2333205598158856,0.0,0.0,0.9548752395125965,0.0,2.0,0.5986614999309086,2.0,6.0,0.6175325241546757,5.0,20.0,0.2045484476440883,1.0,11.0,0.0
64.0,9,39.0,0.6610169491525424,7.325014806465036,59.0,228.0,3.864406779661017,37.0,0.6271186440677966,8.0,83.0,39.0,4.049165907913983,4.15,4.15,20.0,0.0,0.0,1.0,0.0,0.0,1.0,1.0,18.0,0.0,2.0,10.0,0.3139032347523333,0.0,7.0,0.673777195140395,3.0,29.0,0.204054644293068,2.0,19.0,0.0
72.0,13,72.0,1.1428571428571428,7.5791959338282595,63.0,284.0,4.507936507936508,56.0,0.8888888888888888,7.0,102.0,19.0,6.985986290170973,3.7777777777777777,3.7777777777777777,27.0,0.0,0.0,1.0,0.0,17.0,0.7658922762417935,0.0,0.0,1.0,2.0,26.0,0.3090243936044698,1.0,16.0,0.5958682895642037,4.0,43.0,0.4661596346394456,0.0,0.0,0.8246242111097171
80.0,15,129.0,1.897058823529412,7.046860763499281,68.0,366.0,5.382352941176471,82.0,1.2058823529411764,14.0,146.0,44.0,4.253459211253046,5.407407407407407,5.407407407407407,27.0,0.0,0.0,1.0,0.0,0.0,1.0,0.0,0.0,0.9690567764670198,3.0,49.0,0.0,3.0,9.0,0.4714678446022856,6.0,78.0,0.151777044611539,2.0,10.0,0.3299080421693939
88.0,10,95.0,1.507936507936508,6.855466738653134,63.0,379.0,6.015873015873016,13.0,0.2063492063492063,7.0,121.0,0.0,4.3857770681785055,4.321428571428571,4.321428571428571,28.0,1.0,4.0,2.4794635060554183e-05,0.0,3.0,0.944786538881339,0.0,0.0,0.3118664438354646,0.0,0.0,0.1897850198802662,3.0,29.0,0.3586701143230664,3.0,85.0,0.1776605218617197,0.0,0.0,0.5009129484350634
96.0,18,155.0,2.6271186440677967,6.354640543857911,59.0,426.0,7.220338983050848,47.0,0.7966101694915254,16.0,171.0,50.0,2.090714504549875,8.55,8.55,20.0,0.0,0.0,1.0,1.0,3.0,0.4956641463612397,1.0,7.0,0.0,0.0,0.0,1.0,7.0,42.0,0.0004338055794216,7.0,119.0,0.1829134510238205,0.0,0.0,1.0
104.0,18,123.0,2.5625,5.58529703326403,48.0,483.0,10.0625,57.0,1.1875,9.0,157.0,0.0,4.0756921094789895,8.263157894736842,8.263157894736842,19.0,1.0,2.0,0.0026383634370823,1.0,5.0,0.4498987375061397,1.0,15.0,0.0,0.0,0.0,1.0,0.0,29.0,0.296043620325327,6.0,106.0,0.3160548339717544,0.0,0.0,1.0
112.0,14,138.0,2.7058823529411766,5.9785448472278855,51.0,606.0,11.882352941176473,123.0,2.411764705882353,9.0,183.0,26.0,4.731374267361997,9.15,9.15,20.0,2.0,12.0,7.38816859808315e-05,0.0,0.0,1.0,0.0,15.0,0.3156139835449352,0.0,0.0,1.0,1.0,12.0,0.5679867428126769,6.0,141.0,0.3190812114731108,0.0,3.0,0.8520149771534399
120.0,2,16.0,0.2857142857142857,7.400705525395097,56.0,628.0,11.214285714285714,22.0,0.3928571428571428,1.0,102.0,0.0,7.017982410044188,7.846153846153846,7.846153846153846,13.0,0.0,0.0,0.5517845554938932,0.0,0.0,1.0,0.0,3.0,0.5443724334136929,0.0,0.0,1.0,0.0,3.0,0.5976751578806843,1.0,96.0,0.4724302706328407,0.0,0.0,1.0
128.0,11,48.0,0.8,7.060026125761861,60.0,604.0,10.066666666666666,0.0,0.0,10.0,218.0,116.0,6.59917375500048,7.032258064516129,7.032258064516129,31.0,1.0,6.0,0.3277676663850011,0.0,31.0,0.9740422499279058,0.0,3.0,0.9130937300152094,3.0,6.0,0.1687670331210467,0.0,24.0,0.9340764155256424,6.0,148.0,0.2048292930766192,0.0,0.0,1.0
136.0,13,79.0,1.2741935483870968,6.748470440458817,62.0,612.0,9.870967741935484,8.0,0.1290322580645161,12.0,183.0,0.0,2.688567326085681,6.535714285714286,6.535714285714286,28.0,1.0,2.0,0.0007217678191224,2.0,6.0,0.2529542473481996,0.0,0.0,0.5014698911740844,1.0,13.0,0.2574546065572575,0.0,7.0,0.406122434519499,8.0,155.0,0.0884860069021704,0.0,0.0,1.0
144.0,16,56.0,0.8484848484848485,6.295492077415137,66.0,588.0,8.909090909090908,0.0,0.0,9.0,170.0,0.0,4.179257375434924,6.071428571428571,6.071428571428571,28.0,1.0,3.0,0.2269759835064624,1.0,7.0,0.4111595771970132,1.0,6.0,0.0,3.0,18.0,1.9573818544009345e-05,1.0,12.0,0.7165577942313593,2.0,124.0,0.1962502944671569,0.0,0.0,1.0
152.0,19,137.0,1.8767123287671232,6.376033396970914,73.0,685.0,9.383561643835616,97.0,1.3287671232876712,16.0,283.0,113.0,3.551114366408145,7.861111111111111,7.861111111111111,36.0,3.0,19.0,0.0024378772600239,1.0,10.0,0.3745786635944744,1.0,14.0,0.0,3.0,42.0,0.1998053723241502,3.0,35.0,0.5481352695277719,5.0,163.0,0.1585630327260411,0.0,0.0,0.4068620137701924
160.0,16,105.0,1.3636363636363635,6.048769281252319,77.0,695.0,9.025974025974026,10.0,0.1298701298701298,10.0,173.0,0.0,4.09907581295422,6.407407407407407,6.407407407407407,27.0,0.0,0.0,1.0,0.0,0.0,0.2608394043791872,2.0,25.0,0.4720137678846345,1.0,2.0,0.4612450481726316,1.0,41.0,0.4578634227573352,5.0,104.0,0.1565861603202154,1.0,1.0,0.0005634725331512
168.0,20,135.0,1.7307692307692308,6.644464141982177,78.0,757.0,9.705128205128204,62.0,0.7948717948717948,16.0,162.0,0.0,4.319174326044797,4.05,4.05,40.0,2.0,2.0,0.3392632828770563,2.0,5.0,0.0822731152841606,2.0,9.0,0.3387934698266041,1.0,2.0,0.1575792561139297,4.0,64.0,0.4263734662431335,5.0,80.0,0.3309075868174807,0.0,0.0,1.0
176.0,14,183.0,2.4078947368421053,6.59309501350302,76.0,841.0,11.06578947368421,84.0,1.105263157894737,13.0,184.0,22.0,2.58250452509578,5.575757575757576,5.575757575757576,33.0,3.0,17.0,0.3444252681611247,1.0,9.0,0.1664874574781853,0.0,0.0,1.0,4.0,25.0,4.5202236811503096e-06,1.0,45.0,0.2175722570022239,4.0,88.0,0.1528580017246696,0.0,0.0,0.0937058460375972
184.0,11,48.0,0.7741935483870968,7.535868668008253,62.0,704.0,11.35483870967742,0.0,0.0,10.0,175.0,0.0,3.729575852661116,6.730769230769231,6.730769230769231,26.0,2.0,14.0,0.0001022022684091,2.0,39.0,0.4549778266443366,0.0,3.0,0.9897461460384358,0.0,0.0,1.0,3.0,55.0,0.1963499527345288,3.0,64.0,0.1770597624647682,0.0,0.0,0.9437792920970683
192.0,8,42.0,0.6885245901639344,8.298696895266161,61.0,740.0,12.131147540983608,36.0,0.5901639344262295,8.0,150.0,0.0,4.857954987944836,5.555555555555555,5.555555555555555,27.0,0.0,0.0,1.0,3.0,45.0,0.3933631677447632,0.0,6.0,0.9460467999279658,0.0,0.0,1.0,0.0,19.0,0.5187849137664974,4.0,76.0,0.0551104618298669,1.0,4.0,0.0001267035256056
200.0,16,71.0,1.1833333333333331,5.947870886400917,60.0,785.0,13.083333333333334,45.0,0.75,15.0,159.0,9.0,2.5454941996508267,4.96875,4.96875,32.0,0.0,0.0,0.0468199719180428,4.0,36.0,0.1602449745692971,2.0,18.0,0.311113147305936,1.0,1.0,0.1958557132264338,4.0,36.0,0.1562018032433386,3.0,56.0,0.1660794636769463,1.0,12.0,0.0
208.0,15,89.0,1.4126984126984128,6.471414734329679,63.0,768.0,12.19047619047619,0.0,0.0,11.0,177.0,18.0,3.266289617158576,6.555555555555555,6.555555555555555,27.0,1.0,2.0,0.0277244609919237,4.0,66.0,0.1606537922775718,1.0,12.0,0.4122265363267467,0.0,0.0,1.0,1.0,33.0,0.49083489532751,4.0,64.0,0.0694997787731512,0.0,0.0,1.0
216.0,9,72.0,1.1612903225806452,8.658362505144025,62.0,759.0,12.241935483870968,0.0,0.0,7.0,126.0,0.0,5.719418401449561,6.0,6.0,21.0,3.0,25.0,0.0721432325810583,0.0,19.0,0.5293770720778436,1.0,20.0,0.5619116673687558,0.0,0.0,0.4860998325573027,0.0,0.0,0.9879535892131078,3.0,62.0,0.3669846995832397,0.0,0.0,1.0
224.0,11,75.0,1.271186440677966,8.026647004370144,59.0,670.0,11.35593220338983,0.0,0.0,10.0,114.0,0.0,5.13672613183572,5.428571428571429,5.428571428571429,21.0,0.0,0.0,0.3331535874332904,2.0,15.0,0.5652271128818409,2.0,10.0,0.0006643230923667,1.0,6.0,0.0,0.0,3.0,0.8827818329934467,5.0,80.0,0.3611815452617911,0.0,0.0,1.0
232.0,4,20.0,0.3571428571428571,8.569477827174373,56.0,646.0,11.535714285714286,0.0,0.0,4.0,44.0,0.0,7.006799452971678,1.6296296296296295,1.6296296296296295,27.0,2.0,12.0,0.0,1.0,5.0,0.2824931679834357,0.0,14.0,0.9355236538569028,0.0,6.0,0.3084401975357508,0.0,3.0,0.5301505116630466,1.0,4.0,0.4445800046996561,0.0,0.0,0.9431475899156307
240.0,17,97.0,1.6724137931034482,7.138917348652869,58.0,669.0,11.53448275862069,23.0,0.396551724137931,16.0,130.0,86.0,3.655839722180815,4.642857142857143,4.642857142857143,28.0,0.0,0.0,1.0,4.0,43.0,0.3134175097425326,1.0,6.0,0.3982853837577552,3.0,23.0,3.169142194610914e-05,3.0,25.0,0.3335079646651561,5.0,33.0,0.1024232176454593,0.0,0.0,0.9533529345147008
248.0,4,22.0,0.4,7.554788578981006,55.0,599.0,10.89090909090909,0.0,0.0,3.0,70.0,0.0,4.80273966506082,4.117647058823529,4.117647058823529,17.0,0.0,0.0,0.5436678034524304,0.0,18.0,0.526517589043808,2.0,18.0,0.0,0.0,0.0,1.0,0.0,16.0,0.3453433068703977,1.0,18.0,0.2242178328307251,0.0,0.0,1.0
256.0,4,28.0,0.5185185185185185,10.626252680356728,54.0,587.0,10.87037037037037,0.0,0.0,4.0,61.0,0.0,9.60397448943338,3.588235294117647,3.588235294117647,17.0,0.0,0.0,0.9529265485956312,1.0,7.0,0.0,0.0,0.0,1.0,0.0,0.0,1.0,2.0,28.0,0.6372999296067586,1.0,19.0,0.6512579729878794,0.0,7.0,0.9563480688092854
264.0,3,21.0,0.4117647058823529,7.872020554222745,51.0,449.0,8.803921568627452,0.0,0.0,3.0,46.0,0.0,6.676833493268521,2.1904761904761907,2.1904761904761907,21.0,1.0,16.0,0.2328531439973577,1.0,15.0,0.0,0.0,0.0,0.958362129933222,0.0,0.0,0.0129833074641159,0.0,0.0,0.8945655591563764,0.0,7.0,0.5387832358407562,1.0,8.0,0.4725093625097541
272.0,11,57.0,1.0961538461538465,7.1705861882020185,52.0,459.0,8.826923076923077,10.0,0.1923076923076923,8.0,56.0,10.0,5.152881431198939,2.5454545454545454,2.5454545454545454,22.0,4.0,28.0,0.1235314370877084,0.0,3.0,0.4818667888766366,2.0,5.0,0.3111595075647674,1.0,8.0,0.4502744514357394,0.0,0.0,0.9272437638391708,1.0,12.0,0.5397809571770686,0.0,0.0,0.4995680134210639
280.0,13,88.0,1.7959183673469388,7.288057600636645,49.0,483.0,9.857142857142858,24.0,0.4897959183673469,12.0,101.0,45.0,2.096780989296404,6.3125,6.3125,16.0,5.0,61.0,0.0484249827646358,4.0,20.0,0.1854078185569981,0.0,0.0,1.0,1.0,6.0,5.5411340618370845e-05,0.0,3.0,0.6540433528852417,2.0,11.0,0.18970621205693,0.0,0.0,1.0
288.0,5,14.0,0.2916666666666667,8.650924895681124,48.0,498.0,10.375,15.0,0.3125,3.0,69.0,0.0,6.712588355565998,4.6,4.6,15.0,1.0,48.0,0.1930003963934385,0.0,0.0,1.0,1.0,1.0,0.3705378933002599,1.0,14.0,0.0,0.0,6.0,0.9290611648232078,0.0,0.0,0.813610401453373,0.0,0.0,1.0
296.0,4,24.0,0.5106382978723404,9.42611727625087,47.0,329.0,7.0,0.0,0.0,4.0,35.0,0.0,5.9783144412451845,2.9166666666666665,2.9166666666666665,12.0,1.0,5.0,0.5888888404076665,0.0,0.0,1.0,0.0,0.0,0.3826030168953535,1.0,25.0,0.0741386147966995,0.0,1.0,0.7054675593930458,2.0,4.0,0.0024597163762203,0.0,0.0,1.0
304.0,6,14.0,0.3255813953488372,9.182145833479256,43.0,233.0,5.418604651162791,0.0,0.0,5.0,37.0,2.0,6.698773171507039,2.466666666666667,2.466666666666667,15.0,1.0,6.0,0.4672524069894518,0.0,0.0,0.6704531790853333,1.0,15.0,0.7489979984554472,1.0,4.0,0.3441215275077967,2.0,7.0,0.1220291491804966,0.0,5.0,0.2797398639087474,0.0,0.0,1.0
312.0,9,36.0,0.8372093023255814,8.266430726298358,43.0,265.0,6.162790697674419,32.0,0.7441860465116279,7.0,42.0,5.0,5.004993209095574,3.0,3.0,14.0,1.0,4.0,0.6138013281452054,3.0,7.0,0.1236482034543545,0.0,0.0,0.9516696969098876,2.0,17.0,5.015690308210487e-06,0.0,3.0,0.719169347119628,1.0,11.0,0.295487918137821,0.0,0.0,1.0
320.0,6,20.0,0.4545454545454545,8.26203404949169,44.0,293.0,6.659090909090909,28.0,0.6363636363636364,5.0,25.0,0.0,6.127390024169014,1.3888888888888888,1.3888888888888888,18.0,2.0,2.0,0.2340454046249225,0.0,0.0,0.3356961346035264,1.0,14.0,0.6904284787734163,1.0,4.0,0.0045958294697608,0.0,2.0,0.4159270944408763,1.0,3.0,0.5293865985489178,0.0,0.0,0.6164442510266405
328.0,8,46.0,1.15,9.114273458141833,40.0,285.0,7.125,0.0,0.0,6.0,48.0,23.0,6.171595337819311,4.0,4.0,12.0,1.0,9.0,0.327518923214716,0.0,0.0,1.0,1.0,14.0,0.0,1.0,4.0,1.0172829004014558e-05,0.0,0.0,1.0,2.0,18.0,0.6463037060138487,1.0,3.0,0.0010566225593404
336.0,2,32.0,0.8205128205128205,9.724243982995144,39.0,231.0,5.923076923076923,0.0,0.0,2.0,39.0,0.0,7.555594939946698,3.9,3.9,10.0,0.0,0.0,1.0,0.0,4.0,0.1941405923821628,0.0,3.0,0.9947123793458506,0.0,0.0,0.4665882613911362,0.0,0.0,1.0,2.0,32.0,0.4310195106341918,0.0,0.0,0.8402609254086739
344.0,5,18.0,0.4186046511627907,8.844953556865482,43.0,201.0,4.674418604651163,0.0,0.0,5.0,25.0,0.0,5.76263654030667,2.083333333333333,2.083333333333333,12.0,0.0,0.0,0.90002141263386,2.0,12.0,0.1210590631783894,1.0,3.0,0.0001820908171932,1.0,4.0,0.0,0.0,3.0,0.6561041913671815,1.0,3.0,0.3530514500331208,0.0,0.0,0.8861974807749295
352.0,7,30.0,0.6818181818181818,7.602196791975832,44.0,159.0,3.613636363636364,0.0,0.0,6.0,36.0,11.0,4.179231834501592,2.4,2.4,15.0,1.0,5.0,0.4140373722700188,0.0,0.0,1.0,0.0,0.0,1.0,1.0,12.0,0.0,0.0,3.0,0.9365151119244386,2.0,8.0,0.1215431010505304,2.0,8.0,0.2345301597247621
360.0,5,33.0,0.7333333333333333,7.207749445135128,45.0,219.0,4.866666666666666,60.0,1.3333333333333333,5.0,62.0,26.0,3.497916465527018,3.4444444444444446,3.4444444444444446,18.0,2.0,10.0,0.2292556492885949,0.0,3.0,0.9776892744537388,0.0,3.0,0.1618467859680417,0.0,0.0,1.0,0.0,3.0,0.5769355254027497,0.0,11.0,0.1399727169369353,3.0,32.0,0.0830430182912114
368.0,10,37.0,0.7872340425531915,7.594189175927781,47.0,254.0,5.404255319148936,35.0,0.7446808510638298,9.0,69.0,7.0,6.646064995204554,3.136363636363636,3.136363636363636,22.0,5.0,27.0,0.0002460762514277,1.0,5.0,0.4697983328185285,0.0,7.0,0.9422115075804642,0.0,0.0,0.7677077872980221,0.0,10.0,0.9691769515356586,3.0,20.0,0.232132122507943,0.0,0.0,1.0
376.0,9,40.0,0.8888888888888888,6.216774124071055,45.0,254.0,5.644444444444445,0.0,0.0,7.0,87.0,18.0,4.237478432089661,3.954545454545455,3.954545454545455,22.0,1.0,25.0,0.0176828685141962,3.0,26.0,0.0,0.0,3.0,0.541524205042773,2.0,13.0,0.0197100927567943,0.0,5.0,0.7264665214922053,1.0,15.0,0.2971841281567536,0.0,0.0,1.0
384.0,5,27.0,0.5294117647058824,7.576547564907843,51.0,280.0,5.490196078431373,26.0,0.5098039215686274,4.0,36.0,0.0,8.308159934733228,2.0,2.0,18.0,0.0,0.0,1.0,0.0,4.0,0.6754544199623641,0.0,0.0,1.0,0.0,0.0,0.253246866030563,1.0,14.0,0.6979763780842161,3.0,18.0,0.5070770273539592,0.0,0.0,1.0
392.0,10,56.0,1.0769230769230769,7.474085390633835,52.0,292.0,5.615384615384615,12.0,0.2307692307692307,7.0,49.0,13.0,4.184953187012519,2.8823529411764706,2.8823529411764706,17.0,0.0,0.0,1.0,3.0,22.0,0.0062289244712184,0.0,0.0,1.0,1.0,6.0,0.3767022483416578,1.0,15.0,0.5530424737810461,2.0,6.0,0.2800058860161564,0.0,0.0,1.0
400.0,7,50.0,0.9433962264150944,7.565778436347595,53.0,323.0,6.09433962264151,31.0,0.5849056603773585,6.0,77.0,28.0,6.543460563972279,2.9615384615384617,2.9615384615384617,26.0,0.0,0.0,1.0,0.0,0.0,0.9965013074621764,0.0,15.0,0.8782855919520429,3.0,22.0,0.0002498134788856,2.0,20.0,0.306994550433893,1.0,14.0,0.1185433318099303,0.0,6.0,0.8177909515888264
408.0,7,68.0,1.36,7.686974462475128,50.0,355.0,7.1,32.0,0.64,6.0,115.0,38.0,6.237058592658126,4.25925925925926,4.25925925925926,27.0,0.0,0.0,0.960878231120192,0.0,0.0,0.4113772667486742,0.0,9.0,0.5307716211241378,3.0,58.0,0.2429330454280794,2.0,32.0,0.4752624108509429,1.0,16.0,0.2251991626338398,0.0,0.0,1.0
416.0,12,103.0,2.191489361702128,7.407738263312944,47.0,379.0,8.063829787234043,24.0,0.5106382978723404,11.0,138.0,23.0,5.097820093928315,5.75,5.75,24.0,2.0,8.0,3.665351165437135e-05,1.0,6.0,0.0,2.0,27.0,0.598757545628455,2.0,40.0,0.0,4.0,51.0,0.3274418690986035,0.0,6.0,0.9722727863940764,0.0,0.0,1.0
424.0,11,92.0,1.9166666666666667,6.685669241557527,48.0,414.0,8.625,35.0,0.7291666666666666,6.0,102.0,0.0,4.973953421043869,6.0,6.0,17.0,0.0,0.0,1.0,0.0,0.0,0.6595048798088752,2.0,33.0,0.3086753648941258,0.0,0.0,1.0,3.0,59.0,0.3365828348481964,1.0,7.0,0.2938635922208802,0.0,3.0,0.4483556542445182
432.0,11,167.0,3.34,8.731167107483172,50.0,461.0,9.22,47.0,0.94,7.0,154.0,52.0,7.889314827051575,7.7,7.7,20.0,0.0,0.0,0.9561140418620064,0.0,0.0,1.0,2.0,61.0,0.5456765649429595,0.0,0.0,0.5148818461086657,5.0,84.0,0.1339976737965514,0.0,7.0,0.9071773351887148,0.0,2.0,0.8812594940556489
440.0,7,135.0,2.7,8.10458982960579,50.0,486.0,9.72,25.0,0.5,7.0,176.0,22.0,7.677922953756043,7.6521739130434785,7.6521739130434785,23.0,1.0,1.0,0.5840415489839729,0.0,3.0,0.6578172334407221,3.0,60.0,0.2362253884617671,1.0,3.0,0.0001160208502147,2.0,104.0,0.2450842994403817,0.0,0.0,0.9471020379441092,0.0,5.0,0.9276006918673272
448.0,7,18.0,0.3272727272727272,8.232670213560652,55.0,479.0,8.709090909090909,0.0,0.0,5.0,116.0,0.0,7.102302885312622,4.833333333333333,4.833333333333333,24.0,1.0,9.0,0.4798389919607893,1.0,8.0,9.074230031330857e-06,0.0,28.0,0.6798706452983138,0.0,0.0,0.7954812572070245,2.0,71.0,0.2679831546823433,1.0,0.0,0.6604328767942969,0.0,0.0,0.7611388884512923
456.0,10,53.0,1.06,7.008922543030666,50.0,395.0,7.9,0.0,0.0,9.0,124.0,8.0,4.310169351804055,5.636363636363637,5.636363636363637,22.0,1.0,5.0,0.2994880512536084,2.0,20.0,0.0001779964380642,1.0,35.0,0.4643276523977874,1.0,7.0,0.3136953236184993,1.0,48.0,0.3281309037740336,2.0,7.0,0.4764861745766389,1.0,2.0,0.0019349371554122
464.0,9,50.0,0.9433962264150944,7.177698424639124,53.0,447.0,8.433962264150944,52.0,0.981132075471698,8.0,134.0,10.0,4.722611706386197,6.090909090909091,6.090909090909091,22.0,1.0,3.0,0.099402015742752,0.0,0.0,0.6748116856614366,2.0,46.0,1.646225741484036e-05,0.0,0.0,1.0,1.0,54.0,0.47635924092317,3.0,21.0,0.4258804906119764,1.0,10.0,0.0
472.0,13,64.0,1.0491803278688523,6.66917799344507,61.0,452.0,7.409836065573771,5.0,0.081967213114754,7.0,66.0,0.0,4.36153171026856,3.6666666666666665,3.6666666666666665,18.0,3.0,23.0,5.671469288098449e-06,0.0,0.0,1.0,0.0,0.0,1.0,0.0,3.0,0.0890661921901733,0.0,3.0,0.4236382382099634,4.0,37.0,0.3618870734389148,0.0,0.0,0.9892130721807558
480.0,10,32.0,0.5245901639344263,7.065210146110953,61.0,430.0,7.049180327868853,0.0,0.0,8.0,107.0,41.0,6.115035101851941,3.34375,3.34375,32.0,0.0,11.0,0.5279894663706429,0.0,5.0,0.8001699274868774,0.0,11.0,0.7104268310911654,1.0,13.0,0.3983744867982074,2.0,20.0,0.491637916562288,5.0,44.0,0.0658576697245061,0.0,3.0,0.8545539245597467
488.0,14,44.0,0.6567164179104478,7.108600412899488,67.0,479.0,7.149253731343284,49.0,0.7313432835820896,12.0,117.0,10.0,4.97974610384154,4.5,4.5,26.0,3.0,24.0,4.77658695844909e-05,2.0,6.0,0.1039176883874908,0.0,8.0,0.8997676868489983,1.0,3.0,0.0,1.0,13.0,0.5049106506678714,3.0,52.0,0.3293426699977032,2.0,11.0,0.3542256999103962
496.0,14,101.0,1.2625,7.679927867410152,80.0,516.0,6.45,37.0,0.4625,11.0,146.0,29.0,6.212104809167389,4.424242424242424,4.424242424242424,33.0,1.0,5.0,0.4789605851067289,0.0,3.0,0.3044076089885144,1.0,6.0,0.5754557523473,1.0,11.0,0.0,1.0,23.0,0.7301562408632678,4.0,63.0,0.364565960838329,3.0,35.0,0.1074569661069122
504.0,19,94.0,1.1058823529411763,6.8452822505509445,85.0,582.0,6.847058823529411,66.0,0.7764705882352941,16.0,141.0,0.0,4.400322318054491,3.615384615384616,3.615384615384616,39.0,4.0,24.0,0.0966484156878341,6.0,41.0,0.2676614784326869,1.0,11.0,0.4542057991615659,1.0,5.0,8.12490989042018e-05,1.0,27.0,0.6571456178581867,3.0,29.0,0.1383938014603653,0.0,4.0,0.2621882979396653
512.0,19,179.0,2.2375,7.618749622723376,80.0,635.0,7.9375,53.0,0.6625,17.0,231.0,90.0,5.509041809778736,5.25,5.25,44.0,5.0,61.0,8.38227691074171e-06,4.0,56.0,0.1991111372904395,2.0,27.0,0.6442599552690419,0.0,0.0,0.963998154187752,3.0,52.0,0.4306768781925415,2.0,29.0,0.478252027714973,1.0,6.0,0.0002190451831331
520.0,16,90.0,1.1111111111111112,6.256505696207385,81.0,772.0,9.530864197530864,137.0,1.691358024691358,16.0,212.0,0.0,3.721808870570232,4.416666666666667,4.416666666666667,48.0,1.0,41.0,0.0666808640787899,3.0,11.0,0.0187865830599933,2.0,14.0,0.3692733072486366,0.0,0.0,0.4007993787787775,4.0,95.0,0.3890581581245169,5.0,34.0,0.1912852293547648,1.0,17.0,0.2994402953890724
528.0,20,168.0,2.0240963855421685,7.008125544612093,83.0,838.0,10.096385542168674,66.0,0.7951807228915663,18.0,227.0,15.0,4.043184234416399,5.82051282051282,5.82051282051282,39.0,2.0,26.0,0.2140799174208261,1.0,16.0,0.1141513978587593,0.0,9.0,0.7529747839805522,2.0,12.0,0.425626667567989,5.0,98.0,0.3389231302298855,8.0,66.0,0.1074398033989029,0.0,0.0,1.0
536.0,15,145.0,1.8831168831168832,7.650745810028295,77.0,821.0,10.662337662337665,0.0,0.0,14.0,221.0,0.0,4.683815401861377,6.696969696969697,6.696969696969697,33.0,5.0,35.0,0.1840652833491553,1.0,21.0,0.4991470454375922,0.0,16.0,0.5283570970193207,5.0,44.0,0.0001891510293127,1.0,71.0,0.4306693725989876,2.0,31.0,0.3400934668869319,0.0,3.0,0.708888682361944
544.0,18,204.0,2.72,7.242362094768934,75.0,888.0,11.84,67.0,0.8933333333333333,14.0,292.0,71.0,5.658090722631664,6.636363636363637,6.636363636363637,44.0,0.0,32.0,0.1401431830459712,1.0,17.0,0.6072600390098648,3.0,25.0,0.2843733113837236,4.0,74.0,0.0,4.0,89.0,0.34225080176907,2.0,44.0,0.6722803371821967,0.0,11.0,0.9248556968528876
552.0,13,81.0,1.1408450704225352,7.490693909325222,71.0,874.0,12.309859154929578,0.0,0.0,11.0,163.0,0.0,4.156348915754598,5.433333333333334,5.433333333333334,30.0,3.0,22.0,0.1587570792512203,1.0,11.0,0.1646908375223555,0.0,1.0,0.3860393889299524,0.0,3.0,0.368677926000575,5.0,76.0,0.0679979486350578,2.0,50.0,0.493277259195526,0.0,0.0,0.9546811087964904
560.0,18,147.0,2.194029850746269,7.034666990888037,67.0,906.0,13.522388059701491,32.0,0.4776119402985074,16.0,195.0,32.0,2.511229100992844,7.5,7.5,26.0,3.0,14.0,0.0788545630850808,1.0,14.0,0.0,3.0,18.0,0.3013187062522043,3.0,17.0,0.2313117312817099,2.0,59.0,0.2456425150429796,4.0,73.0,0.0001943156231429,0.0,0.0,0.1698399903103021
568.0,13,102.0,1.4166666666666667,7.285502640828345,72.0,851.0,11.819444444444445,0.0,0.0,11.0,144.0,0.0,4.266861326396287,5.333333333333333,5.333333333333333,27.0,1.0,14.0,0.3633719101821049,1.0,5.0,0.0235028178237886,6.0,65.0,0.2900913894664507,0.0,9.0,0.2968630880738197,1.0,26.0,0.3811961816908557,2.0,25.0,0.3790394210523835,0.0,0.0,0.3780436432159038
576.0,22,224.0,2.9473684210526314,6.864411658611226,76.0,889.0,11.697368421052632,38.0,0.5,20.0,252.0,108.0,3.0981909459941384,7.411764705882353,7.411764705882353,34.0,2.0,20.0,0.0,0.0,2.0,0.2682397634333877,9.0,118.0,0.11795121129147,2.0,28.0,0.2547946199575318,2.0,39.0,0.5630015055804908,5.0,45.0,0.2476423011041882,0.0,0.0,0.012765662003436
584.0,25,176.0,2.2278481012658227,5.698908765078132,79.0,996.0,12.60759493670886,107.0,1.3544303797468351,19.0,261.0,9.0,1.346723419971856,8.7,8.7,30.0,0.0,0.0,0.3616802901963469,3.0,10.0,0.0016442476915162,7.0,159.0,0.0239477317022234,5.0,49.0,9.212080165680994e-06,3.0,25.0,0.1844703210540052,0.0,10.0,0.3325800535004237,1.0,8.0,0.0
592.0,11,115.0,1.4024390243902438,7.631569715673826,82.0,1061.0,12.939024390243905,65.0,0.7926829268292683,7.0,256.0,0.0,7.85316229233089,7.314285714285714,7.314285714285714,35.0,0.0,0.0,0.9855121745010278,0.0,0.0,1.0,2.0,113.0,0.4869938523779509,5.0,92.0,0.0082975852872918,0.0,42.0,0.6816624435227058,0.0,6.0,0.8784519407946852,0.0,3.0,0.8961236255270387
600.0,16,91.0,1.1666666666666667,6.706768447929594,78.0,949.0,12.166666666666666,0.0,0.0,14.0,239.0,0.0,3.784692262219014,6.638888888888889,6.638888888888889,36.0,0.0,0.0,0.107314449003984,0.0,0.0,1.0,5.0,148.0,0.2681872286138391,0.0,1.0,0.3199563984811819,6.0,69.0,0.1772775921064944,1.0,9.0,0.6723441125833969,2.0,12.0,3.384011517813934e-05
608.0,24,196.0,2.5128205128205128,6.131350019001963,78.0,1017.0,13.038461538461538,68.0,0.8717948717948718,16.0,323.0,84.0,2.2047834027703272,10.766666666666667,10.766666666666667,30.0,1.0,7.0,0.0,1.0,9.0,0.0834807821243496,7.0,197.0,0.1239084057004444,2.0,8.0,0.0004677404581336,1.0,65.0,0.2248240267089991,4.0,37.0,0.1701693641265255,0.0,0.0,1.0
616.0,10,145.0,1.9594594594594597,7.9626982388942364,74.0,976.0,13.18918918918919,0.0,0.0,6.0,219.0,0.0,7.555540641010581,6.84375,6.84375,32.0,0.0,0.0,0.6626449755536812,1.0,10.0,0.550668999156811,3.0,167.0,0.1436800398450844,2.0,24.0,0.5018098929762583,0.0,11.0,0.7936268012396411,0.0,7.0,0.8535429342787703,0.0,0.0,1.0
624.0,16,60.0,0.8108108108108109,7.584833342308524,74.0,1004.0,13.567567567567568,28.0,0.3783783783783784,9.0,174.0,0.0,6.671505805709173,5.2727272727272725,5.2727272727272725,33.0,2.0,5.0,0.0143630887643617,1.0,5.0,0.0102081303862644,3.0,93.0,0.091206281880675,3.0,7.0,0.1032203819402448,0.0,38.0,0.914776041640249,0.0,16.0,0.8704570501537102,0.0,10.0,0.8241763497844841
632.0,12,106.0,1.5588235294117647,9.025372241154146,68.0,986.0,14.5,0.0,0.0,8.0,181.0,7.0,7.714563848547345,7.541666666666667,7.541666666666667,24.0,0.0,0.0,1.0,1.0,9.0,0.0,4.0,122.0,0.1835197459246258,3.0,18.0,0.1804262395922931,0.0,3.0,0.9610365554004918,0.0,29.0,0.9521176479706058,0.0,0.0,0.8857238137788439
640.0,10,93.0,1.5,8.392146775803955,62.0,926.0,14.935483870967742,0.0,0.0,6.0,175.0,0.0,6.832713597287844,6.0344827586206895,6.0344827586206895,29.0,0.0,0.0,1.0,1.0,17.0,0.6291498440297641,0.0,89.0,0.4992080245824499,3.0,33.0,0.251429648501347,0.0,0.0,0.9174737400489302,0.0,31.0,0.8671641829288351,2.0,5.0,0.4475066930682358
648.0,9,34.0,0.5964912280701754,8.257471328705805,57.0,794.0,13.929824561403509,0.0,0.0,7.0,128.0,0.0,5.075104365902961,5.818181818181818,5.818181818181818,22.0,0.0,0.0,1.0,0.0,0.0,0.975435200557676,5.0,110.0,0.0154638134402802,1.0,1.0,0.0013236040179754,1.0,11.0,0.6081914520959922,0.0,0.0,0.7168785981143329,0.0,6.0,0.4856913053000802
656.0,2,9.0,0.1666666666666666,8.947045935652923,54.0,604.0,11.185185185185183,0.0,0.0,1.0,49.0,0.0,5.679365743662637,3.0625,3.0625,16.0,0.0,0.0,1.0,1.0,9.0,0.2117955745035774,0.0,26.0,0.2150222818896556,0.0,0.0,1.0,0.0,3.0,0.6838540428959836,0.0,11.0,0.4982392713839223,0.0,0.0,0.7870642650932564
664.0,8,27.0,0.5192307692307693,8.18934224994052,52.0,391.0,7.519230769230769,0.0,0.0,4.0,43.0,0.0,7.617364413756405,1.8695652173913044,1.8695652173913044,23.0,0.0,0.0,1.0,1.0,14.0,0.4558854417850156,0.0,11.0,0.4434796117681635,1.0,4.0,0.4986009679984871,0.0,5.0,0.8294950474619647,1.0,5.0,0.6016671600476339,1.0,4.0,0.4205538252263323
672.0,11,91.0,1.6851851851851851,7.88228388453412,54.0,364.0,6.7407407407407405,0.0,0.0,8.0,80.0,37.0,6.528799215003503,3.809523809523809,3.809523809523809,21.0,0.0,0.0,1.0,1.0,22.0,0.0,0.0,0.0,0.1486625521431838,5.0,30.0,0.0979978312846094,0.0,3.0,0.9386432775761154,1.0,13.0,0.6002902064618829,1.0,12.0,0.5944158449362527
680.0,13,104.0,1.7627118644067796,6.355556744796283,59.0,374.0,6.338983050847458,10.0,0.1694915254237288,12.0,117.0,37.0,2.06550738665003,5.85,5.85,20.0,0.0,0.0,1.0,0.0,0.0,1.0,2.0,10.0,0.3572203129269855,6.0,75.0,1.2488953557774584e-05,2.0,12.0,0.220496915887235,2.0,20.0,0.047503730891087,0.0,0.0,0.2748900617375733
688.0,13,97.0,1.7321428571428572,6.9368765909885175,56.0,407.0,7.267857142857143,33.0,0.5892857142857143,6.0,129.0,12.0,5.661708297403026,6.45,6.45,20.0,1.0,4.0,0.3767788132674638,0.0,0.0,1.0,0.0,14.0,0.4008957417908692,4.0,52.0,0.0003420347214381,0.0,9.0,0.5244974468912768,1.0,47.0,0.5600955691817926,0.0,3.0,0.7824017682824596
696.0,9,36.0,0.6428571428571429,6.94361527000189,56.0,494.0,8.821428571428571,87.0,1.5535714285714286,7.0,85.0,0.0,5.446817920025221,4.722222222222222,4.722222222222222,18.0,0.0,0.0,0.9286186666831712,1.0,4.0,0.0001992750745304,0.0,13.0,0.6590220298688422,2.0,20.0,0.1099191947605206,2.0,34.0,0.4772563083558438,2.0,9.0,0.0909428939232286,0.0,5.0,0.9504610828988712
704.0,2,17.0,0.2982456140350877,9.429297807559704,57.0,400.0,7.017543859649122,0.0,0.0,1.0,55.0,0.0,8.650922669474514,4.230769230769231,4.230769230769231,13.0,0.0,0.0,0.9098562063838648,0.0,0.0,0.8424046057475222,0.0,3.0,0.9018588977748884,1.0,17.0,0.0,0.0,19.0,0.5359740420340566,0.0,13.0,0.5834386509172723,0.0,3.0,0.970732813390282
712.0,9,26.0,0.4482758620689655,7.763969253598382,58.0,373.0,6.431034482758621,0.0,0.0,8.0,82.0,27.0,5.446240494375833,4.1,4.1,20.0,0.0,0.0,1.0,3.0,7.0,0.0128700495805436,0.0,0.0,1.0,1.0,8.0,0.2371873874560076,3.0,57.0,0.6080179282281907,1.0,10.0,0.3985110505169737,0.0,0.0,1.0
720.0,8,36.0,0.5901639344262295,7.425709138157292,61.0,358.0,5.868852459016393,0.0,0.0,6.0,90.0,8.0,6.014106909747678,4.285714285714286,4.285714285714286,21.0,0.0,0.0,1.0,2.0,14.0,0.0024154335148165,0.0,3.0,0.7202094514782883,0.0,0.0,1.0,2.0,54.0,0.4691829387154788,2.0,19.0,0.4724530693766262,0.0,0.0,1.0
728.0,10,71.0,1.2033898305084745,7.964155477430177,59.0,340.0,5.762711864406779,0.0,0.0,7.0,110.0,20.0,6.810447791142263,4.074074074074074,4.074074074074074,27.0,0.0,0.0,1.0,4.0,34.0,0.0011029593892387,0.0,0.0,0.0123016690004093,0.0,0.0,0.842838138037601,0.0,33.0,0.6039480870084415,3.0,43.0,0.546469084734734,0.0,0.0,1.0
736.0,17,100.0,1.6666666666666667,7.37459777011273,60.0,395.0,6.583333333333333,55.0,0.9166666666666666,13.0,131.0,21.0,7.041334493994556,3.852941176470588,3.852941176470588,34.0,1.0,4.0,0.0010500066914417,3.0,57.0,0.4829768637392415,1.0,10.0,0.6166020441887411,3.0,8.0,0.4298977199522892,2.0,22.0,0.6315648971316149,3.0,30.0,0.4679350408333403,0.0,0.0,1.0
744.0,14,108.0,1.611940298507463,6.850566180720167,67.0,442.0,6.597014925373134,47.0,0.7014925373134329,6.0,87.0,0.0,5.4740084544056415,3.954545454545455,3.954545454545455,22.0,0.0,0.0,1.0,0.0,0.0,0.6983822725596963,1.0,16.0,0.0,0.0,5.0,0.5223606121780503,0.0,7.0,0.9855233447622844,5.0,59.0,0.1304859615636628,0.0,0.0,0.9190523734929822
752.0,10,84.0,1.0632911392405062,7.966422857843252,79.0,522.0,6.6075949367088604,80.0,1.0126582278481011,7.0,83.0,0.0,5.624122535087538,3.1923076923076925,3.1923076923076925,26.0,1.0,6.0,0.2547856979027594,0.0,0.0,0.9513837304124132,1.0,24.0,0.4884334978646709,1.0,3.0,0.026605061750537,2.0,17.0,0.5231243411744547,1.0,28.0,0.5032328956972203,1.0,5.0,0.4771546722398562
760.0,17,68.0,0.8,6.871622698564304,85.0,542.0,6.376470588235295,20.0,0.2352941176470588,12.0,157.0,74.0,6.052467333932995,4.361111111111111,4.361111111111111,36.0,1.0,3.0,0.4177397280107925,0.0,0.0,0.5551314077935945,1.0,33.0,0.4864281729733524,2.0,15.0,0.3240852138795098,2.0,22.0,0.5361513229072579,5.0,64.0,0.3051342762522697,1.0,20.0,0.6750919376356809
768.0,24,170.0,2.207792207792208,6.116685071867725,77.0,630.0,8.181818181818182,88.0,1.1428571428571428,16.0,170.0,13.0,3.158365826695336,5.3125,5.3125,32.0,0.0,0.0,0.3432079486676325,0.0,0.0,0.2953551378735606,3.0,22.0,0.2824369055905942,1.0,15.0,0.4669904747650568,0.0,3.0,0.6995621179667744,7.0,86.0,0.1181620378716457,5.0,44.0,0.0003979064447846
776.0,16,124.0,1.530864197530864,6.658670797982901,81.0,724.0,8.938271604938272,94.0,1.160493827160494,11.0,244.0,74.0,5.117724100158687,7.176470588235294,7.176470588235294,34.0,0.0,0.0,0.6123364330302944,0.0,29.0,0.7136816638172357,2.0,21.0,0.0711694108117947,2.0,5.0,0.0833310884077299,0.0,15.0,0.8514464083568537,7.0,149.0,0.3156496099480864,0.0,25.0,0.2366932812495055
784.0,11,69.0,0.9324324324324323,8.111577589488725,74.0,673.0,9.094594594594597,0.0,0.0,7.0,90.0,0.0,6.3041405256907135,3.0,3.0,30.0,1.0,2.0,0.0062905650311358,1.0,7.0,0.6015262408330831,2.0,13.0,0.2415824484008325,2.0,15.0,0.0157327075734874,1.0,16.0,0.5987445521753039,0.0,34.0,0.7163160117571759,0.0,3.0,0.897602334980724
792.0,7,48.0,0.6956521739130435,9.005999375434321,69.0,641.0,9.289855072463768,0.0,0.0,5.0,68.0,0.0,8.00215450197404,2.6153846153846154,2.6153846153846154,26.0,1.0,8.0,0.0,2.0,18.0,9.330275239251513e-06,1.0,19.0,0.3055415216331769,0.0,0.0,1.0,0.0,14.0,0.9242990134062212,1.0,1.0,0.5599615646440019,0.0,8.0,0.8536101018342285
800.0,11,109.0,1.6515151515151516,8.467734297520112,66.0,615.0,9.318181818181818,0.0,0.0,8.0,97.0,29.0,5.952063789998136,3.3448275862068964,3.3448275862068964,29.0,1.0,16.0,0.0,2.0,34.0,0.46935907768933,3.0,33.0,0.3450562886264694,0.0,0.0,0.5274116472712987,0.0,6.0,0.607161377637064,2.0,8.0,0.3118647668352771,0.0,0.0,0.9419745101289724
808.0,16,106.0,1.7966101694915255,7.202072253450436,59.0,584.0,9.898305084745765,0.0,0.0,12.0,97.0,0.0,4.360693842398369,4.217391304347826,4.217391304347826,23.0,2.0,27.0,0.0041489835415795,1.0,5.0,0.6585682621841499,2.0,23.0,0.3254691145818541,2.0,7.0,0.1835211951977036,2.0,19.0,0.4718178517053709,3.0,13.0,0.0788674688475188,0.0,3.0,0.5883756976995914
816.0,15,163.0,2.963636363636364,8.07915111024399,55.0,644.0,11.709090909090907,60.0,1.0909090909090908,13.0,165.0,68.0,5.01865222398201,6.875,6.875,24.0,2.0,19.0,0.0,2.0,38.0,0.4620282565626037,1.0,20.0,0.0,3.0,27.0,0.3930621776803663,0.0,7.0,0.6491393958681754,5.0,47.0,0.2121866506080523,0.0,7.0,0.8587519273815486
824.0,8,55.0,1.0377358490566038,8.188594436519743,53.0,610.0,11.50943396226415,0.0,0.0,7.0,122.0,0.0,6.243947720588568,5.083333333333333,5.083333333333333,24.0,0.0,0.0,1.0,0.0,7.0,0.8190057675488204,0.0,3.0,0.991640550503029,2.0,39.0,0.0,2.0,24.0,0.4827464895430924,0.0,31.0,0.4263203959178785,3.0,18.0,0.0001915862904203
832.0,8,73.0,1.280701754385965,9.002892836210695,57.0,647.0,11.350877192982455,37.0,0.6491228070175439,8.0,159.0,37.0,5.499432424789615,6.625,6.625,24.0,0.0,0.0,0.0136828299942904,0.0,47.0,0.8676100046473698,1.0,2.0,0.4627717017474041,2.0,55.0,0.2786970287647833,2.0,18.0,0.4428200290971044,3.0,37.0,0.2534205930975152,0.0,0.0,0.8824200534545574
840.0,15,77.0,1.4,7.869604302290623,55.0,623.0,11.327272727272728,0.0,0.0,12.0,190.0,31.0,6.024266947013023,7.3076923076923075,7.3076923076923075,26.0,0.0,3.0,0.9747504116620918,2.0,72.0,0.5700989431189422,1.0,3.0,0.0001844758098256,3.0,17.0,0.1481689307310765,0.0,0.0,0.6235378555762094,6.0,95.0,0.3164431237700765,0.0,0.0,0.9743573315024812
848.0,5,20.0,0.3389830508474576,9.209034449679688,59.0,585.0,9.915254237288137,0.0,0.0,5.0,93.0,0.0,6.347163463526257,4.227272727272728,4.227272727272728,22.0,0.0,0.0,1.0,0.0,3.0,0.8814243418607566,0.0,0.0,0.8560658946234326,0.0,0.0,0.2372147822838431,1.0,4.0,0.3243745621635556,4.0,86.0,0.4623352625975693,0.0,0.0,0.0190759922021869
856.0,12,62.0,1.0689655172413792,8.41289024771585,58.0,615.0,10.60344827586207,30.0,0.5172413793103449,12.0,121.0,28.0,5.3456139201379695,3.903225806451613,3.903225806451613,31.0,1.0,4.0,0.3073801259949226,1.0,12.0,0.4662474027343437,1.0,4.0,2.0624133190133e-05,2.0,15.0,0.1692335049683372,1.0,16.0,0.7062945317056863,6.0,70.0,0.303064413320213,0.0,0.0,1.0
864.0,10,24.0,0.4210526315789473,7.392112129728503,57.0,588.0,10.31578947368421,0.0,0.0,7.0,52.0,0.0,5.982208356244271,2.0,2.0,26.0,2.0,7.0,0.0815400922006281,1.0,12.0,0.4900063329309492,0.0,9.0,0.9391070637673012,2.0,6.0,0.0009679414034823,0.0,0.0,0.632586072149056,2.0,18.0,0.4086740639904319,0.0,0.0,1.0
872.0,8,23.0,0.4107142857142857,7.924895231844514,56.0,544.0,9.714285714285714,0.0,0.0,8.0,59.0,7.0,4.439515957953736,2.458333333333333,2.458333333333333,24.0,0.0,0.0,1.0,0.0,0.0,0.9031180758320404,3.0,19.0,0.0607508312086233,1.0,2.0,0.3665728953477474,0.0,3.0,0.5659748773106292,4.0,24.0,0.1779833674794262,0.0,11.0,0.8677733258207802
880.0,9,34.0,0.6415094339622641,7.8689871953610515,53.0,401.0,7.566037735849057,0.0,0.0,8.0,45.0,0.0,2.714086227294359,3.0,3.0,15.0,0.0,0.0,1.0,0.0,0.0,1.0,2.0,3.0,0.0024947783743191,1.0,10.0,0.0,2.0,19.0,0.4108815265713119,3.0,10.0,0.0728766918786537,0.0,3.0,0.7719006114052552
888.0,5,26.0,0.5306122448979592,8.82662332186764,49.0,354.0,7.224489795918367,0.0,0.0,5.0,67.0,22.0,5.538809026050652,3.7222222222222223,3.7222222222222223,18.0,0.0,0.0,1.0,2.0,7.0,0.0026244986488734,0.0,3.0,0.9066096663463532,0.0,0.0,1.0,1.0,15.0,0.3283416236618263,2.0,29.0,0.2813021497358371,0.0,13.0,0.741323251910379
896.0,11,77.0,1.4259259259259258,7.53297811257513,54.0,349.0,6.462962962962963,0.0,0.0,11.0,116.0,49.0,6.080881231285454,4.296296296296297,4.296296296296297,27.0,0.0,0.0,1.0,3.0,33.0,0.5222630152261074,0.0,0.0,1.0,1.0,2.0,3.620846302493679e-05,1.0,27.0,0.5910554140973778,2.0,22.0,0.378924819784511,4.0,32.0,0.1552423654549438
904.0,7,45.0,0.8490566037735849,7.979948135701057,53.0,344.0,6.490566037735849,0.0,0.0,6.0,54.0,0.0,5.234892470865811,3.0,3.0,18.0,1.0,3.0,0.0004060550313258,0.0,0.0,1.0,0.0,0.0,1.0,0.0,3.0,0.0312044651978362,2.0,13.0,0.5090705469375943,3.0,35.0,0.2584662259592884,0.0,0.0,0.5671544550942079
912.0,4,16.0,0.3018867924528302,8.203912407442704,53.0,321.0,6.056603773584905,0.0,0.0,4.0,34.0,0.0,5.322931832272567,1.5454545454545454,1.5454545454545454,22.0,0.0,0.0,1.0,0.0,0.0,1.0,0.0,0.0,1.0,2.0,18.0,0.3000631763349479,0.0,6.0,0.3225199391882426,2.0,10.0,0.4145679536531332,0.0,0.0,0.5672745534666144
920.0,16,94.0,1.843137254901961,7.07121718544638,51.0,345.0,6.764705882352941,24.0,0.4705882352941176,14.0,112.0,78.0,5.339442561788599,3.733333333333333,3.733333333333333,30.0,4.0,11.0,0.1266881459054268,0.0,0.0,0.291038633452963,0.0,10.0,0.9495272186580728,3.0,38.0,0.0,0.0,0.0,0.345123096955542,6.0,43.0,0.3708417113647297,1.0,10.0,0.4643944010602492
928.0,12,101.0,2.1041666666666665,6.202232323614691,48.0,376.0,7.833333333333333,31.0,0.6458333333333334,12.0,158.0,46.0,3.1907922804666704,7.523809523809524,7.523809523809524,21.0,0.0,0.0,0.9750886773868976,2.0,9.0,0.0025174325422256,0.0,0.0,1.0,4.0,77.0,0.0307643431256054,0.0,3.0,0.7814650910459396,4.0,50.0,0.2033789238609922,2.0,19.0,0.324767417298535
936.0,8,35.0,0.6363636363636364,7.951918216032574,55.0,412.0,7.490909090909091,36.0,0.6545454545454545,8.0,55.0,0.0,5.096235583355636,2.5,2.5,22.0,1.0,1.0,0.4460833813731861,0.0,0.0,1.0,0.0,0.0,1.0,1.0,1.0,0.2936836944019442,0.0,7.0,0.7909872075658848,5.0,42.0,0.1509109448389579,1.0,4.0,0.0609513493437071
944.0,10,85.0,1.3492063492063493,8.016421224620103,63.0,469.0,7.444444444444445,57.0,0.9047619047619048,9.0,100.0,45.0,5.978688990777633,3.703703703703704,3.703703703703704,27.0,4.0,21.0,0.0007641027887445,1.0,8.0,0.2673890348984714,0.0,0.0,1.0,0.0,0.0,0.5998364662139855,0.0,3.0,0.8241998184735521,4.0,68.0,0.374835095149692,0.0,0.0,0.194469682490454
952.0,16,123.0,1.921875,6.375153517630312,64.0,455.0,7.109375,0.0,0.0,13.0,144.0,44.0,4.851105556616292,3.692307692307693,3.692307692307693,39.0,0.0,16.0,0.3199720461331424,1.0,1.0,0.181415880022703,0.0,6.0,0.6156245220835365,2.0,9.0,0.1460844199956578,2.0,3.0,0.4504112212171456,7.0,103.0,0.353750805415134,1.0,6.0,0.0
960.0,25,165.0,2.5384615384615383,5.806003882734935,65.0,576.0,8.861538461538462,121.0,1.8615384615384616,21.0,167.0,23.0,3.668564744402941,4.771428571428571,4.771428571428571,35.0,2.0,29.0,0.0904799229866457,4.0,28.0,0.1916238863907528,2.0,15.0,0.0002330244220023,1.0,4.0,3.63946262074024e-05,7.0,47.0,0.1181450613323495,5.0,41.0,0.4704558919526813,0.0,3.0,0.7157969727740298
968.0,15,77.0,1.1,6.2094107322806655,70.0,734.0,10.485714285714286,158.0,2.257142857142857,11.0,171.0,4.0,5.492975627699161,4.384615384615385,4.384615384615385,39.0,1.0,5.0,0.0,1.0,23.0,0.1730749431384423,1.0,8.0,0.6003258591404007,0.0,0.0,1.0,3.0,78.0,0.3852937008018463,5.0,47.0,0.3136404621996868,0.0,10.0,0.7935832306430931
976.0,28,160.0,2.2222222222222223,4.969312875205865,72.0,791.0,10.98611111111111,57.0,0.7916666666666666,25.0,234.0,63.0,3.049418546811945,5.086956521739131,5.086956521739131,46.0,0.0,0.0,0.419543284599785,4.0,49.0,0.010848825426484,3.0,9.0,0.0245120891810836,0.0,0.0,0.950618525272919,2.0,58.0,0.4039414719445559,12.0,93.0,0.1788052494804162,4.0,25.0,0.1840800711822691
984.0,15,60.0,0.8571428571428571,5.739205840498329,70.0,885.0,12.642857142857142,94.0,1.3428571428571427,12.0,212.0,0.0,3.229939477826495,5.888888888888889,5.888888888888889,36.0,3.0,21.0,0.1348344259174747,1.0,38.0,0.1889403047000729,0.0,0.0,0.6073743399030624,0.0,0.0,1.0,2.0,70.0,0.1415171124675071,6.0,80.0,0.2776014934264396,0.0,3.0,0.7072044952252479
992.0,18,163.0,2.546875,6.8609350059515695,64.0,822.0,12.84375,0.0,0.0,18.0,258.0,46.0,4.032786497091124,7.371428571428571,7.371428571428571,35.0,2.0,28.0,0.0,2.0,34.0,0.2016501912726758,1.0,6.0,0.0,1.0,14.0,0.3913484657345719,6.0,84.0,0.1454323329092947,6.0,82.0,0.1708914509340537,0.0,10.0,0.8161764630765855
1000.0,17,94.0,1.5161290322580645,5.885248156108726,62.0,874.0,14.096774193548388,52.0,0.8387096774193549,15.0,231.0,0.0,3.611486475167464,7.0,7.0,33.0,1.0,9.0,0.4943593512075538,2.0,21.0,0.4766879115486484,1.0,14.0,0.0,2.0,28.0,0.2368139778716408,2.0,70.0,0.1652315794495579,6.0,89.0,0.1283891612589418,1.0,0.0,0.4564598522010888
1008.0,16,54.0,0.8181818181818182,6.432432295497211,66.0,873.0,13.227272727272728,0.0,0.0,14.0,195.0,0.0,2.66172407622545,6.5,6.5,30.0,5.0,38.0,0.0376355293303854,2.0,13.0,0.0001067789735891,0.0,0.0,1.0,0.0,3.0,0.2858702832785181,0.0,41.0,0.3783962840227451,3.0,85.0,0.233446519982996,4.0,15.0,0.1729787853016903
1016.0,16,103.0,1.537313432835821,6.536909015704736,67.0,830.0,12.388059701492535,0.0,0.0,15.0,203.0,8.0,2.82485732054616,6.766666666666667,6.766666666666667,30.0,1.0,24.0,0.2718256593729131,0.0,8.0,0.5811832061191826,0.0,6.0,0.9483313868285728,1.0,7.0,4.187819910346596e-05,1.0,12.0,0.3572722715359437,7.0,94.0,0.0590032834184069,5.0,52.0,0.0
1024.0,18,164.0,2.309859154929577,7.540293429047945,71.0,793.0,11.169014084507042,0.0,0.0,15.0,195.0,0.0,4.565782696199934,6.724137931034483,6.724137931034483,29.0,3.0,31.0,0.2349294666459254,0.0,3.0,0.5142966896442641,0.0,0.0,0.9774427803947796,2.0,17.0,0.001119851893589,2.0,27.0,0.4986196284506454,7.0,104.0,0.1836578590527154,1.0,13.0,0.0
1032.0,17,90.0,1.1842105263157894,6.329940439685602,76.0,752.0,9.894736842105264,0.0,0.0,12.0,142.0,0.0,3.668917807376173,4.896551724137931,4.896551724137931,29.0,3.0,22.0,0.0130314279132604,2.0,11.0,0.0881358566372648,0.0,0.0,1.0,3.0,34.0,0.2098666446906877,1.0,27.0,0.6542411529176455,3.0,48.0,0.1841004921731802,0.0,0.0,1.0
1040.0,21,194.0,2.4871794871794872,6.675773556199931,78.0,843.0,10.807692307692308,91.0,1.1666666666666667,16.0,210.0,68.0,6.100568316191547,5.25,5.25,40.0,5.0,52.0,0.0066406973843575,0.0,5.0,0.4812978680447703,0.0,1.0,0.9177300300318816,1.0,31.0,0.4426916603947861,4.0,55.0,0.5996615009271808,6.0,63.0,0.4111721426020293,0.0,3.0,0.9156089224769722
1048.0,14,65.0,0.8024691358024691,6.376162461504624,81.0,858.0,10.592592592592592,15.0,0.1851851851851851,12.0,157.0,0.0,3.678409078231492,3.738095238095238,3.738095238095238,42.0,2.0,24.0,0.0,0.0,0.0,0.0095771129308298,1.0,3.0,0.0074799771305545,0.0,0.0,0.3894581224496767,6.0,65.0,0.2307785143798633,3.0,65.0,0.3895231619552019,0.0,0.0,0.4560125206615525
1056.0,23,146.0,1.738095238095238,5.772707756726626,84.0,841.0,10.011904761904765,0.0,0.0,20.0,216.0,59.0,2.8757409007907837,5.142857142857143,5.142857142857143,42.0,2.0,40.0,0.0,0.0,0.0,0.7635041514461187,0.0,3.0,0.8015698199204824,0.0,3.0,0.498503698121335,8.0,96.0,0.1950539090447219,10.0,74.0,0.1186195611644273,0.0,0.0,1.0
1064.0,27,274.0,3.010989010989011,5.097039577066336,91.0,936.0,10.285714285714286,95.0,1.043956043956044,23.0,298.0,82.0,2.150005217064452,6.930232558139535,6.930232558139535,43.0,2.0,8.0,0.2441023120380267,0.0,0.0,0.2274746491990593,1.0,6.0,1.874291594219487e-05,0.0,0.0,1.0,7.0,124.0,0.1926523989291573,13.0,160.0,0.0720394039964117,0.0,0.0,1.0
1072.0,19,147.0,1.6333333333333333,6.1964727700872695,90.0,969.0,10.766666666666667,33.0,0.3666666666666666,10.0,262.0,0.0,3.823144265336517,6.55,6.55,40.0,4.0,36.0,0.0002390593652895,0.0,0.0,0.5118025434370681,0.0,0.0,1.0,1.0,5.0,0.3549082108092418,2.0,112.0,0.2918179425172278,3.0,106.0,0.2714907681999915,0.0,3.0,0.83975977038265
1080.0,25,158.0,1.7555555555555555,5.844905510269267,90.0,1057.0,11.744444444444444,88.0,0.9777777777777776,17.0,280.0,18.0,4.72652788280135,5.490196078431373,5.490196078431373,51.0,0.0,1.0,0.684478734498529,2.0,5.0,0.3018999015221297,0.0,0.0,1.0,2.0,10.0,0.0935430651269008,6.0,143.0,0.3181827609506042,7.0,111.0,0.2837396659813063,0.0,10.0,0.7921947447851673
1088.0,21,152.0,1.6703296703296704,5.536630016899789,91.0,1168.0,12.835164835164836,111.0,1.21978021978022,15.0,308.0,28.0,2.78646501405582,6.285714285714286,6.285714285714286,49.0,0.0,0.0,0.4431124961915751,1.0,9.0,0.1552786469238097,0.0,0.0,1.0,2.0,16.0,0.3085097013992527,3.0,135.0,0.2488832167616237,6.0,126.0,0.121545374536391,3.0,22.0,0.0005309205148439
1096.0,23,153.0,1.7586206896551724,6.505957747190725,87.0,1192.0,13.701149425287356,24.0,0.2758620689655172,21.0,353.0,45.0,4.295795888054706,6.921568627450981,6.921568627450981,51.0,0.0,0.0,1.0,1.0,9.0,0.0,1.0,7.0,0.1911894722291074,3.0,34.0,0.2656165062503602,6.0,138.0,0.2934420616350063,10.0,162.0,0.3367111695086018,0.0,3.0,0.9671233227599172
1104.0,36,287.0,3.3372093023255816,3.8618446738267376,86.0,1173.0,13.63953488372093,0.0,0.0,31.0,396.0,43.0,2.2596539655412444,6.827586206896552,6.827586206896552,58.0,0.0,7.0,0.0814615951727865,0.0,0.0,1.0,0.0,0.0,1.0,3.0,17.0,0.1398788315893131,14.0,153.0,0.0182786136328114,13.0,216.0,0.2676650282116066,1.0,3.0,0.3870464241512135
1112.0,26,161.0,1.6262626262626263,5.338641340306372,99.0,1367.0,13.808080808080808,194.0,1.95959595959596,23.0,429.0,33.0,2.883490963687295,8.755102040816327,8.755102040816327,49.0,4.0,36.0,6.112363596188957e-05,0.0,0.0,1.0,1.0,8.0,0.5992166315053492,1.0,15.0,0.4265592997351498,10.0,231.0,0.0926612363136945,6.0,132.0,0.2620561001972742,1.0,7.0,0.2737534101551663
1120.0,36,187.0,1.7809523809523808,4.992585362511573,105.0,1459.0,13.895238095238096,92.0,0.8761904761904762,30.0,513.0,84.0,3.313900333541556,8.015625,8.015625,64.0,3.0,38.0,3.307827361874889e-05,1.0,7.0,0.5453077843476263,1.0,4.0,0.442770097695547,2.0,13.0,0.1697133594715512,10.0,254.0,0.2318828669073332,13.0,186.0,0.0951013940755702,0.0,11.0,0.7980605845930068
1128.0,32,248.0,2.407766990291262,4.729176912337054,103.0,1621.0,15.737864077669904,162.0,1.5728155339805825,31.0,535.0,22.0,2.5394242406153347,9.067796610169491,9.067796610169491,59.0,0.0,0.0,0.8728314052209191,1.0,8.0,0.2796997008538819,1.0,9.0,0.3594804447072879,4.0,19.0,0.2709300412682806,11.0,245.0,0.1565274527263637,14.0,250.0,0.0768050236069343,0.0,4.0,0.2890090953160993
1136.0,34,253.0,2.3867924528301887,5.604325359968678,106.0,1628.0,15.358490566037736,7.0,0.0660377358490566,27.0,488.0,0.0,3.028155920927418,9.384615384615383,9.384615384615383,52.0,0.0,0.0,0.7137019201115427,4.0,16.0,0.2880514635961794,1.0,6.0,0.0001349533568347,5.0,58.0,0.0,14.0,280.0,0.2485713362396535,3.0,128.0,0.1751991473661869,0.0,0.0,1.0
1144.0,29,361.0,3.5392156862745097,6.018420449984826,102.0,1747.0,17.127450980392158,119.0,1.1666666666666667,27.0,564.0,76.0,3.836777333355881,10.641509433962264,10.641509433962264,53.0,1.0,4.0,0.4493215679157607,1.0,20.0,0.3342245333093926,0.0,0.0,1.0,5.0,98.0,0.1649222770985654,11.0,313.0,0.2616048368116092,9.0,115.0,0.032853504174339,0.0,14.0,0.8203533721019217
1152.0,30,429.0,4.46875,6.368343501872087,96.0,1617.0,16.84375,0.0,0.0,23.0,565.0,1.0,4.064602368856713,12.840909090909092,12.840909090909092,44.0,1.0,5.0,0.475153147255365,3.0,33.0,0.2311380516025555,0.0,0.0,1.0,1.0,25.0,0.0977492119539906,12.0,370.0,0.3752197884515886,6.0,132.0,0.0752422838472056,0.0,0.0,0.3878606944265609
1160.0,20,174.0,1.9550561797752808,6.677283463553808,89.0,1550.0,17.415730337078653,0.0,0.0,15.0,408.0,0.0,4.548295729490433,9.488372093023257,9.488372093023257,43.0,1.0,3.0,0.2681339044485845,3.0,14.0,0.1956237683950483,0.0,0.0,0.9902645134097708,1.0,13.0,0.6228543919623041,2.0,213.0,0.4856623290807174,6.0,156.0,0.1195267242596563,2.0,9.0,1.8513365964634208e-05
1168.0,21,208.0,2.4761904761904763,7.358924017751387,84.0,1500.0,17.857142857142858,0.0,0.0,15.0,345.0,0.0,5.303215387287018,8.214285714285714,8.214285714285714,42.0,3.0,31.0,0.2345814513128417,1.0,13.0,0.238517753436424,1.0,4.0,5.939564564854757e-05,0.0,0.0,0.718126473512323,4.0,168.0,0.3435330515893258,6.0,129.0,0.42184930782003,0.0,0.0,1.0
1176.0,26,274.0,3.382716049382716,5.807221903056952,81.0,1479.0,18.25925925925926,0.0,0.0,20.0,313.0,0.0,3.8719003972060015,7.825,7.825,40.0,5.0,45.0,0.0426168716555618,1.0,11.0,0.6187766946082639,1.0,17.0,0.6476376200245567,3.0,12.0,0.0111484394037318,9.0,192.0,0.1674664347054534,1.0,36.0,0.497157210735096,0.0,0.0,1.0
1184.0,24,154.0,1.9493670886075949,5.510523953273741,79.0,1526.0,19.31645569620253,47.0,0.5949367088607594,17.0,347.0,34.0,3.2628090305894566,9.914285714285716,9.914285714285716,35.0,3.0,42.0,0.1598601529447307,1.0,1.0,0.0047626348068379,1.0,20.0,0.0,0.0,0.0,0.2881158668153263,7.0,225.0,0.2617635663727045,5.0,59.0,0.2062501041915778,0.0,0.0,0.6079629917124674
1192.0,21,143.0,1.7875,5.156519072621429,80.0,1501.0,18.7625,0.0,0.0,15.0,387.0,40.0,2.830132351165197,11.057142857142855,11.057142857142855,35.0,5.0,74.0,2.197896023231895e-05,0.0,5.0,0.7044551331208224,0.0,22.0,0.6125644635153518,0.0,0.0,0.8899141599806888,9.0,256.0,0.0493588484013641,0.0,23.0,0.2481833165399573,1.0,7.0,0.409048176108055
1200.0,11,73.0,0.9240506329113924,7.532112580943147,79.0,1476.0,18.68354430379747,0.0,0.0,9.0,298.0,0.0,4.667171307355468,10.275862068965518,10.275862068965518,29.0,2.0,50.0,0.1899702170965902,0.0,7.0,0.9931881479922808,0.0,12.0,0.6902061505372301,0.0,0.0,1.0,7.0,228.0,0.1133950134762555,0.0,1.0,0.6880384207338788,0.0,0.0,0.9332788792289368
1208.0,9,40.0,0.4878048780487805,7.926102083481003,82.0,1325.0,16.158536585365855,0.0,0.0,8.0,255.0,0.0,5.143703847916999,8.793103448275861,8.793103448275861,29.0,2.0,30.0,0.0,0.0,26.0,0.8849140673493782,1.0,3.0,0.0,1.0,9.0,0.3063969236700412,2.0,173.0,0.1387903624883603,0.0,8.0,0.8938449514039657,2.0,6.0,0.0012795054691452
1216.0,9,36.0,0.4285714285714285,8.39419986019158,84.0,1101.0,13.107142857142858,0.0,0.0,4.0,172.0,0.0,7.435210635455474,5.0588235294117645,5.0588235294117645,34.0,1.0,4.0,0.4146301051110357,2.0,40.0,0.5597048421163144,1.0,11.0,0.3401288654850019,0.0,0.0,0.3668667138946354,0.0,117.0,0.6107604789652203,0.0,0.0,0.9983244161596035,0.0,0.0,0.974709811354004
1224.0,12,65.0,0.7142857142857143,8.387278226553537,91.0,941.0,10.34065934065934,0.0,0.0,6.0,138.0,0.0,7.056431056765859,4.181818181818182,4.181818181818182,33.0,1.0,4.0,0.4476191673887791,1.0,52.0,0.4664856290344586,1.0,2.0,0.4961929406573487,3.0,18.0,0.2440197711076607,0.0,62.0,0.6008436030894156,0.0,0.0,0.8389044922372879,0.0,0.0,0.5450430158115466
1232.0,25,121.0,1.2474226804123711,6.857669282023575,97.0,802.0,8.268041237113403,0.0,0.0,21.0,125.0,0.0,3.797981782444235,2.840909090909091,2.840909090909091,44.0,4.0,23.0,0.0018319994542456,3.0,22.0,0.4664438400039138,2.0,14.0,8.291599602383966e-06,6.0,38.0,0.1715279772593783,4.0,23.0,0.3185647255194104,1.0,2.0,0.1625428419172321,1.0,3.0,0.2698565657113367
1240.0,21,127.0,1.3804347826086956,5.714132270603327,92.0,683.0,7.423913043478261,0.0,0.0,17.0,178.0,53.0,2.361241091166803,4.8108108108108105,4.8108108108108105,37.0,4.0,56.0,0.098155916817474,5.0,35.0,0.194571819895562,0.0,10.0,0.6597675426226224,5.0,41.0,0.1009693316947708,1.0,32.0,0.1016447209031637,1.0,4.0,0.3523110938765705,1.0,0.0,0.0
1248.0,16,78.0,0.8478260869565217,6.765397548134315,92.0,662.0,7.195652173913044,0.0,0.0,9.0,122.0,0.0,6.3650874360130505,3.210526315789474,3.210526315789474,38.0,3.0,27.0,0.0431650662350655,4.0,31.0,0.1405533047571609,1.0,13.0,0.0,0.0,17.0,0.2209075375206716,0.0,18.0,0.7866739997772075,1.0,16.0,0.8456545961777225,0.0,0.0,0.701685326327075
1256.0,20,160.0,1.6666666666666667,8.161819406362602,96.0,779.0,8.114583333333334,117.0,1.21875,14.0,186.0,64.0,7.081760800868694,4.325581395348837,4.325581395348837,43.0,4.0,59.0,0.1347383601252299,2.0,45.0,0.3258355882005554,0.0,14.0,0.7079490729579335,5.0,37.0,0.1089859800993286,0.0,0.0,0.7557784659157907,1.0,26.0,0.8287447785221459,2.0,5.0,0.3844049039225694
1264.0,30,240.0,2.6373626373626373,5.383126405870263,91.0,894.0,9.824175824175825,115.0,1.2637362637362637,25.0,291.0,105.0,3.2201842708343063,6.326086956521739,6.326086956521739,46.0,1.0,29.0,0.1701834231401975,3.0,57.0,0.0764271085123121,1.0,22.0,0.6570383277400483,7.0,83.0,0.0081082966841108,5.0,22.0,0.2401745736451724,5.0,51.0,0.2457586515850869,3.0,27.0,0.4698433245973166
1272.0,20,134.0,1.4725274725274726,6.501120707365775,91.0,1050.0,11.538461538461538,156.0,1.7142857142857142,19.0,271.0,0.0,3.1308309251621367,6.775,6.775,40.0,1.0,13.0,0.3172195836085236,0.0,16.0,0.9468276468544128,2.0,24.0,0.3394028692331213,0.0,37.0,0.2474355870304628,0.0,52.0,0.3581488126256279,10.0,73.0,0.1297037283612051,6.0,56.0,6.177984896022015e-05
1280.0,15,129.0,1.4021739130434785,7.405074280447257,92.0,1125.0,12.228260869565217,75.0,0.8152173913043478,11.0,245.0,0.0,4.300973203703103,7.65625,7.65625,32.0,3.0,28.0,1.2494004444617405e-05,2.0,20.0,0.0007802124151716,1.0,18.0,0.4934422637351738,1.0,13.0,0.3375828863189309,1.0,8.0,0.3407139416826931,0.0,80.0,0.4157328827595755,3.0,78.0,0.1534670077445406
1288.0,10,53.0,0.6022727272727273,8.055067045265277,88.0,950.0,10.795454545454543,0.0,0.0,7.0,182.0,0.0,7.921005832267216,5.2,5.2,35.0,4.0,28.0,0.0013739655043808,0.0,18.0,0.964389571731154,0.0,19.0,0.6954948962286635,1.0,14.0,0.0044822347633459,2.0,25.0,0.5536793012970588,0.0,32.0,0.619337221445746,0.0,46.0,0.7379547377866413
1296.0,24,132.0,1.4505494505494505,6.869144713448537,91.0,889.0,9.76923076923077,0.0,0.0,10.0,111.0,0.0,6.170183065952979,3.363636363636364,3.363636363636364,33.0,0.0,7.0,0.3900732132038274,0.0,6.0,0.8434960467170368,1.0,22.0,0.0,1.0,4.0,0.3736242709507887,2.0,39.0,0.6603742444934151,0.0,0.0,0.66317713786828,6.0,33.0,0.2513914986638628
1304.0,18,101.0,1.063157894736842,6.108435406595035,95.0,1020.0,10.736842105263158,131.0,1.3789473684210527,12.0,172.0,61.0,5.186920489986669,4.410256410256411,4.410256410256411,39.0,2.0,22.0,0.2413625381718774,2.0,33.0,0.5366261950221412,1.0,13.0,0.3696957522279891,2.0,12.0,0.3537413086123712,1.0,41.0,0.6139348446622419,0.0,3.0,0.5002072641034498,4.0,48.0,0.1096065804112651
1312.0,19,164.0,1.7826086956521738,7.823048125517981,92.0,828.0,9.0,0.0,0.0,10.0,158.0,0.0,6.180614295424869,5.642857142857143,5.642857142857143,28.0,2.0,4.0,0.4272249953418584,4.0,55.0,0.1912241535748396,1.0,14.0,0.0,2.0,18.0,0.2260167769747905,1.0,37.0,0.5664175555417903,0.0,25.0,0.8152253699561521,0.0,5.0,0.7568802712745009
1320.0,18,53.0,0.6091954022988506,6.733815002746391,87.0,762.0,8.758620689655173,0.0,0.0,15.0,120.0,0.0,5.061219205083668,3.1578947368421053,3.1578947368421053,38.0,0.0,3.0,0.299789939042454,3.0,22.0,0.3748380810418373,0.0,11.0,0.5996712008864048,5.0,12.0,0.1420108971826949,1.0,6.0,0.6330128566721841,4.0,50.0,0.4558759731290658,2.0,16.0,9.6494507254814e-05
1328.0,10,54.0,0.6352941176470588,8.802143138436461,85.0,828.0,9.741176470588234,66.0,0.7764705882352941,8.0,150.0,30.0,5.655676477247883,6.521739130434782,6.521739130434782,23.0,1.0,6.0,0.0,5.0,41.0,0.1521910192393059,1.0,16.0,3.666068519433685e-05,0.0,42.0,0.543846417933079,1.0,30.0,0.3755387143575569,0.0,12.0,0.5364965165956226,0.0,3.0,0.6884397331977727
1336.0,12,56.0,0.7368421052631579,8.32269898272285,76.0,734.0,9.657894736842104,0.0,0.0,12.0,182.0,32.0,5.616989925156588,5.2,5.2,35.0,4.0,32.0,0.0094685385885343,0.0,28.0,0.7107272466802923,0.0,0.0,0.8161232718574063,1.0,4.0,0.0405114047498455,2.0,50.0,0.4819747157472106,5.0,65.0,0.3112695537204009,0.0,3.0,0.9567444592658032
1344.0,23,122.0,1.7428571428571429,6.364141861898473,70.0,787.0,11.242857142857142,53.0,0.7571428571428571,22.0,210.0,28.0,1.7940090925693737,6.5625,6.5625,32.0,0.0,2.0,0.374055982112595,2.0,21.0,0.1323117252433875,1.0,4.0,0.4857337380812179,1.0,12.0,0.1982603928805912,5.0,26.0,0.0166844611368405,13.0,145.0,0.0482553187020073,0.0,0.0,1.0
1352.0,9,59.0,0.9672131147540984,7.980795673764537,61.0,874.0,14.327868852459016,87.0,1.4262295081967211,9.0,126.0,0.0,6.071723524266722,4.666666666666667,4.666666666666667,27.0,5.0,25.0,0.1009790342310471,0.0,17.0,0.9255417441578716,1.0,22.0,0.684695643956463,2.0,12.0,0.0956901934487453,0.0,7.0,0.5491787231188852,1.0,40.0,0.4425992754968587,0.0,3.0,0.5778947233868749
1360.0,4,52.0,0.896551724137931,10.85261512876249,58.0,908.0,15.655172413793103,34.0,0.5862068965517241,4.0,105.0,0.0,10.00616897629921,4.7727272727272725,4.7727272727272725,22.0,0.0,0.0,1.0,0.0,14.0,0.9238831044541193,0.0,0.0,1.0,3.0,32.0,0.229888079245266,0.0,21.0,0.9043461776996408,1.0,27.0,0.7136298877782883,0.0,11.0,0.9476991605342796
1368.0,10,30.0,0.5882352941176471,7.772057015009938,51.0,725.0,14.215686274509803,0.0,0.0,9.0,84.0,0.0,1.93084716574032,4.421052631578948,4.421052631578948,19.0,0.0,0.0,1.0,1.0,17.0,9.451698628195754e-05,0.0,6.0,0.4910830917084102,2.0,15.0,0.0,3.0,32.0,0.1513897945133006,3.0,14.0,0.0016925237994418,0.0,0.0,1.0
1376.0,3,13.0,0.2549019607843137,9.13040197168177,51.0,746.0,14.627450980392156,21.0,0.4117647058823529,2.0,45.0,0.0,8.416672094808385,3.0,3.0,15.0,0.0,0.0,0.9560181490193732,0.0,6.0,0.840962491926142,1.0,5.0,0.4831874350044025,1.0,11.0,0.4753285431046228,0.0,17.0,0.2885115667085205,0.0,3.0,0.8420613649390137,0.0,3.0,0.8046768001415533
1384.0,12,53.0,1.03921568627451,7.176619213132672,51.0,709.0,13.901960784313726,0.0,0.0,11.0,101.0,56.0,4.493491883465785,3.607142857142857,3.607142857142857,28.0,1.0,2.0,0.1420994105332085,2.0,11.0,0.2861975978438874,1.0,10.0,0.0,4.0,36.0,0.1236465467860242,3.0,29.0,0.1990264048773078,0.0,3.0,0.9646041763833064,0.0,10.0,0.8555970437139547
1392.0,12,65.0,1.25,7.256277306279647,52.0,681.0,13.096153846153848,0.0,0.0,11.0,87.0,0.0,5.464887399554143,3.625,3.625,24.0,3.0,22.0,0.191457691933827,0.0,3.0,0.7921268687185412,0.0,3.0,0.7222906879606872,5.0,34.0,7.099591331649969e-05,0.0,6.0,0.3768305778465396,0.0,0.0,0.8073372003134894,3.0,19.0,0.3921363705567587
1400.0,14,129.0,2.0806451612903225,7.584756725158146,62.0,716.0,11.548387096774194,35.0,0.5645161290322581,13.0,142.0,55.0,3.6162305540181343,5.916666666666667,5.916666666666667,24.0,4.0,47.0,0.1928850565248307,3.0,11.0,0.2610919733971218,2.0,18.0,0.3955376527351685,4.0,65.0,0.0057471585886049,0.0,1.0,0.761920094815278,0.0,0.0,0.32391469833999,0.0,0.0,0.6116764249663709
1408.0,12,38.0,0.6551724137931034,7.04430976633318,58.0,538.0,9.275862068965518,0.0,0.0,11.0,70.0,0.0,3.2979380328227945,3.0434782608695654,3.0434782608695654,23.0,5.0,40.0,0.1732771249015219,0.0,3.0,0.4799169523624438,2.0,3.0,0.2242872199344214,1.0,11.0,0.0,0.0,1.0,0.9822253470503164,1.0,7.0,0.2131701391601426,2.0,5.0,0.0027884585740201
1416.0,10,69.0,1.1129032258064515,8.047192978067775,62.0,562.0,9.064516129032258,24.0,0.3870967741935484,9.0,105.0,35.0,4.7090998642105975,5.526315789473684,5.526315789473684,19.0,4.0,52.0,0.0842412776363137,1.0,6.0,0.3911806791961918,0.0,0.0,1.0,0.0,0.0,0.9943830333371618,0.0,3.0,0.7631634906919733,2.0,23.0,0.5024773265459815,2.0,21.0,0.1296855673018106
1424.0,13,54.0,0.7714285714285715,7.854174417319721,70.0,601.0,8.585714285714285,39.0,0.5571428571428572,11.0,114.0,9.0,5.2908630537391925,3.931034482758621,3.931034482758621,29.0,5.0,40.0,0.26621576888934,0.0,11.0,0.8802141706056799,0.0,13.0,0.7347884102701687,1.0,3.0,0.0001461972558582,2.0,19.0,0.0143097076205512,2.0,27.0,0.3773518630465721,1.0,1.0,0.0059040811803174
1432.0,19,116.0,1.681159420289855,6.510171539172797,69.0,625.0,9.057971014492754,24.0,0.3478260869565217,13.0,137.0,23.0,2.651079448126363,5.708333333333333,5.708333333333333,24.0,7.0,58.0,0.113710956475588,0.0,6.0,0.6693733216237683,0.0,0.0,0.997267011750148,1.0,14.0,0.1214022649722407,4.0,50.0,0.0,0.0,0.0,1.0,1.0,9.0,0.0
1440.0,15,84.0,1.1666666666666667,5.142382144327538,72.0,692.0,9.61111111111111,67.0,0.9305555555555556,10.0,172.0,35.0,3.2698275448967458,5.548387096774194,5.548387096774194,31.0,6.0,88.0,0.0625042406738929,0.0,6.0,0.2692292719994829,0.0,0.0,1.0,4.0,43.0,0.0079119780093779,0.0,24.0,0.3852744949699436,0.0,3.0,0.5004961979878445,0.0,8.0,0.8660322090324817
1448.0,22,112.0,1.5774647887323945,5.8713078832983046,71.0,818.0,11.52112676056338,126.0,1.7746478873239435,14.0,187.0,15.0,4.347724711709367,6.925925925925926,6.925925925925926,27.0,6.0,75.0,0.1948855866927427,2.0,23.0,0.5534806672128423,0.0,0.0,1.0,1.0,27.0,0.0,3.0,45.0,2.2613413044501737e-05,2.0,17.0,0.5000932170171032,0.0,0.0,1.0
1456.0,15,119.0,1.803030303030303,6.873515731118826,66.0,824.0,12.484848484848484,6.0,0.0909090909090909,9.0,148.0,0.0,5.01919301652952,6.166666666666667,6.166666666666667,24.0,6.0,106.0,0.1142421489427041,0.0,9.0,0.6999996620459281,0.0,0.0,1.0,0.0,0.0,0.5396266997491826,0.0,9.0,0.8487205060907321,3.0,24.0,0.278633735281744,0.0,0.0,1.0
1464.0,10,28.0,0.4307692307692308,7.4033090584476575,65.0,866.0,13.323076923076924,42.0,0.6461538461538462,8.0,192.0,44.0,6.375868459164154,7.384615384615385,7.384615384615385,26.0,4.0,103.0,0.1374358656194671,1.0,12.0,0.2449763080593422,0.0,0.0,1.0,0.0,0.0,1.0,0.0,23.0,0.7154569885612644,3.0,53.0,0.6394566414785008,0.0,1.0,0.7082173557660171
1472.0,15,76.0,1.0857142857142856,6.632058080167763,70.0,849.0,12.128571428571428,0.0,0.0,11.0,234.0,42.0,4.832300541377847,8.357142857142858,8.357142857142858,28.0,5.0,109.0,0.0941795755184443,1.0,30.0,0.1553733907164261,0.0,0.0,0.9177931501456912,0.0,0.0,1.0,2.0,39.0,0.605966125329172,3.0,52.0,0.3253339067241271,0.0,4.0,0.5255708863837929
1480.0,14,92.0,1.2777777777777777,6.984138220788988,72.0,809.0,11.23611111111111,0.0,0.0,4.0,175.0,0.0,6.730734529751688,6.0344827586206895,6.0344827586206895,29.0,1.0,75.0,0.0523063459156827,1.0,32.0,0.5858524104965841,1.0,2.0,0.4658239301903095,0.0,0.0,0.8943884582467415,0.0,7.0,0.7586140426745384,1.0,53.0,0.4362565906929056,0.0,6.0,0.6542647277182865
1488.0,16,117.0,1.7727272727272727,7.023453346862714,66.0,756.0,11.454545454545457,0.0,0.0,14.0,273.0,98.0,5.116471024131073,8.53125,8.53125,32.0,4.0,83.0,0.0764406248932292,3.0,39.0,0.0447341141714052,0.0,0.0,1.0,1.0,5.0,5.417981290319867e-05,3.0,32.0,0.3347391356972243,3.0,100.0,0.5059986128461514,0.0,14.0,0.7670023111067013
1496.0,14,78.0,1.181818181818182,7.005112810828739,66.0,821.0,12.43939393939394,65.0,0.9848484848484848,13.0,199.0,0.0,4.014291174616518,6.862068965517241,6.862068965517241,29.0,2.0,36.0,0.1423081077723302,5.0,44.0,0.0156626155002374,0.0,0.0,1.0,1.0,13.0,0.0,0.0,6.0,0.960491321279292,1.0,66.0,0.4885878456615952,4.0,34.0,0.1496540982465246
1504.0,19,78.0,1.1470588235294117,6.447895794406586,68.0,798.0,11.735294117647058,0.0,0.0,15.0,156.0,0.0,4.470772444433818,4.875,4.875,32.0,4.0,22.0,0.0312956611851374,1.0,18.0,0.3244994989081996,0.0,0.0,1.0,1.0,21.0,0.4547473566675725,2.0,25.0,0.2145475689237479,6.0,58.0,0.3496228907291318,1.0,12.0,0.5954736533804221
1512.0,9,68.0,1.1147540983606556,8.036545544509273,61.0,621.0,10.18032786885246,0.0,0.0,2.0,83.0,0.0,7.550349118922688,5.533333333333333,5.533333333333333,15.0,0.0,9.0,0.523935763563479,1.0,19.0,0.55157641337666,0.0,0.0,1.0,1.0,29.0,0.0,0.0,3.0,0.9793102786313904,0.0,20.0,0.3639224618276844,0.0,3.0,0.7457909038569284
1520.0,13,74.0,1.2982456140350878,6.874330008395495,57.0,527.0,9.24561403508772,0.0,0.0,11.0,139.0,56.0,5.191256797261026,5.791666666666667,5.791666666666667,24.0,3.0,24.0,0.3191484065271706,0.0,0.0,1.0,1.0,4.0,0.6270163087734911,1.0,37.0,0.0,1.0,4.0,5.952525176624678e-06,5.0,56.0,0.3039024757986043,0.0,14.0,0.5095678026159632
1528.0,7,48.0,0.7619047619047619,8.084854322792834,63.0,514.0,8.158730158730158,0.0,0.0,6.0,132.0,0.0,6.015908537792177,6.0,6.0,22.0,1.0,9.0,0.3541926797168638,0.0,0.0,1.0,1.0,9.0,0.6016346628802259,0.0,0.0,1.0,1.0,19.0,0.2923110049675647,3.0,95.0,0.3994782244443742,0.0,0.0,1.0
1536.0,10,62.0,0.984126984126984,7.859731685672596,63.0,415.0,6.587301587301587,0.0,0.0,9.0,88.0,0.0,4.401882126131954,4.190476190476191,4.190476190476191,21.0,3.0,25.0,0.0051612069489167,1.0,1.0,0.3382596596086313,0.0,0.0,1.0,0.0,0.0,1.0,1.0,24.0,0.5232342009324533,4.0,38.0,0.3434219831153822,0.0,0.0,1.0
1544.0,20,133.0,2.180327868852459,5.939884129753255,61.0,476.0,7.80327868852459,61.0,1.0,14.0,164.0,76.0,4.889192995738389,5.466666666666667,5.466666666666667,30.0,1.0,10.0,0.3074072328421451,3.0,19.0,0.0084864360227558,0.0,14.0,0.8932887929682515,1.0,5.0,0.0005065143377322,4.0,44.0,0.095641792129536,5.0,62.0,0.3082722378118597,0.0,10.0,0.818579427798917
1552.0,13,107.0,1.6984126984126984,5.526653210280707,63.0,556.0,8.825396825396826,80.0,1.2698412698412698,7.0,146.0,0.0,3.838024832938068,6.636363636363637,6.636363636363637,22.0,3.0,25.0,0.0939536910690424,0.0,6.0,0.5613228106442274,0.0,4.0,0.538229318905556,2.0,18.0,0.0008828693628313,1.0,39.0,0.408631456481678,1.0,54.0,0.2343659585587473,0.0,0.0,1.0
1560.0,20,220.0,3.492063492063492,6.67049260110372,63.0,547.0,8.682539682539682,0.0,0.0,13.0,230.0,84.0,6.326449987705711,7.666666666666667,7.666666666666667,30.0,4.0,57.0,0.1758400173635255,0.0,6.0,0.9330157234511036,0.0,0.0,0.6183804407982609,2.0,34.0,0.0,5.0,85.0,0.432616954210795,2.0,48.0,0.5509880416591619,0.0,0.0,0.8055778414178563
1568.0,11,46.0,0.6764705882352942,6.281678855502743,68.0,642.0,9.441176470588236,95.0,1.3970588235294117,7.0,81.0,0.0,4.662522911161782,3.1153846153846154,3.1153846153846154,26.0,1.0,18.0,0.05986786560321,0.0,0.0,0.2823713016361988,1.0,12.0,0.7341980950531476,0.0,0.0,1.0,4.0,30.0,0.3068015794753094,1.0,18.0,0.2165897401317975,0.0,3.0,0.4451833071654879
1576.0,11,37.0,0.5362318840579711,7.133100060354411,69.0,628.0,9.101449275362318,0.0,0.0,8.0,163.0,82.0,6.73551512851152,4.405405405405405,4.405405405405405,37.0,2.0,8.0,0.2934342063017259,0.0,0.0,0.4315247658396675,0.0,12.0,0.66408328836206,0.0,0.0,0.6294711425552443,2.0,76.0,0.4147603255629531,3.0,59.0,0.562430611050766,1.0,8.0,0.2012164127081786
1584.0,10,36.0,0.5,7.472269536686572,72.0,676.0,9.38888888888889,48.0,0.6666666666666666,8.0,122.0,0.0,5.635685213469154,3.2972972972972974,3.2972972972972974,37.0,1.0,2.0,0.0010162463306547,0.0,3.0,0.5418742882603946,0.0,3.0,0.3531528833679038,3.0,12.0,0.1413505190631706,4.0,61.0,0.1664311121065344,0.0,41.0,0.6861299650755319,0.0,0.0,0.7828839887172246
1592.0,9,45.0,0.6923076923076923,7.452471014883707,65.0,687.0,10.569230769230767,11.0,0.1692307692307692,8.0,124.0,2.0,3.9368876846231866,4.96,4.96,25.0,0.0,2.0,0.73535661191813,1.0,20.0,0.0511974098993808,0.0,0.0,0.9371562133253194,0.0,0.0,0.4192671425372147,5.0,91.0,0.0732031066493012,2.0,11.0,0.2783717541250919,0.0,0.0,0.6382549870596842
1600.0,16,84.0,1.4,6.325169370432082,60.0,628.0,10.466666666666669,0.0,0.0,15.0,202.0,78.0,2.9095552594971608,7.214285714285714,7.214285714285714,28.0,0.0,0.0,0.525945883728142,5.0,48.0,0.0005474492373939,0.0,0.0,1.0,1.0,13.0,0.0177679837364976,5.0,97.0,0.1751382014815973,3.0,36.0,0.4396575375528013,1.0,8.0,0.0
1608.0,26,234.0,4.588235294117647,5.141435364758379,51.0,656.0,12.862745098039216,28.0,0.5490196078431373,23.0,349.0,147.0,2.30260180040677,11.633333333333333,11.633333333333333,30.0,0.0,0.0,0.9477621321561474,5.0,91.0,0.1619305331525607,0.0,0.0,1.0,2.0,32.0,0.321272283890382,13.0,172.0,0.0019852489390405,3.0,54.0,0.148602706931158,0.0,0.0,0.5923710719650155
1616.0,16,191.0,3.7450980392156863,4.748858123167582,51.0,773.0,15.15686274509804,117.0,2.294117647058824,13.0,329.0,0.0,2.98310600706832,10.966666666666669,10.966666666666669,30.0,1.0,2.0,0.3468684330102772,5.0,128.0,0.0031067343646048,1.0,6.0,0.0,0.0,0.0,1.0,5.0,168.0,0.1356397524786322,0.0,22.0,0.5493009555404309,1.0,3.0,0.4904773536305244
1624.0,5,63.0,1.1454545454545455,7.992438923847513,55.0,827.0,15.036363636363635,54.0,0.9818181818181818,4.0,193.0,0.0,7.029395680169443,6.892857142857143,6.892857142857143,28.0,0.0,3.0,0.3184733513438615,0.0,22.0,0.2670500243876471,0.0,0.0,1.0,0.0,0.0,1.0,2.0,119.0,0.3760231257937709,1.0,38.0,0.660329602101737,1.0,11.0,0.4155292604685756
1632.0,17,127.0,2.1166666666666667,6.111496764541313,60.0,907.0,15.116666666666667,80.0,1.3333333333333333,12.0,194.0,1.0,4.4868586431094055,6.258064516129032,6.258064516129032,31.0,1.0,1.0,0.0957537518033888,3.0,49.0,0.0002276539353636,0.0,0.0,0.0684409547619983,0.0,0.0,1.0,2.0,98.0,0.4124824070284838,4.0,25.0,0.4182746489063859,2.0,21.0,2.765514187238991e-05
1640.0,20,137.0,2.014705882352941,5.047360507768369,68.0,1042.0,15.323529411764708,135.0,1.9852941176470589,16.0,227.0,33.0,4.019379797813078,5.973684210526316,5.973684210526316,38.0,1.0,6.0,0.0,0.0,11.0,0.5264873915163042,1.0,22.0,0.711522186677422,0.0,0.0,0.996742020935107,4.0,120.0,0.3212249176512886,10.0,68.0,0.1138780311869719,0.0,0.0,1.0
1648.0,14,156.0,2.2285714285714286,6.303613644155942,70.0,952.0,13.6,0.0,0.0,12.0,215.0,0.0,3.0454988348205525,8.958333333333334,8.958333333333334,24.0,0.0,0.0,1.0,1.0,2.0,0.0017439636543651,2.0,10.0,0.1183996449023207,1.0,2.0,0.476913389555968,4.0,148.0,0.1469116005468068,4.0,50.0,0.1904169457892185,0.0,3.0,0.7776554409757734
1656.0,12,186.0,2.415584415584416,7.516880524687387,77.0,847.0,11.0,0.0,0.0,7.0,266.0,51.0,7.163190221833808,9.851851851851851,9.851851851851851,27.0,0.0,0.0,1.0,1.0,10.0,0.0,0.0,10.0,0.8808768735033697,0.0,0.0,0.9910442227291753,2.0,162.0,0.5440459207267924,4.0,70.0,0.2364315893318725,0.0,14.0,0.9250981802286008
1664.0,13,165.0,2.2,7.103416115658976,75.0,626.0,8.346666666666666,0.0,0.0,6.0,211.0,0.0,6.555360230272909,7.814814814814815,7.814814814814815,27.0,0.0,0.0,1.0,0.0,3.0,0.4144113072119545,0.0,9.0,0.8015490056710546,1.0,2.0,0.684945162766482,2.0,162.0,0.2017805796256927,3.0,35.0,0.3547274058916621,0.0,0.0,0.1664355891787002
1672.0,18,79.0,1.0394736842105263,5.454210642452948,76.0,635.0,8.355263157894736,9.0,0.1184210526315789,13.0,107.0,0.0,4.007058583283896,3.147058823529412,3.147058823529412,34.0,1.0,1.0,0.0050208200412866,4.0,25.0,0.1614046818416102,0.0,7.0,0.4537196182982544,3.0,8.0,0.1296715149190124,0.0,8.0,0.7085579894947891,5.0,54.0,0.046287972404437,0.0,4.0,0.6818661895947717
1680.0,15,70.0,0.875,6.171897258778001,80.0,722.0,9.025,87.0,1.0875,11.0,153.0,46.0,3.5574372360545,5.464285714285714,5.464285714285714,28.0,1.0,12.0,0.4979612422604242,1.0,33.0,0.1446647652219627,0.0,2.0,0.4038380836812271,3.0,26.0,0.101448454050125,2.0,45.0,0.5669696263707571,3.0,32.0,0.1726803599947234,1.0,3.0,0.0006599289445482
1688.0,23,150.0,1.829268292682927,5.9691526322344535,82.0,806.0,9.829268292682928,84.0,1.024390243902439,19.0,228.0,75.0,3.72938825834124,6.162162162162162,6.162162162162162,37.0,2.0,24.0,0.3242687682747637,3.0,27.0,0.0008530337309113,0.0,0.0,0.9115720563811496,5.0,46.0,0.0001791520899112,3.0,51.0,0.3671470389535857,6.0,80.0,0.2497641314443391,0.0,0.0,0.7066795617009265
1696.0,15,90.0,1.0975609756097562,6.2768156053041295,82.0,893.0,10.890243902439025,87.0,1.0609756097560976,11.0,212.0,0.0,4.58418943704008,6.235294117647059,6.235294117647059,34.0,3.0,48.0,0.2799431398029219,0.0,11.0,0.3935835828691773,0.0,0.0,0.9709739156375028,0.0,3.0,0.9014300047791508,2.0,70.0,0.3384874500326824,5.0,79.0,0.2241827638756592,1.0,1.0,0.4567817091955304
1704.0,13,82.0,0.9761904761904762,6.671730955248743,84.0,875.0,10.416666666666666,0.0,0.0,10.0,201.0,0.0,4.588685396364877,4.674418604651163,4.674418604651163,43.0,4.0,45.0,0.3953394005097236,1.0,17.0,0.0,0.0,6.0,0.4102739915893212,0.0,0.0,1.0,2.0,70.0,0.2895910589421347,1.0,52.0,0.3417118649880706,2.0,11.0,0.1605680450398784
1712.0,19,147.0,1.860759493670886,5.917431304581428,79.0,839.0,10.620253164556962,0.0,0.0,13.0,220.0,19.0,3.776811756676848,6.666666666666667,6.666666666666667,33.0,7.0,98.0,0.1028389663155549,1.0,4.0,0.0,0.0,12.0,0.438850850194547,0.0,0.0,0.957212792500044,1.0,60.0,0.1433179787381485,4.0,46.0,0.2700588517649597,0.0,0.0,0.8389220692051015
1720.0,7,91.0,1.3,7.242968217092157,70.0,875.0,12.5,36.0,0.5142857142857142,5.0,196.0,0.0,5.807466644346489,7.84,7.84,25.0,0.0,57.0,0.0882654335761422,0.0,0.0,0.9902559099154974,0.0,6.0,0.6755991657446115,0.0,0.0,1.0,1.0,47.0,0.0,4.0,79.0,0.4567646178743348,0.0,7.0,0.5355668620831903
1728.0,7,26.0,0.4262295081967213,7.019799214586564,61.0,820.0,13.442622950819672,0.0,0.0,6.0,82.0,0.0,3.5416485923771988,4.315789473684211,4.315789473684211,19.0,1.0,32.0,0.0350018815163434,0.0,4.0,0.9579923322638352,1.0,4.0,4.49490714807895e-05,0.0,0.0,1.0,0.0,3.0,0.5676559454966343,4.0,39.0,0.1957683971319555,0.0,0.0,1.0
1736.0,7,35.0,0.6363636363636364,8.33063563629316,55.0,718.0,13.054545454545456,0.0,0.0,6.0,76.0,0.0,6.633008095143265,3.8,3.8,20.0,0.0,0.0,1.0,1.0,5.0,0.4715452689621217,0.0,3.0,0.9289892589946008,0.0,0.0,1.0,0.0,7.0,0.9260737695299938,5.0,58.0,0.1496824918756241,0.0,3.0,0.6897185424615231
1744.0,11,54.0,0.9642857142857144,7.099724863405803,56.0,726.0,12.964285714285714,8.0,0.1428571428571428,9.0,138.0,62.0,3.792448487610207,6.0,6.0,23.0,1.0,3.0,1.844957812006952e-05,3.0,40.0,0.2818810588536404,1.0,8.0,0.3067440743940266,0.0,0.0,1.0,2.0,13.0,0.306403728821583,2.0,71.0,0.0763812065845561,0.0,3.0,0.9405667604384542
1752.0,10,32.0,0.5714285714285714,7.8702844249630575,56.0,655.0,11.696428571428571,0.0,0.0,7.0,79.0,0.0,5.606492228862796,3.95,3.95,20.0,1.0,11.0,0.4824412806453741,0.0,18.0,0.4962923918961356,0.0,0.0,0.7181888997466611,0.0,0.0,0.6500070836781163,0.0,3.0,0.8624188916882692,4.0,42.0,0.141845621068149,2.0,5.0,7.922619947843589e-05
1760.0,13,69.0,1.1694915254237288,7.0843173843441125,59.0,671.0,11.372881355932204,16.0,0.2711864406779661,9.0,105.0,26.0,5.376388762865926,3.75,3.75,28.0,1.0,19.0,0.4054073082024567,3.0,9.0,0.0866202070175575,2.0,16.0,0.2263659390039803,2.0,7.0,0.3198584650784277,0.0,7.0,0.8377999398811641,0.0,34.0,0.5723049592415081,1.0,13.0,0.2531900429020977
1768.0,6,19.0,0.3114754098360656,7.649358629157784,61.0,614.0,10.065573770491802,0.0,0.0,5.0,74.0,0.0,5.932991036555843,2.740740740740741,2.740740740740741,27.0,1.0,8.0,0.3182807605607943,0.0,8.0,0.4468612677112991,0.0,24.0,0.5563594512895749,0.0,0.0,0.1538173745225087,2.0,15.0,0.356469195930383,1.0,14.0,0.4547894035785204,1.0,5.0,9.571892479047878e-06
1776.0,13,69.0,1.2777777777777777,7.766347834236985,54.0,489.0,9.055555555555555,0.0,0.0,12.0,83.0,9.0,3.5580102178452857,3.608695652173913,3.608695652173913,23.0,1.0,4.0,3.0029602245037687e-05,2.0,10.0,0.2886820761277359,3.0,24.0,0.182630956878893,1.0,7.0,0.0,0.0,2.0,0.3587652270015899,3.0,23.0,0.4322823869053658,2.0,13.0,0.0
1784.0,14,101.0,1.9423076923076923,7.417970060461291,52.0,491.0,9.442307692307692,2.0,0.0384615384615384,13.0,125.0,42.0,4.77086266069937,4.464285714285714,4.464285714285714,28.0,2.0,20.0,0.3882687139648514,5.0,25.0,0.3555737003241685,1.0,25.0,0.1730118136151928,0.0,0.0,1.0,0.0,0.0,1.0,5.0,55.0,0.3322802487208905,0.0,0.0,0.4579087393929381
1792.0,8,50.0,0.9803921568627452,7.547581846825019,51.0,521.0,10.215686274509803,30.0,0.5882352941176471,6.0,79.0,0.0,5.577456710518985,5.266666666666667,5.266666666666667,15.0,0.0,2.0,0.4046786007411097,5.0,49.0,0.1894040287324387,1.0,25.0,0.6562355792878193,0.0,0.0,1.0,0.0,0.0,0.9347616552435064,0.0,3.0,0.9948716067598068,0.0,0.0,0.2069577609187598
1800.0,2,10.0,0.2222222222222222,9.608469870226475,45.0,381.0,8.466666666666667,0.0,0.0,2.0,40.0,0.0,8.333492636370488,2.5,2.5,16.0,0.0,3.0,0.3382148095461925,1.0,11.0,0.5899122538939222,0.0,0.0,1.0,0.0,0.0,1.0,0.0,11.0,0.8229948444684616,1.0,5.0,2.872614300127248e-05,0.0,10.0,0.7678822023076887
1808.0,2,16.0,0.3636363636363636,8.270844312631725,44.0,379.0,8.613636363636363,0.0,0.0,2.0,22.0,0.0,4.671088372890518,1.6923076923076923,1.6923076923076923,13.0,1.0,3.0,0.0528787144900193,0.0,1.0,0.3219888780243983,0.0,0.0,1.0,0.0,0.0,0.2341622429611603,0.0,8.0,0.7730951880981362,1.0,10.0,0.0559975772498931,0.0,0.0,1.0
1816.0,11,35.0,0.8974358974358975,6.753813392329971,39.0,319.0,8.179487179487179,0.0,0.0,7.0,54.0,32.0,5.701504459623725,3.375,3.375,16.0,2.0,11.0,0.0004247231025548,3.0,19.0,0.2332611264703095,0.0,12.0,0.9393191365072444,2.0,12.0,0.275376346861296,0.0,0.0,0.3924317158710881,0.0,0.0,1.0,0.0,0.0,1.0
1824.0,7,37.0,0.8809523809523809,7.811671770675107,42.0,365.0,8.69047619047619,46.0,1.0952380952380951,6.0,41.0,0.0,2.084785767820785,5.125,5.125,8.0,0.0,1.0,0.3552598098098423,1.0,13.0,0.0,0.0,0.0,1.0,4.0,18.0,0.0010663551530316,1.0,9.0,0.4872199665646172,0.0,0.0,1.0,0.0,0.0,1.0
1832.0,2,7.0,0.1428571428571428,9.00221144982297,49.0,297.0,6.061224489795919,0.0,0.0,1.0,21.0,0.0,5.832956151326989,2.333333333333333,2.333333333333333,9.0,1.0,8.0,0.2683315219069911,0.0,0.0,1.0,0.0,0.0,0.8476574029145187,0.0,0.0,1.0,0.0,3.0,0.0106463680970523,0.0,10.0,0.4340034608539141,0.0,0.0,1.0
1840.0,10,33.0,0.6111111111111112,7.718270183057744,54.0,290.0,5.37037037037037,0.0,0.0,6.0,45.0,24.0,3.969132636661252,3.0,3.0,15.0,2.0,11.0,2.01048951837662e-05,1.0,7.0,0.3257680692339187,2.0,8.0,0.3131297613325774,0.0,3.0,0.4949017707475158,1.0,13.0,0.459323762478602,0.0,3.0,0.1612600877124063,0.0,0.0,1.0
1848.0,11,34.0,0.6415094339622641,7.257648392297602,53.0,269.0,5.075471698113208,0.0,0.0,9.0,41.0,0.0,4.774592721090984,2.411764705882353,2.411764705882353,17.0,1.0,1.0,0.4714990141111592,0.0,0.0,0.3995034901134858,0.0,0.0,1.0,4.0,18.0,0.0006222565103195,0.0,4.0,0.887150376755614,4.0,18.0,0.0019654538236524,0.0,0.0,1.0
1856.0,5,32.0,0.5245901639344263,9.158700954974778,61.0,271.0,4.442622950819672,2.0,0.0327868852459016,5.0,37.0,0.0,6.210696862056383,2.466666666666667,2.466666666666667,15.0,1.0,9.0,0.0,3.0,7.0,0.0705582527118342,0.0,0.0,1.0,0.0,2.0,0.644269407101921,0.0,3.0,0.7293557798623113,1.0,16.0,0.6953449111875754,0.0,0.0,0.5046241803080437
1864.0,8,24.0,0.3428571428571428,8.039552432433723,70.0,304.0,4.342857142857143,33.0,0.4714285714285714,7.0,73.0,36.0,5.881823572141888,3.0416666666666665,3.0416666666666665,24.0,0.0,0.0,1.0,1.0,14.0,0.388277171668205,0.0,0.0,1.0,1.0,7.0,0.3368462881047153,0.0,24.0,0.8897345249429357,4.0,25.0,0.0507048558106984,1.0,3.0,0.0198755208302612
1872.0,10,39.0,0.5416666666666666,8.278939553912439,72.0,308.0,4.277777777777778,4.0,0.0555555555555555,6.0,43.0,0.0,7.204663037154259,1.9545454545454544,1.9545454545454544,22.0,0.0,0.0,0.965967294832944,4.0,28.0,0.3172138291941799,0.0,0.0,0.6374037147562623,2.0,8.0,0.3904763154024051,0.0,7.0,0.859755370221207,0.0,0.0,0.2874404653380939,0.0,0.0,1.0
1880.0,8,27.0,0.391304347826087,8.371425228404206,69.0,356.0,5.159420289855072,48.0,0.6956521739130435,5.0,47.0,4.0,7.335295311158184,1.88,1.88,25.0,2.0,13.0,0.3313501398157271,0.0,0.0,0.9348100273926964,1.0,5.0,0.523465269988264,1.0,15.0,0.2909897545078043,1.0,11.0,0.6639287203719012,0.0,0.0,0.5230422642460034,0.0,3.0,0.8086346414422771
1888.0,6,46.0,0.6764705882352942,8.535098283068637,68.0,328.0,4.823529411764706,0.0,0.0,5.0,57.0,10.0,6.944538940100682,2.375,2.375,24.0,1.0,13.0,0.5570534008158218,1.0,5.0,0.3100219072494002,0.0,0.0,0.977190430406602,1.0,15.0,0.299779057905666,0.0,10.0,0.7049032596046002,1.0,6.0,0.304432740964667,1.0,8.0,2.700395268812288e-05
1896.0,8,41.0,0.6307692307692307,8.923645007367604,65.0,330.0,5.076923076923077,2.0,0.0307692307692307,7.0,59.0,2.0,7.281076211612148,2.458333333333333,2.458333333333333,24.0,3.0,24.0,0.0010497319907758,4.0,13.0,0.1623449740505881,0.0,10.0,0.9554207696954284,0.0,0.0,0.4817889632800304,0.0,9.0,0.7612112070341567,0.0,3.0,0.8886880254826607,0.0,0.0,1.0
1904.0,6,29.0,0.4754098360655737,7.733370062812,61.0,314.0,5.147540983606557,0.0,0.0,6.0,59.0,0.0,5.91118292991181,2.107142857142857,2.107142857142857,28.0,0.0,4.0,0.4577725189281894,2.0,18.0,0.4897220223599834,2.0,17.0,0.1421889935022052,1.0,4.0,0.111532544573608,0.0,9.0,0.8459291254277067,1.0,7.0,0.5560076379251081,0.0,0.0,0.2881396991945644
1912.0,11,50.0,0.78125,7.182598187805462,64.0,338.0,5.28125,24.0,0.375,9.0,59.0,0.0,4.556290786194604,2.185185185185185,2.185185185185185,27.0,2.0,9.0,1.770144983193248e-05,2.0,15.0,0.1302887690427459,0.0,0.0,0.3069083419494703,1.0,3.0,0.2708892285066174,0.0,0.0,0.2367386410746036,4.0,32.0,0.4942125997077493,0.0,0.0,0.0619997113616686
1920.0,11,65.0,0.9285714285714286,7.7554152354949775,70.0,391.0,5.585714285714285,53.0,0.7571428571428571,8.0,95.0,36.0,6.450151222180325,3.8,3.8,25.0,3.0,26.0,0.247610982090758,2.0,29.0,0.2873441536482097,0.0,12.0,0.9291272931707676,2.0,18.0,0.2944688934616055,0.0,1.0,0.4475798584014532,1.0,6.0,0.5077685537728983,0.0,3.0,0.754595490142204
1928.0,9,69.0,1.0454545454545454,8.620264065104342,66.0,382.0,5.787878787878788,0.0,0.0,9.0,92.0,0.0,5.732542779382171,3.4074074074074074,3.4074074074074074,27.0,3.0,54.0,0.3593002135060335,0.0,0.0,0.3436799543369169,0.0,0.0,0.3667625188982035,1.0,2.0,0.3966828144110741,0.0,6.0,0.8663443681541648,5.0,19.0,0.2071237915758588,0.0,11.0,0.6756957020321718
1936.0,11,30.0,0.4347826086956521,7.943350091191301,69.0,439.0,6.36231884057971,57.0,0.8260869565217391,9.0,70.0,0.0,4.289440800941623,2.592592592592593,2.592592592592593,27.0,2.0,7.0,0.0003151089974647,2.0,11.0,0.4098453523992275,0.0,0.0,1.0,2.0,16.0,0.1673065095600186,2.0,12.0,0.468353756416552,1.0,18.0,0.2235490340090896,0.0,6.0,0.7850560334300215
1944.0,11,67.0,0.9852941176470588,8.657933158347387,68.0,417.0,6.132352941176471,0.0,0.0,11.0,109.0,39.0,6.168228235248571,3.40625,3.40625,32.0,2.0,9.0,0.0022963660297401,5.0,44.0,3.4908741273188324e-05,0.0,5.0,0.9397056752331574,3.0,29.0,0.0003156910402273,0.0,7.0,0.6475691597186402,1.0,4.0,0.2918145165096063,0.0,11.0,0.8889138604416487
1952.0,18,65.0,0.8783783783783784,6.775995778533915,74.0,491.0,6.635135135135135,74.0,1.0,14.0,93.0,0.0,5.555587053522493,2.3846153846153846,2.3846153846153846,39.0,0.0,0.0,1.0,0.0,18.0,0.1750215412472134,1.0,8.0,0.6526799767245881,3.0,9.0,0.4068255754516046,1.0,8.0,0.7108024091840333,4.0,25.0,0.4989315706085184,5.0,25.0,0.1212499386005698
1960.0,21,143.0,1.7875,6.207765661535016,80.0,645.0,8.0625,154.0,1.925,18.0,173.0,80.0,2.70524823084907,4.552631578947368,4.552631578947368,38.0,0.0,0.0,0.9059409005482264,1.0,13.0,0.1526478358192996,0.0,0.0,0.4658669602223624,6.0,37.0,0.0159777563657203,2.0,12.0,0.3116471911420416,1.0,27.0,0.3103016842800569,8.0,84.0,1.2685870827291835e-06
1968.0,8,68.0,0.85,7.920931838613148,80.0,711.0,8.8875,66.0,0.825,6.0,130.0,0.0,6.03680094669588,4.814814814814815,4.814814814814815,27.0,0.0,0.0,0.5126777266721746,0.0,0.0,0.9213584179282148,0.0,10.0,0.9398140539786198,3.0,33.0,0.2600798351251096,0.0,16.0,0.8052645039088401,3.0,36.0,0.1836433723697852,0.0,35.0,0.2701359723564671
1976.0,15,151.0,1.9610389610389607,8.024190382264491,77.0,600.0,7.792207792207792,0.0,0.0,12.0,157.0,27.0,6.599394842969382,4.0256410256410255,4.0256410256410255,39.0,2.0,4.0,0.2157745414740347,1.0,3.0,0.000998635631127,2.0,23.0,0.3620118477266709,4.0,61.0,0.38154192906278,0.0,0.0,0.7802970500438823,3.0,60.0,0.541644661040808,0.0,6.0,0.9202819958972122
1984.0,19,118.0,1.8153846153846156,6.087149796689624,65.0,585.0,9.0,0.0,0.0,17.0,147.0,0.0,2.595520963718026,4.59375,4.59375,32.0,3.0,25.0,0.0,1.0,2.0,0.4600048371339506,0.0,5.0,0.3534521824557806,5.0,19.0,0.0007392762647034,2.0,4.0,0.12538440897929,3.0,81.0,0.4729771940903124,3.0,11.0,0.1435445747950539
1992.0,23,176.0,2.8852459016393444,5.919140048798621,61.0,677.0,11.098360655737704,92.0,1.5081967213114753,23.0,221.0,74.0,0.8482950635896729,7.620689655172414,7.620689655172414,29.0,1.0,6.0,0.0188900660647147,2.0,15.0,0.1173959275043285,0.0,0.0,1.0,5.0,59.0,0.0,7.0,51.0,0.07113019079028,1.0,32.0,0.1945842955328,7.0,58.0,0.0006363191619181
2000.0,12,105.0,1.5909090909090908,6.868550457198653,66.0,754.0,11.424242424242424,77.0,1.1666666666666667,9.0,179.0,0.0,4.863778369559968,7.16,7.16,25.0,3.0,28.0,0.002635693002975,1.0,20.0,0.4511964345766542,0.0,2.0,0.8961310932164647,1.0,18.0,0.0,1.0,53.0,0.5093279618121086,3.0,27.0,0.1425255048405537,0.0,31.0,0.2883737690369147
2008.0,17,102.0,1.4366197183098592,7.166587243478943,71.0,732.0,10.309859154929578,0.0,0.0,15.0,192.0,13.0,4.335345245393948,5.818181818181818,5.818181818181818,33.0,4.0,60.0,0.1893926231095345,2.0,16.0,0.0220364855409429,2.0,8.0,0.234547286922705,1.0,26.0,0.3786979769973307,1.0,27.0,0.5120924392546168,2.0,11.0,0.58926706908216,3.0,44.0,0.0001039157348403
2016.0,12,74.0,1.0422535211267605,7.793502956462338,71.0,743.0,10.464788732394366,11.0,0.1549295774647887,8.0,87.0,0.0,6.609836557452801,3.0,3.0,29.0,1.0,3.0,0.0001283591586626,0.0,1.0,0.6496863730687357,0.0,4.0,0.9558896218053848,5.0,46.0,0.0074216138891463,1.0,15.0,0.6419413222655403,1.0,8.0,0.5405465003546784,0.0,10.0,0.9470753479411548
2024.0,15,64.0,0.8888888888888888,6.550841354667941,72.0,686.0,9.52777777777778,0.0,0.0,12.0,100.0,13.0,3.751478863453438,3.0303030303030303,3.0303030303030303,33.0,0.0,3.0,0.6312855508910319,1.0,6.0,0.3405263871631047,2.0,8.0,0.0036634342140312,0.0,21.0,0.1092920890762499,2.0,14.0,0.5062819701458576,5.0,37.0,0.2063482568927288,2.0,11.0,0.0021704255991933
2032.0,23,169.0,2.08641975308642,6.104173745107106,81.0,823.0,10.160493827160494,137.0,1.691358024691358,20.0,207.0,107.0,4.000094654248968,4.704545454545454,4.704545454545454,44.0,4.0,17.0,0.3841229379912091,1.0,5.0,0.4844903852616855,2.0,34.0,0.5930716847288348,1.0,25.0,0.0779541898709843,0.0,10.0,0.4574601914081304,12.0,116.0,0.0740257413413614,0.0,0.0,1.0
2040.0,15,70.0,0.8333333333333334,6.030151133378204,84.0,775.0,9.226190476190476,0.0,0.0,15.0,200.0,0.0,3.285589807670548,4.651162790697675,4.651162790697675,43.0,2.0,4.0,0.3316880107184922,1.0,16.0,0.3236555680440908,1.0,11.0,0.3221410754863295,5.0,59.0,0.124870349818784,3.0,20.0,0.1821506061855094,3.0,90.0,0.3140842379504896,0.0,0.0,0.3795998007758621
2048.0,20,133.0,1.4301075268817205,6.712850208518737,93.0,868.0,9.333333333333334,93.0,1.0,18.0,193.0,0.0,4.510099931605305,4.595238095238095,4.595238095238095,42.0,0.0,2.0,0.0079913679107888,1.0,4.0,0.0069676895126074,2.0,18.0,0.4885944062087627,4.0,46.0,0.1100885368327175,6.0,63.0,0.3222275143710739,5.0,46.0,0.1266249405185742,0.0,14.0,0.7179492600391267
2056.0,22,169.0,1.8369565217391304,6.231969484320897,92.0,972.0,10.565217391304348,104.0,1.1304347826086956,19.0,241.0,48.0,3.009270314125001,5.738095238095238,5.738095238095238,42.0,1.0,10.0,0.4614858249774698,3.0,29.0,0.0109684112236752,1.0,9.0,0.4608439866504426,2.0,17.0,0.2397465967846059,7.0,119.0,0.2316981962373491,1.0,36.0,0.1795602408733286,4.0,21.0,0.1227526800945616
2064.0,30,199.0,2.117021276595745,6.248452505269636,94.0,1152.0,12.25531914893617,180.0,1.9148936170212767,23.0,320.0,79.0,4.600078504185011,6.666666666666667,6.666666666666667,48.0,3.0,9.0,0.4176768411593838,0.0,5.0,0.5553812094675429,0.0,3.0,0.8584894591923713,7.0,54.0,0.1117285316461341,3.0,141.0,0.4192223514139314,1.0,28.0,0.5919844320986284,9.0,80.0,0.092893496136883
2072.0,26,170.0,1.8888888888888888,6.132125164074125,90.0,1318.0,14.644444444444444,166.0,1.8444444444444448,20.0,345.0,25.0,3.806224948907327,8.023255813953488,8.023255813953488,43.0,7.0,38.0,0.1621981283444816,0.0,8.0,0.9654153269006072,0.0,0.0,1.0,5.0,91.0,0.0183377618313641,7.0,150.0,0.2767918256052176,0.0,0.0,0.8747836114093053,1.0,58.0,0.1677266993063318
2080.0,26,256.0,3.1219512195121952,5.385904463233038,82.0,1290.0,15.731707317073171,0.0,0.0,17.0,430.0,85.0,3.7232219345180497,9.148936170212766,9.148936170212766,47.0,3.0,68.0,0.1108298532295001,0.0,12.0,0.8010266975533975,0.0,7.0,0.947697996479376,4.0,128.0,0.2026532148059393,1.0,136.0,0.3155318579061429,3.0,8.0,0.1884521800006212,6.0,71.0,0.1713080808116674
2088.0,27,236.0,2.9135802469135803,5.736439671478587,81.0,1487.0,18.358024691358025,197.0,2.432098765432099,21.0,444.0,14.0,3.7038231180605945,10.090909090909092,10.090909090909092,44.0,5.0,55.0,1.9078963106204264e-05,0.0,0.0,1.0,1.0,5.0,0.0729075538660592,6.0,114.0,0.1357480694726791,0.0,125.0,0.4481279553170234,1.0,11.0,0.5681638556745873,8.0,134.0,0.0787127528078171
2096.0,10,42.0,0.5,5.961737249871344,84.0,1575.0,18.75,88.0,1.0476190476190477,10.0,376.0,0.0,4.2566499931246735,8.173913043478262,8.173913043478262,46.0,0.0,39.0,0.0692326389512595,0.0,5.0,0.1727760455099556,0.0,6.0,0.5866027381262517,8.0,168.0,0.0490524290056209,0.0,85.0,0.5357476782887576,2.0,11.0,0.5084274910890131,0.0,62.0,0.2002103688100935
2104.0,18,89.0,1.0348837209302326,6.957848430699444,86.0,1453.0,16.8953488372093,0.0,0.0,12.0,218.0,0.0,6.238925674938752,5.45,5.45,40.0,2.0,30.0,0.0113589997105553,0.0,0.0,1.0,1.0,11.0,0.6204304782864801,3.0,80.0,0.4594203503130601,0.0,7.0,0.7947627608608687,0.0,0.0,0.5558180417336145,6.0,90.0,0.1657418911841258
2112.0,27,171.0,1.988372093023256,6.087368810351304,86.0,1530.0,17.790697674418606,77.0,0.8953488372093024,21.0,225.0,7.0,3.1755323735965355,5.357142857142857,5.357142857142857,42.0,1.0,8.0,0.6166177690686189,1.0,4.0,0.0002215225033369,0.0,0.0,1.0,3.0,36.0,0.0857862791954572,0.0,1.0,0.5112471881323654,9.0,32.0,0.2330037877200088,7.0,144.0,0.0986440590768614
2120.0,38,373.0,4.440476190476191,4.605042086263397,84.0,1671.0,19.892857142857142,141.0,1.6785714285714286,35.0,515.0,290.0,2.691415114225198,9.363636363636363,9.363636363636363,55.0,2.0,18.0,0.2357555783779754,0.0,5.0,0.4980347151246999,0.0,5.0,0.9320026600361792,4.0,115.0,0.022432393633609,0.0,3.0,0.990293561780534,18.0,144.0,0.1840598855718869,11.0,225.0,0.0
2128.0,45,638.0,7.088888888888889,3.934647227709732,90.0,1939.0,21.544444444444444,268.0,2.977777777777778,39.0,712.0,197.0,1.6827594350280268,13.185185185185183,13.185185185185183,54.0,0.0,4.0,0.0381677706425191,1.0,5.0,0.4677836613822708,0.0,3.0,0.4667893199117744,4.0,72.0,0.060251124814845,0.0,4.0,0.8273249585300076,23.0,311.0,0.0495176405908066,11.0,313.0,0.0
2144.0,8,82.0,0.9111111111111112,6.950557873934949,90.0,2176.0,24.177777777777777,68.0,0.7555555555555555,7.0,475.0,0.0,6.398724527372907,10.106382978723405,10.106382978723405,47.0,1.0,1.0,0.637946042268137,0.0,3.0,0.6451959546996122,1.0,6.0,0.6505269022117667,2.0,76.0,0.0,0.0,22.0,0.6682107468832409,2.0,111.0,0.4132472176844574,1.0,256.0,0.3488788547130932
2152.0,15,80.0,0.963855421686747,6.933793033873194,83.0,1773.0,21.36144578313253,0.0,0.0,11.0,134.0,0.0,5.270309635976403,2.851063829787234,2.851063829787234,47.0,3.0,19.0,0.2876683063358856,2.0,16.0,0.0038035200696867,0.0,3.0,0.7410901361152393,0.0,0.0,0.9387384171415304,4.0,14.0,0.2065900597044245,2.0,40.0,0.7192118971488146,0.0,42.0,0.3052454072853085
2160.0,16,76.0,0.9743589743589745,6.290210797287608,78.0,1517.0,19.44871794871795,0.0,0.0,14.0,129.0,0.0,4.196308473392588,3.0,3.0,43.0,1.0,17.0,0.0,0.0,3.0,0.3436000575988566,0.0,4.0,0.924317520269329,1.0,3.0,0.0038602897990758,5.0,66.0,0.2209895683575726,2.0,6.0,0.5164857289645712,5.0,30.0,0.2098697886799983
2168.0,13,79.0,1.0533333333333332,5.800789495930599,75.0,1611.0,21.48,94.0,1.2533333333333334,10.0,141.0,12.0,3.6024464783254517,3.810810810810811,3.810810810810811,37.0,0.0,0.0,0.5337592005875791,2.0,16.0,0.3232231115768106,1.0,1.0,0.1881491017223956,0.0,0.0,1.0,2.0,64.0,0.4388454104380392,0.0,12.0,0.3485067485662451,5.0,48.0,0.0895313978630103
2176.0,8,86.0,1.2835820895522387,7.561132268207795,67.0,1297.0,19.35820895522388,0.0,0.0,6.0,136.0,0.0,6.526547433811498,3.4871794871794872,3.4871794871794872,39.0,2.0,12.0,0.0,0.0,4.0,0.3294669515156918,0.0,6.0,0.9263048410774598,0.0,0.0,1.0,4.0,57.0,0.3172546669556212,0.0,19.0,0.8935203043704958,0.0,38.0,0.2850282760923031
2184.0,13,54.0,0.8571428571428571,8.365815886717698,63.0,878.0,13.936507936507937,0.0,0.0,11.0,141.0,5.0,6.013837915347791,4.862068965517241,4.862068965517241,29.0,2.0,28.0,0.0,0.0,24.0,0.967188781092038,0.0,3.0,0.7392630693514831,0.0,0.0,1.0,4.0,52.0,0.1674789820140588,4.0,23.0,0.4134519056290239,1.0,11.0,0.6628271042952912
2192.0,9,37.0,0.6981132075471698,6.834064636988284,53.0,543.0,10.245283018867925,0.0,0.0,6.0,82.0,0.0,6.237351904529081,2.6451612903225805,2.6451612903225805,31.0,0.0,0.0,0.3410619109042133,0.0,3.0,0.9771333326873164,0.0,7.0,0.8588468870145359,0.0,5.0,0.9256371608730738,1.0,34.0,0.4796130912721498,0.0,3.0,0.4400559495671619,5.0,30.0,0.1384211732610108
2200.0,9,59.0,1.0727272727272728,6.772614156350754,55.0,577.0,10.49090909090909,34.0,0.6181818181818182,8.0,80.0,0.0,4.855695752720879,2.5806451612903225,2.5806451612903225,31.0,1.0,7.0,0.0,1.0,5.0,0.4663131837806128,0.0,0.0,1.0,0.0,0.0,1.0,1.0,10.0,0.6812573330318291,5.0,29.0,0.2593051693746632,0.0,29.0,0.247425779713915
2208.0,20,121.0,2.1607142857142856,5.542980583270888,56.0,543.0,9.696428571428571,0.0,0.0,19.0,175.0,95.0,3.278322575287569,4.861111111111111,4.861111111111111,36.0,0.0,0.0,1.0,0.0,8.0,0.387232991919164,0.0,0.0,1.0,0.0,0.0,1.0,5.0,28.0,0.3556974638020789,8.0,94.0,0.214620584854568,6.0,45.0,0.1141706634730911
2216.0,11,36.0,0.6428571428571429,5.306821276929041,56.0,638.0,11.392857142857142,95.0,1.6964285714285714,9.0,96.0,0.0,3.377897156850626,3.4285714285714284,3.4285714285714284,28.0,1.0,1.0,0.2426016603692217,2.0,8.0,0.1929890809684331,0.0,0.0,1.0,0.0,0.0,1.0,3.0,29.0,0.2636007311991255,2.0,23.0,0.2547533598859502,1.0,35.0,0.1492552185051286
2224.0,3,35.0,0.6862745098039216,8.547769120206718,51.0,460.0,9.019607843137257,0.0,0.0,3.0,64.0,0.0,8.33715439945004,3.2,3.2,20.0,0.0,0.0,1.0,0.0,4.0,0.4297970017939544,0.0,0.0,1.0,0.0,0.0,1.0,0.0,5.0,0.6519947998307566,2.0,30.0,0.2934694160463579,1.0,25.0,0.7903881548396662
2232.0,3,22.0,0.4782608695652174,9.83540288102516,46.0,332.0,7.217391304347826,0.0,0.0,2.0,45.0,0.0,9.714106504051813,3.4615384615384617,3.4615384615384617,13.0,0.0,0.0,0.9799459488152754,0.0,0.0,1.0,0.0,5.0,0.9547230780258192,0.0,0.0,0.9220477890299066,1.0,10.0,0.359988858337723,0.0,11.0,0.8938975754856505,1.0,19.0,0.0
2240.0,5,11.0,0.2894736842105263,7.63158524346006,38.0,243.0,6.394736842105263,0.0,0.0,3.0,38.0,0.0,5.2484437945765405,2.7142857142857144,2.7142857142857144,14.0,1.0,9.0,0.1448065953454926,0.0,2.0,0.0216016109587859,0.0,3.0,0.9750864005884502,0.0,0.0,0.8181878795773527,2.0,16.0,0.4523013498541763,0.0,8.0,0.5167788571443173,0.0,0.0,1.0
2248.0,5,11.0,0.3142857142857143,7.321396763410376,35.0,182.0,5.2,0.0,0.0,3.0,31.0,0.0,7.369866169972008,2.2142857142857144,2.2142857142857144,14.0,0.0,3.0,0.4999648016877045,1.0,10.0,0.4402609700395193,0.0,3.0,0.8596533830064718,1.0,3.0,1.9819244876377145e-05,0.0,9.0,0.2392541243260791,1.0,3.0,0.7072035733984253,0.0,0.0,1.0
2256.0,8,24.0,0.6,7.723490898247128,40.0,194.0,4.85,12.0,0.3,7.0,34.0,3.0,3.5808151216526363,2.6153846153846154,2.6153846153846154,13.0,0.0,0.0,1.0,2.0,9.0,0.0002617723062379,0.0,0.0,0.7711850091193767,0.0,0.0,1.0,2.0,18.0,2.3679557204322767e-05,3.0,7.0,0.2609983752889085,0.0,0.0,1.0
2264.0,11,65.0,1.5116279069767442,6.676125000047483,43.0,219.0,5.093023255813954,25.0,0.5813953488372093,7.0,48.0,14.0,6.229777736125856,3.2,3.2,15.0,0.0,0.0,0.9195223584080424,1.0,7.0,0.4889527180429981,0.0,0.0,0.9801656915579604,0.0,0.0,1.0,2.0,6.0,0.5163379654132572,4.0,35.0,0.1484634410237375,0.0,0.0,1.0
2272.0,7,27.0,0.5192307692307693,6.42120687187756,52.0,271.0,5.211538461538462,52.0,1.0,4.0,29.0,0.0,5.573252527527979,1.9333333333333331,1.9333333333333331,15.0,1.0,2.0,0.4224364918959523,1.0,10.0,0.1752559544678908,2.0,5.0,0.0331777358231523,0.0,0.0,1.0,0.0,3.0,0.5706780267800913,0.0,3.0,0.6361844801833159,0.0,6.0,0.6794195740408231
2280.0,8,35.0,0.5932203389830508,7.70943884274678,59.0,291.0,4.932203389830509,20.0,0.3389830508474576,6.0,108.0,79.0,6.987188697096704,4.153846153846154,4.153846153846154,26.0,1.0,10.0,0.6142349793569627,1.0,6.0,0.4729235812420772,0.0,7.0,0.6891917118546531,0.0,0.0,0.466176007979674,4.0,25.0,0.2719075703922216,0.0,50.0,0.5590538269390484,0.0,10.0,0.5868933326377254
2288.0,5,18.0,0.2727272727272727,8.71842660337777,66.0,286.0,4.333333333333333,0.0,0.0,4.0,45.0,0.0,8.176517949955615,1.9565217391304348,1.9565217391304348,23.0,1.0,2.0,0.4522852250933117,0.0,0.0,0.9205661720506766,1.0,9.0,0.550483899548392,0.0,0.0,0.9916580513106518,2.0,21.0,0.2502258093340846,0.0,13.0,0.7918967189608653,0.0,0.0,0.9391799513456364
2296.0,13,78.0,1.21875,7.974341691367906,64.0,261.0,4.078125,0.0,0.0,8.0,60.0,15.0,7.487757704479553,1.935483870967742,1.935483870967742,31.0,2.0,4.0,0.2641013522739057,2.0,6.0,0.0142167196165138,1.0,17.0,0.0,1.0,2.0,0.0003360845785854,2.0,31.0,0.7984007412326981,0.0,0.0,0.9360579690082482,0.0,0.0,0.5125062302486689
2304.0,14,66.0,1.0,6.807074211348628,66.0,308.0,4.666666666666667,47.0,0.7121212121212122,9.0,48.0,0.0,5.269369579700779,1.6,1.6,30.0,3.0,18.0,0.2315465879151765,0.0,8.0,0.6041497303819363,0.0,0.0,0.948168956756074,0.0,0.0,0.9241404166399864,4.0,16.0,0.2861767219612748,2.0,6.0,0.3674462685266556,0.0,0.0,0.5624750136726027
2312.0,15,56.0,0.8615384615384616,5.849419503798717,65.0,327.0,5.030769230769231,19.0,0.2923076923076923,11.0,94.0,46.0,2.5133152493406814,3.9166666666666665,3.9166666666666665,24.0,2.0,11.0,0.000103365769253,1.0,6.0,0.0004245915559385,1.0,3.0,0.0010044062299752,0.0,0.0,1.0,2.0,43.0,0.1416880187377081,5.0,31.0,0.2477292996397229,0.0,0.0,0.300585372667716
2320.0,18,103.0,1.5147058823529411,6.153935997006919,68.0,413.0,6.073529411764706,86.0,1.2647058823529411,10.0,83.0,0.0,2.810767972095712,4.882352941176471,4.882352941176471,17.0,3.0,26.0,2.255111787720859e-05,1.0,14.0,0.4494611079751671,0.0,0.0,1.0,0.0,4.0,0.9016986549688252,5.0,27.0,0.0032630126758641,0.0,4.0,0.4113176675766043,1.0,8.0,0.0
2328.0,13,129.0,1.7916666666666667,7.235711292261764,72.0,516.0,7.166666666666667,103.0,1.4305555555555556,4.0,99.0,16.0,7.61045218461773,5.2105263157894735,5.2105263157894735,19.0,3.0,19.0,0.0930393558177213,0.0,0.0,0.0477235818376081,0.0,0.0,0.9001451365207259,0.0,0.0,1.0,0.0,28.0,0.714926987195679,0.0,44.0,0.8471360727669228,1.0,8.0,0.0
2336.0,9,60.0,0.8450704225352113,7.700506081028765,71.0,546.0,7.690140845070423,30.0,0.4225352112676056,5.0,67.0,0.0,8.107632146335956,3.7222222222222223,3.7222222222222223,18.0,0.0,0.0,0.6638279661299575,1.0,11.0,0.4805281426546841,0.0,0.0,1.0,1.0,2.0,0.6552397672109983,2.0,13.0,0.3040584709351372,0.0,25.0,0.7973168293366653,1.0,16.0,0.47072773249835
2344.0,8,28.0,0.4057971014492754,8.501191933458951,69.0,554.0,8.028985507246377,8.0,0.1159420289855072,5.0,83.0,16.0,6.873133541383004,4.611111111111111,4.611111111111111,18.0,1.0,8.0,0.2982656284402462,1.0,6.0,5.487198238504304e-05,0.0,10.0,0.9277040581502192,1.0,10.0,0.1547658490867927,1.0,3.0,0.0001423352285503,1.0,46.0,0.6679995921899802,0.0,0.0,0.972455067999524
2352.0,12,53.0,0.828125,7.658047893250378,64.0,528.0,8.25,0.0,0.0,10.0,140.0,57.0,5.455246232132493,5.6,5.6,25.0,3.0,15.0,0.2436157087625955,2.0,9.0,0.0004441347054827,1.0,5.0,0.1381455459527761,0.0,0.0,1.0,1.0,68.0,0.7390880933332272,1.0,40.0,0.6556387265006566,2.0,3.0,0.1587136497803852
2360.0,17,80.0,1.1594202898550725,6.641380091853248,69.0,582.0,8.434782608695652,54.0,0.782608695652174,13.0,217.0,77.0,5.194990878536523,6.382352941176471,6.382352941176471,34.0,1.0,17.0,0.0963023806119783,3.0,32.0,0.0013536474381973,1.0,7.0,0.4996344123474364,0.0,0.0,1.0,0.0,71.0,0.851383583148959,5.0,65.0,0.3217235560295678,3.0,25.0,0.2233842014367468
2368.0,21,135.0,1.9014084507042253,5.604046735995347,71.0,678.0,9.549295774647888,96.0,1.352112676056338,12.0,179.0,0.0,3.2726345941437662,6.62962962962963,6.62962962962963,27.0,0.0,2.0,0.1586872040230905,4.0,62.0,0.0,3.0,24.0,0.0372841443741668,0.0,0.0,1.0,4.0,77.0,0.2950370835374475,0.0,11.0,0.4705900152299261,1.0,3.0,0.3658492792000295
2376.0,8,50.0,0.6944444444444444,7.473059594495955,72.0,640.0,8.88888888888889,0.0,0.0,6.0,137.0,0.0,8.26605023421809,3.702702702702703,3.702702702702703,37.0,1.0,5.0,0.0,0.0,34.0,0.689646963534203,4.0,46.0,0.2891294565889297,0.0,0.0,1.0,0.0,43.0,0.7170059951035773,1.0,6.0,0.6978305328559338,0.0,3.0,0.7949907092222015
2384.0,22,92.0,1.15,4.994236081968931,80.0,747.0,9.3375,107.0,1.3375,15.0,181.0,44.0,3.325250366940232,4.414634146341464,4.414634146341464,41.0,0.0,0.0,0.926956844469312,5.0,53.0,0.0486291385453776,0.0,40.0,0.1906387578186263,0.0,0.0,1.0,4.0,57.0,0.2412963400944033,2.0,17.0,0.3145528661833781,4.0,14.0,0.1846041793732212
2392.0,15,68.0,0.8095238095238095,6.500345719331039,84.0,846.0,10.071428571428571,99.0,1.1785714285714286,10.0,151.0,0.0,3.744805218407918,5.206896551724138,5.206896551724138,29.0,0.0,0.0,1.0,4.0,42.0,0.1140566396611287,0.0,36.0,0.6478030483062437,0.0,0.0,1.0,5.0,51.0,0.105544410038116,1.0,22.0,0.4472512946525818,0.0,0.0,0.3069227702561606
2400.0,16,84.0,1.05,7.279879346351047,80.0,741.0,9.2625,0.0,0.0,13.0,203.0,52.0,5.105931171336511,5.970588235294118,5.970588235294118,34.0,0.0,0.0,0.6189866115705447,4.0,57.0,0.4025275126017202,2.0,39.0,0.2221454118453965,0.0,0.0,0.8844632663442986,0.0,25.0,0.5035152730310969,4.0,76.0,0.3486209262465878,3.0,6.0,0.000218617983147
2408.0,19,153.0,1.7191011235955056,6.3860350654613685,89.0,821.0,9.224719101123595,80.0,0.898876404494382,16.0,265.0,62.0,3.5475426807884824,6.794871794871795,6.794871794871795,39.0,1.0,7.0,0.0,5.0,74.0,0.2538973016410202,2.0,66.0,0.5830873402757185,0.0,0.0,1.0,1.0,22.0,0.2249733654589037,6.0,87.0,0.166856457928183,1.0,9.0,0.271027139645444
2416.0,14,41.0,0.4767441860465116,6.568395601949743,86.0,782.0,9.093023255813954,0.0,0.0,7.0,145.0,0.0,3.881238129605424,4.67741935483871,4.67741935483871,31.0,0.0,4.0,0.8350869949586613,2.0,35.0,0.1560563352677469,0.0,41.0,0.4413042652536658,0.0,0.0,1.0,2.0,17.0,0.3057522987135764,3.0,42.0,0.152520898690584,0.0,6.0,0.7861163187552223
2424.0,19,101.0,1.2469135802469136,6.478810829656251,81.0,815.0,10.061728395061728,33.0,0.4074074074074074,17.0,207.0,62.0,3.901737877620033,5.447368421052632,5.447368421052632,38.0,0.0,2.0,0.7766829008661642,2.0,26.0,0.070393578396358,5.0,57.0,0.1557819217082152,0.0,0.0,1.0,1.0,34.0,0.7840709259295454,8.0,81.0,0.1524130983251981,1.0,7.0,0.1183264411332825
2432.0,18,201.0,2.716216216216216,7.104346576242742,74.0,836.0,11.297297297297296,21.0,0.2837837837837837,17.0,300.0,93.0,5.136702071439317,6.666666666666667,6.666666666666667,45.0,1.0,4.0,0.0678278844998122,1.0,10.0,0.111608124798157,7.0,130.0,0.3333912921202484,0.0,0.0,0.9937525594651369,1.0,28.0,0.7211279576777676,7.0,128.0,0.3207828377801246,0.0,0.0,0.3736848338530571
2440.0,20,188.0,2.441558441558441,6.362525596193388,77.0,886.0,11.506493506493506,50.0,0.6493506493506493,13.0,254.0,0.0,4.587915958945596,7.9375,7.9375,32.0,0.0,0.0,1.0,2.0,24.0,0.4881868554012681,7.0,150.0,0.2188104137753446,0.0,0.0,0.9044242904657056,1.0,29.0,0.6439281103158351,2.0,45.0,0.1808492345882539,1.0,6.0,0.3044914815579641
2448.0,17,224.0,2.835443037974684,7.274956976490339,79.0,986.0,12.481012658227847,100.0,1.2658227848101269,14.0,269.0,15.0,5.80866735961881,8.151515151515152,8.151515151515152,33.0,1.0,8.0,0.3698594878235239,0.0,0.0,1.0,7.0,193.0,0.0,1.0,4.0,0.0,2.0,26.0,0.6740135300978487,3.0,38.0,0.1580859972477955,0.0,0.0,0.7693231375441882
2456.0,12,32.0,0.3855421686746988,6.560008691621612,83.0,970.0,11.686746987951809,0.0,0.0,10.0,204.0,0.0,4.41515325327258,5.828571428571428,5.828571428571428,35.0,0.0,0.0,1.0,1.0,14.0,0.6257695109363198,1.0,133.0,0.1508211928735942,0.0,0.0,0.9913948724220674,0.0,21.0,0.4874408790209665,4.0,24.0,0.1641464812595103,4.0,12.0,0.0286110140304954
2464.0,15,65.0,0.7386363636363636,5.864937602665799,88.0,879.0,9.988636363636363,0.0,0.0,11.0,148.0,0.0,4.080038926088887,3.441860465116279,3.441860465116279,43.0,1.0,1.0,0.2556611026842109,0.0,7.0,0.4590928736293382,0.0,48.0,0.4550157080372061,2.0,7.0,0.2668212892528038,4.0,40.0,0.2750452916504446,0.0,3.0,0.1517217681885214,4.0,42.0,0.1652508086006155
2472.0,16,69.0,0.7419354838709677,6.231964505524353,93.0,865.0,9.301075268817204,0.0,0.0,11.0,161.0,13.0,4.199423122030562,4.472222222222222,4.472222222222222,36.0,0.0,2.0,0.3354706784094889,3.0,27.0,0.2266862794858327,4.0,62.0,0.1510164361496921,2.0,14.0,0.329110863150276,0.0,28.0,0.4772022274391118,1.0,18.0,0.1950561579618198,1.0,10.0,0.1557475750022354
2480.0,22,91.0,0.9578947368421052,6.62180742509054,95.0,824.0,8.673684210526316,0.0,0.0,10.0,151.0,0.0,4.852450831477095,4.194444444444445,4.194444444444445,36.0,0.0,3.0,0.4745409781635962,1.0,3.0,0.0215810390883525,0.0,53.0,0.2517609588077103,2.0,9.0,0.4170125818487962,0.0,15.0,0.567990457467092,7.0,65.0,0.1597988746673263,0.0,3.0,0.7371341350947319
2488.0,12,74.0,0.7628865979381443,7.089454897739565,97.0,890.0,9.175257731958762,66.0,0.6804123711340206,9.0,192.0,41.0,4.146384812454484,6.4,6.4,30.0,0.0,0.0,1.0,0.0,5.0,0.5841962875963916,0.0,16.0,0.2863877752831495,0.0,4.0,0.2650809078834903,1.0,32.0,0.4347912611756777,7.0,135.0,0.1924026273159888,1.0,0.0,0.0
2496.0,20,42.0,0.4468085106382978,6.322836008209624,94.0,756.0,8.042553191489361,0.0,0.0,16.0,168.0,0.0,3.918638674402803,4.097560975609756,4.097560975609756,41.0,1.0,5.0,0.6325276629452143,3.0,11.0,0.3241733610425825,3.0,24.0,0.0028491186945024,9.0,30.0,0.0782245963857643,0.0,29.0,0.4180910824445152,0.0,69.0,0.3883007618223475,0.0,0.0,0.5915286438895859
2504.0,16,75.0,0.8522727272727273,6.522685146692487,88.0,762.0,8.659090909090908,6.0,0.0681818181818181,8.0,145.0,0.0,6.557678019115119,4.393939393939394,4.393939393939394,33.0,0.0,4.0,0.8028828991769495,0.0,0.0,1.0,1.0,14.0,0.1791994410346344,2.0,34.0,0.1552752478270841,1.0,29.0,0.7336547015168949,4.0,64.0,0.4318154702191628,0.0,0.0,0.6114191953711269
2512.0,14,127.0,1.3804347826086956,6.982155528958612,92.0,849.0,9.228260869565217,87.0,0.9456521739130436,5.0,150.0,5.0,6.460210757960575,5.357142857142857,5.357142857142857,28.0,0.0,0.0,0.0174257431068254,0.0,0.0,0.9898968629298764,1.0,14.0,0.5892577258060578,3.0,41.0,0.3168385378310789,1.0,27.0,0.4088666352090716,0.0,68.0,0.4498422840813932,0.0,0.0,0.9313202887779336
2520.0,17,233.0,2.9125,7.331373093977552,80.0,797.0,9.9625,0.0,0.0,7.0,148.0,0.0,7.113284281979534,4.933333333333334,4.933333333333334,30.0,0.0,0.0,1.0,2.0,3.0,0.12727256774424,1.0,27.0,0.7259224622229333,3.0,61.0,0.2179045500557312,1.0,35.0,0.6620168172114572,0.0,22.0,0.4919610666982865,0.0,0.0,0.9568237535772092
2528.0,21,329.0,4.217948717948718,6.474550076416086,78.0,802.0,10.282051282051285,5.0,0.0641025641025641,11.0,178.0,30.0,5.940076217103515,5.235294117647059,5.235294117647059,34.0,0.0,0.0,1.0,0.0,0.0,0.4862777115562415,2.0,15.0,0.0117619519431127,6.0,104.0,1.4845839011177075e-05,1.0,38.0,0.6262062466845595,0.0,16.0,0.7794231846278319,2.0,5.0,0.2378866164276437
2536.0,25,321.0,3.962962962962963,5.998465393782566,81.0,951.0,11.74074074074074,149.0,1.839506172839506,18.0,274.0,96.0,4.227823087703223,6.85,6.85,40.0,0.0,0.0,1.0,1.0,9.0,0.0939988204753336,1.0,4.0,7.551515717077997e-05,6.0,152.0,0.1312111270417609,4.0,69.0,0.4019599402728845,2.0,8.0,0.5094655274000094,4.0,32.0,0.1918970850974703
2544.0,18,236.0,2.744186046511628,6.096825526877114,86.0,1069.0,12.430232558139537,118.0,1.372093023255814,14.0,345.0,71.0,4.698815396020807,8.625,8.625,40.0,0.0,3.0,0.011696504506043,0.0,1.0,0.9508628607872932,0.0,5.0,0.8194791795822253,4.0,141.0,0.1816176377637311,3.0,106.0,0.316373015268381,2.0,22.0,0.1167057370447414,5.0,67.0,0.2216149376159965
2552.0,15,50.0,0.5376344086021505,6.729041568908444,93.0,1140.0,12.258064516129032,71.0,0.7634408602150538,11.0,157.0,0.0,3.321212386303353,4.361111111111111,4.361111111111111,36.0,1.0,11.0,0.0,0.0,0.0,0.9922293381352676,2.0,14.0,0.2604176162797958,0.0,47.0,0.3392872154630386,6.0,56.0,0.0955616986125075,1.0,19.0,0.4713956898769632,1.0,10.0,0.2965610949147153
2560.0,16,53.0,0.5824175824175825,6.993512074958147,91.0,938.0,10.307692307692308,0.0,0.0,11.0,200.0,43.0,5.520459347477018,5.0,5.0,40.0,0.0,0.0,0.9718504437932616,1.0,11.0,0.6485620196086386,0.0,3.0,0.9194964931399192,4.0,47.0,0.2100299464459378,5.0,128.0,0.2815062038004098,0.0,2.0,0.3391725479510294,1.0,9.0,0.4727869430038642
2568.0,18,77.0,0.7777777777777778,6.339678081973046,99.0,1050.0,10.606060606060606,112.0,1.1313131313131313,11.0,116.0,0.0,4.547241561254608,2.697674418604651,2.697674418604651,43.0,0.0,0.0,0.6164646371939144,2.0,12.0,0.1935225988552604,0.0,6.0,0.5862482867861915,4.0,35.0,0.1817514485939148,5.0,63.0,0.2839667082029324,0.0,0.0,0.6444716279513993,0.0,0.0,0.0294217999603782
2576.0,21,96.0,0.9411764705882352,6.2735278908354095,102.0,1176.0,11.529411764705882,126.0,1.2352941176470589,17.0,226.0,110.0,2.939586943291036,5.022222222222222,5.022222222222222,45.0,2.0,9.0,0.0370297177551329,2.0,9.0,0.2431405176066177,1.0,9.0,0.6943508028266634,1.0,7.0,0.2656707750656979,9.0,178.0,0.1598304367641251,1.0,7.0,0.1594714573379242,1.0,7.0,0.0
2584.0,16,137.0,1.383838383838384,6.634441433179996,99.0,1155.0,11.666666666666666,0.0,0.0,11.0,269.0,43.0,3.573121889141357,6.404761904761905,6.404761904761905,42.0,4.0,36.0,0.0685029074241465,1.0,7.0,0.1212608075290798,2.0,20.0,0.3277740329489352,1.0,11.0,0.438129761356033,2.0,176.0,0.22462706240879,0.0,4.0,0.4640645139946751,1.0,15.0,0.1884089372032766
2592.0,12,107.0,1.1145833333333333,8.323295488023925,96.0,1158.0,12.0625,3.0,0.03125,8.0,202.0,0.0,6.391586150897312,4.926829268292683,4.926829268292683,41.0,0.0,0.0,0.9204323302633024,2.0,22.0,0.4521583626182193,1.0,19.0,0.3719450659420916,1.0,11.0,0.447545496214222,2.0,133.0,0.3946200072622367,1.0,13.0,0.5068725139605288,1.0,4.0,0.6168401540306987
2600.0,24,195.0,2.0526315789473686,6.902183771227428,95.0,1179.0,12.410526315789474,21.0,0.2210526315789473,19.0,283.0,81.0,4.735251143164692,5.549019607843137,5.549019607843137,51.0,3.0,14.0,0.2339165917697367,0.0,0.0,0.013017670877197,3.0,33.0,0.4514325189182116,6.0,24.0,0.1593980882407705,2.0,146.0,0.4573384205694447,5.0,66.0,0.3970600757547886,0.0,0.0,0.4919702890556389
2608.0,13,113.0,1.202127659574468,7.283786776573195,94.0,1232.0,13.106382978723405,53.0,0.5638297872340425,10.0,138.0,0.0,3.677833788857097,3.942857142857143,3.942857142857143,35.0,3.0,25.0,0.1953434530663954,3.0,16.0,0.2092373972302443,0.0,3.0,0.2836740079458051,1.0,32.0,0.2180451188903082,3.0,25.0,0.1541245249089918,0.0,37.0,0.4189022035462089,0.0,0.0,0.8644781458401539
2616.0,17,55.0,0.5913978494623656,7.593430898482535,93.0,1153.0,12.397849462365592,0.0,0.0,15.0,221.0,83.0,4.843804093483879,5.390243902439025,5.390243902439025,41.0,0.0,0.0,0.2880014622377207,1.0,9.0,0.4502790689156755,0.0,10.0,0.8425608840172688,5.0,46.0,0.1160800636167523,1.0,119.0,0.449991412667773,7.0,32.0,0.2337578349882132,1.0,5.0,0.6642321277056993
2624.0,13,59.0,0.6276595744680851,7.871237177551275,94.0,1153.0,12.26595744680851,0.0,0.0,13.0,142.0,0.0,3.6692964185054313,4.580645161290323,4.580645161290323,31.0,0.0,0.0,1.0,2.0,13.0,0.5645814918265559,1.0,1.0,0.0003864230545128,2.0,33.0,0.1807620513293245,3.0,51.0,0.2402943461686062,1.0,16.0,0.3166448786510714,4.0,28.0,5.5357491110015e-06
2632.0,30,160.0,1.649484536082474,6.345609806436491,97.0,1282.0,13.216494845360824,129.0,1.3298969072164948,24.0,260.0,118.0,4.829939037727662,4.56140350877193,4.56140350877193,57.0,1.0,2.0,0.0727284385343342,7.0,51.0,0.3286227113009072,1.0,18.0,0.791984851826382,7.0,74.0,0.05452003220362,2.0,53.0,0.4747470982704854,5.0,33.0,0.1644639374353594,1.0,29.0,0.5547396142852745
2640.0,24,162.0,1.7419354838709675,6.0878080341590834,93.0,1239.0,13.32258064516129,0.0,0.0,19.0,217.0,0.0,3.92904990711689,5.2926829268292686,5.2926829268292686,41.0,1.0,6.0,0.2782501365336674,4.0,72.0,0.1426446786772327,4.0,13.0,0.0108483768806725,4.0,64.0,0.2739423928948893,2.0,37.0,0.623455872662563,1.0,6.0,0.4910744921102272,3.0,19.0,0.0008975548020235
2648.0,13,43.0,0.4095238095238095,8.132521733106643,105.0,1316.0,12.533333333333331,77.0,0.7333333333333333,8.0,130.0,0.0,6.270608427749897,3.7142857142857135,3.7142857142857135,35.0,0.0,0.0,1.0,0.0,29.0,0.5489337249060027,1.0,22.0,0.554678774155114,3.0,28.0,0.22244464782609,3.0,20.0,0.4951924512306859,1.0,17.0,0.4469228791886734,0.0,14.0,0.9197021312585362
2656.0,12,65.0,0.6565656565656566,8.204236064553443,99.0,1272.0,12.848484848484848,0.0,0.0,11.0,117.0,0.0,4.980789327048015,3.65625,3.65625,32.0,0.0,0.0,0.6251888654193233,2.0,19.0,0.3983448581297127,4.0,22.0,0.0063490186768078,5.0,52.0,0.1381852361518939,0.0,9.0,0.4865403315633838,0.0,15.0,0.7306931249566553,0.0,0.0,1.0
2664.0,26,133.0,1.33,6.965996885770023,100.0,1301.0,13.01,29.0,0.29,14.0,168.0,51.0,5.04938809270637,4.421052631578948,4.421052631578948,38.0,2.0,7.0,0.1808445164662067,1.0,26.0,0.3135775519704939,1.0,37.0,0.6714184554997894,5.0,77.0,0.130940369772417,4.0,11.0,0.3491584345523265,1.0,10.0,0.4876794660486638,0.0,0.0,1.0
2672.0,29,265.0,2.623762376237624,6.604399077835009,101.0,1341.0,13.277227722772276,40.0,0.396039603960396,22.0,279.0,111.0,3.5691273283878977,7.153846153846154,7.153846153846154,39.0,0.0,0.0,0.2555173159416256,3.0,55.0,0.3823419677932213,2.0,22.0,0.4594062195556893,8.0,134.0,6.645688185011482e-06,4.0,49.0,0.3891887845714477,5.0,19.0,0.0082346920441806,0.0,0.0,1.0
2680.0,23,242.0,2.4444444444444446,6.63900825871988,99.0,1373.0,13.868686868686869,32.0,0.3232323232323232,14.0,270.0,0.0,4.012768388447667,7.297297297297297,7.297297297297297,37.0,1.0,14.0,0.2860891149312966,0.0,11.0,0.7943207360574439,1.0,7.0,0.3469539454854751,4.0,130.0,0.1904830226098596,8.0,97.0,0.0751723719144559,0.0,11.0,0.3837430293534579,0.0,0.0,0.9257973686130028
2688.0,11,105.0,1.09375,8.034679816386204,96.0,1338.0,13.9375,0.0,0.0,11.0,296.0,26.0,5.2905682529859455,8.705882352941176,8.705882352941176,34.0,1.0,15.0,0.2588076516001386,0.0,11.0,0.9502021701700154,1.0,15.0,0.4046024850809735,3.0,108.0,0.2440585634550461,6.0,137.0,0.250713031124419,0.0,0.0,0.9818489167310078,0.0,10.0,0.920471102299902
2696.0,13,70.0,0.7954545454545454,7.366731235241244,88.0,1270.0,14.431818181818182,0.0,0.0,12.0,357.0,61.0,3.071504929484173,10.2,10.2,35.0,0.0,4.0,0.292814923999363,0.0,6.0,0.8961414069797167,1.0,5.0,0.0414652182063073,4.0,139.0,0.1963119362524039,6.0,186.0,0.0766866513508504,1.0,17.0,0.3546991273414635,0.0,0.0,1.0
2704.0,14,44.0,0.5365853658536586,6.810592482919602,82.0,1082.0,13.195121951219512,0.0,0.0,12.0,283.0,0.0,3.937948915082272,7.861111111111111,7.861111111111111,36.0,3.0,11.0,0.3005457918640142,2.0,8.0,0.6476895192935617,1.0,5.0,0.4819478769652054,0.0,77.0,0.2144936340336815,3.0,152.0,0.0596957975851193,3.0,30.0,0.3152239059198758,0.0,0.0,1.0
2712.0,12,49.0,0.5903614457831325,7.475751794714868,83.0,1121.0,13.50602409638554,39.0,0.4698795180722891,10.0,236.0,0.0,4.174442508132144,7.151515151515151,7.151515151515151,33.0,2.0,12.0,0.553793301433043,1.0,6.0,0.1633506193736693,1.0,16.0,0.6977372016310823,3.0,21.0,0.0013473578039098,2.0,165.0,0.1192533491651147,1.0,16.0,0.3909988583391134,0.0,0.0,0.9330559661157168
2720.0,20,124.0,1.441860465116279,6.869831367320918,86.0,1125.0,13.081395348837209,4.0,0.0465116279069767,19.0,306.0,70.0,3.064908063128262,8.27027027027027,8.27027027027027,37.0,3.0,32.0,0.0,3.0,31.0,0.3569786304607699,2.0,7.0,0.1768302515220547,0.0,3.0,0.2736312476750211,9.0,220.0,0.106265926004317,1.0,12.0,0.5552365722597864,1.0,1.0,0.483620480821789
2728.0,22,113.0,1.2988505747126438,6.077442229433993,87.0,1169.0,13.436781609195402,44.0,0.5057471264367817,17.0,309.0,3.0,2.1008670368645035,8.583333333333334,8.583333333333334,36.0,0.0,4.0,0.5163530055555319,2.0,35.0,0.2593153049299326,0.0,17.0,0.335218284625201,1.0,6.0,0.0,11.0,219.0,0.0733021180241117,3.0,28.0,0.0008564643686304,0.0,0.0,1.0
2736.0,21,150.0,1.829268292682927,6.935723808847565,82.0,984.0,12.0,0.0,0.0,17.0,241.0,0.0,2.623479173912002,8.033333333333333,8.033333333333333,30.0,0.0,0.0,0.5724055728312762,2.0,33.0,0.3292956383479137,0.0,0.0,1.0,1.0,14.0,0.3871737350005712,11.0,177.0,0.1372158632420071,3.0,17.0,0.0655637527429581,0.0,0.0,1.0
2744.0,16,106.0,1.2325581395348837,6.580523770226299,86.0,876.0,10.186046511627907,0.0,0.0,14.0,309.0,68.0,4.688904096016159,7.923076923076923,7.923076923076923,39.0,0.0,0.0,1.0,1.0,32.0,0.7705906849721456,1.0,2.0,0.0023168775442001,3.0,8.0,0.1989697289949818,4.0,214.0,0.2335054712080977,5.0,53.0,0.1837195548374757,0.0,0.0,1.0
2752.0,15,97.0,1.043010752688172,6.084421271148623,93.0,874.0,9.397849462365592,0.0,0.0,9.0,277.0,0.0,3.9575865986117753,6.925,6.925,40.0,0.0,0.0,0.9325446459880186,2.0,12.0,0.1093326860917206,1.0,10.0,0.5360274730353959,0.0,12.0,0.2716228217157551,4.0,206.0,0.2251537574146149,2.0,37.0,0.4089323157195866,0.0,0.0,0.4130025055743383
2760.0,20,124.0,1.3333333333333333,5.40308656301506,93.0,787.0,8.46236559139785,0.0,0.0,19.0,277.0,0.0,2.11557577365504,6.595238095238095,6.595238095238095,42.0,0.0,0.0,0.4965229665753929,2.0,17.0,0.3461939592781854,1.0,3.0,0.0002278745211178,5.0,24.0,0.0103026050620607,5.0,181.0,0.1766175477326747,5.0,51.0,0.0701618543459085,1.0,1.0,0.0055555706206263
2768.0,29,195.0,2.074468085106383,5.371574581775916,94.0,822.0,8.74468085106383,35.0,0.3723404255319149,18.0,322.0,45.0,1.86306166474008,8.944444444444445,8.944444444444445,36.0,1.0,7.0,8.60527346669163e-06,3.0,39.0,0.0,0.0,0.0,0.024027905274461,4.0,32.0,1.2810133378337655e-05,8.0,208.0,0.1785448031345933,2.0,33.0,0.0943242624952477,0.0,3.0,0.7715049348095281
2776.0,16,83.0,0.8924731182795699,5.724211769494646,93.0,932.0,10.021505376344086,110.0,1.1827956989247312,10.0,316.0,0.0,3.979615260061431,7.022222222222222,7.022222222222222,45.0,0.0,0.0,0.6005105648297135,1.0,41.0,0.3320564442591526,1.0,14.0,0.6546643243439233,0.0,24.0,0.1479112120960478,5.0,182.0,0.2097966914284091,3.0,52.0,0.3116508141839904,0.0,3.0,0.5989246712050784
2784.0,16,63.0,0.6702127659574468,6.33327154201268,94.0,1023.0,10.882978723404255,91.0,0.9680851063829788,10.0,248.0,0.0,4.796367291402921,5.276595744680851,5.276595744680851,47.0,0.0,0.0,0.4543489883972625,1.0,9.0,0.486376768707026,0.0,6.0,0.3935815434054237,2.0,23.0,0.4192669161950905,4.0,159.0,0.0938316737726789,3.0,51.0,0.5805432070522534,0.0,0.0,1.0
2792.0,17,108.0,1.2272727272727273,5.674531680436721,88.0,1010.0,11.477272727272728,0.0,0.0,15.0,255.0,7.0,2.8193434803715958,5.666666666666667,5.666666666666667,45.0,4.0,19.0,0.2436995490703147,1.0,14.0,0.0,0.0,0.0,0.2875459740893091,3.0,35.0,0.0131528895375816,4.0,141.0,0.0572594088318264,3.0,46.0,0.542971982733254,0.0,0.0,0.9194941956029784
2800.0,12,46.0,0.5348837209302325,5.759091703798132,86.0,1035.0,12.034883720930232,25.0,0.2906976744186046,9.0,195.0,0.0,2.4671578746250904,4.875,4.875,40.0,0.0,7.0,0.149109468664114,1.0,2.0,0.0011625520623377,0.0,0.0,1.0,0.0,18.0,0.1797797436816425,2.0,99.0,0.122598252494017,6.0,69.0,0.1705029935904504,0.0,0.0,0.944877950468203
2808.0,17,73.0,0.8295454545454546,6.605530276094479,88.0,979.0,11.125,0.0,0.0,13.0,216.0,21.0,4.94028667978413,5.023255813953488,5.023255813953488,43.0,1.0,6.0,0.0,4.0,23.0,0.411222067215839,0.0,3.0,0.965473782462725,1.0,6.0,0.0006123293581904,5.0,109.0,0.240924065908189,2.0,66.0,0.5083316084045899,0.0,3.0,0.805019321230106
2816.0,21,112.0,1.154639175257732,6.110684757478963,97.0,1082.0,11.154639175257731,103.0,1.0618556701030928,17.0,295.0,79.0,4.653047465715512,6.555555555555555,6.555555555555555,45.0,0.0,0.0,1.0,0.0,0.0,0.6073044868195016,0.0,3.0,0.8691465673147649,1.0,17.0,0.0691175733190175,10.0,171.0,0.0740459210158317,6.0,92.0,0.4332474555085477,0.0,12.0,0.840676678563856
2824.0,20,147.0,1.4,5.601267736859089,105.0,1166.0,11.104761904761904,84.0,0.8,16.0,353.0,58.0,2.905187746283976,7.844444444444444,7.844444444444444,45.0,0.0,0.0,1.0,1.0,10.0,0.3797173292720289,0.0,0.0,1.0,3.0,37.0,0.213033329807405,5.0,151.0,0.0850475588579764,7.0,155.0,0.1588794798482878,0.0,0.0,0.56679735385092
2832.0,14,126.0,1.3695652173913044,6.571996741218233,92.0,1030.0,11.195652173913045,0.0,0.0,12.0,354.0,1.0,4.738655262736291,7.866666666666666,7.866666666666666,45.0,0.0,0.0,0.9538297691135282,2.0,8.0,0.2293625111493064,0.0,14.0,0.9672672247472012,4.0,30.0,0.0024167082252205,1.0,152.0,0.1502844453366484,5.0,150.0,0.4137422584493129,0.0,0.0,0.9812395436646384
2840.0,13,44.0,0.5176470588235295,6.391850331225843,85.0,956.0,11.24705882352941,0.0,0.0,6.0,271.0,0.0,5.441755551905085,6.775,6.775,40.0,0.0,0.0,1.0,0.0,0.0,0.3261261297543449,1.0,15.0,0.58603642931603,0.0,21.0,0.2121601709276024,3.0,162.0,0.2342283532444809,1.0,71.0,0.52886662687213,1.0,2.0,0.7105747559451047
2848.0,14,61.0,0.7530864197530864,5.32882973856168,81.0,927.0,11.444444444444445,0.0,0.0,11.0,275.0,4.0,2.7190089530094514,6.25,6.25,44.0,0.0,0.0,0.5476784726122365,0.0,0.0,0.4368669103711303,0.0,0.0,1.0,0.0,11.0,0.4643364175103887,8.0,183.0,0.0932619465444513,2.0,71.0,0.2851384836492106,1.0,10.0,0.1207415106262231
2856.0,21,157.0,1.9146341463414636,5.221179128097842,82.0,991.0,12.085365853658535,64.0,0.7804878048780488,17.0,310.0,35.0,1.6140919644814653,8.61111111111111,8.61111111111111,36.0,2.0,16.0,0.164106456333014,2.0,10.0,0.2936723260257538,0.0,3.0,0.9605910066934078,1.0,10.0,9.634841890719536e-06,9.0,208.0,0.073385643496924,3.0,63.0,0.077859975184563,0.0,0.0,0.0475326547859711
2864.0,25,285.0,3.5625,4.731201584992204,80.0,993.0,12.4125,2.0,0.025,19.0,361.0,51.0,1.5755664197177488,9.5,9.5,38.0,4.0,42.0,0.1542613707631065,2.0,5.0,0.050284157421096,1.0,5.0,0.4682175725430101,2.0,2.0,0.0043043817264771,7.0,232.0,0.0827431375024452,2.0,68.0,0.0122103370335411,1.0,7.0,0.3217776395699198
2872.0,23,283.0,3.493827160493827,5.100835404017655,81.0,1129.0,13.938271604938272,136.0,1.6790123456790125,12.0,371.0,10.0,3.030837593197907,10.6,10.6,35.0,4.0,52.0,0.3017756661054654,0.0,9.0,0.2490945384166004,1.0,11.0,0.0,2.0,18.0,0.0642068039504635,1.0,177.0,0.2357340709775886,3.0,98.0,0.2049840999516495,1.0,6.0,0.0
2880.0,16,245.0,3.0625,5.698758725427544,80.0,1121.0,14.0125,0.0,0.0,16.0,499.0,128.0,3.17261358559239,12.794871794871796,12.794871794871796,39.0,7.0,101.0,0.0481234239550848,0.0,4.0,0.7885498799011254,0.0,3.0,0.93676903200101,3.0,41.0,0.0,3.0,224.0,0.1674085838185501,3.0,126.0,0.4792394679994138,0.0,0.0,1.0
2888.0,14,151.0,1.8414634146341464,6.027936968572908,82.0,1248.0,15.21951219512195,127.0,1.548780487804878,7.0,431.0,0.0,3.914306908242673,13.06060606060606,13.06060606060606,33.0,2.0,87.0,0.1641227487469587,1.0,10.0,0.4676727293456961,0.0,3.0,0.9305139986688248,0.0,0.0,1.0,1.0,188.0,0.1799894292790041,3.0,143.0,0.3289514775035955,0.0,0.0,0.9528605889224682
2896.0,13,80.0,1.0,6.658206429288934,80.0,1217.0,15.2125,0.0,0.0,4.0,160.0,0.0,4.987140387725145,5.333333333333333,5.333333333333333,30.0,1.0,40.0,0.0866908772344297,0.0,0.0,1.0,0.0,0.0,0.93039071210975,0.0,0.0,1.0,3.0,107.0,0.1671581982922826,0.0,13.0,0.7372891100436478,0.0,0.0,0.532201442246251
2904.0,19,185.0,2.466666666666667,6.613259167742328,75.0,1212.0,16.16,0.0,0.0,12.0,151.0,0.0,4.745824504587182,4.870967741935484,4.870967741935484,31.0,3.0,38.0,0.0824975157793755,0.0,4.0,0.7585364706327742,0.0,0.0,0.3098239816755553,0.0,3.0,0.7740120040880264,7.0,97.0,0.0876648296397665,1.0,7.0,0.650306367500096,1.0,2.0,0.0030533567026135
2912.0,24,236.0,3.189189189189189,5.055044275403626,74.0,1199.0,16.2027027027027,0.0,0.0,17.0,263.0,112.0,3.214240585847899,8.766666666666667,8.766666666666667,30.0,3.0,34.0,0.0832195686126199,0.0,0.0,0.9395467146596648,1.0,3.0,0.4846127518132203,0.0,0.0,1.0,8.0,196.0,0.0777148782087313,5.0,30.0,0.2828309587047724,0.0,0.0,0.4104903635437538
2920.0,28,408.0,5.368421052631579,5.122934357912864,76.0,1354.0,17.81578947368421,155.0,2.039473684210526,19.0,443.0,180.0,3.2019004139509675,13.424242424242424,13.424242424242424,33.0,0.0,21.0,0.2483500599261288,1.0,5.0,0.3589456216131962,0.0,0.0,1.0,0.0,0.0,1.0,8.0,252.0,0.1701095724589676,10.0,165.0,0.2471563686832236,0.0,0.0,1.0
2928.0,10,76.0,1.0410958904109588,6.266032320666071,73.0,1464.0,20.054794520547944,110.0,1.5068493150684932,6.0,304.0,0.0,4.082200869642942,11.25925925925926,11.25925925925926,27.0,0.0,0.0,0.4924979073067687,0.0,0.0,1.0,0.0,0.0,0.94734666341211,0.0,0.0,0.0285120635721439,5.0,220.0,0.2127128930353421,1.0,81.0,0.2709565725655119,0.0,3.0,0.8906359704891526
2936.0,15,86.0,1.2835820895522387,7.515352802002295,67.0,1252.0,18.686567164179102,0.0,0.0,10.0,170.0,0.0,7.032510647607065,7.083333333333333,7.083333333333333,24.0,0.0,0.0,1.0,1.0,5.0,0.0005014281260576,0.0,0.0,1.0,1.0,7.0,0.4430419253845981,7.0,134.0,0.2348421527286738,1.0,10.0,0.0,0.0,14.0,0.914626978008742
2944.0,11,87.0,1.380952380952381,6.064582203120764,63.0,933.0,14.80952380952381,0.0,0.0,4.0,91.0,0.0,3.901095829322873,5.352941176470588,5.352941176470588,17.0,0.0,0.0,1.0,0.0,1.0,0.2207024751738225,0.0,0.0,1.0,1.0,4.0,0.0076565115234583,2.0,49.0,0.2429865972934654,1.0,37.0,0.2520615772892444,0.0,0.0,0.7075242453337922
2952.0,14,82.0,1.4385964912280702,6.455280214354268,57.0,725.0,12.719298245614034,0.0,0.0,8.0,84.0,0.0,5.034153335449325,4.2,4.2,20.0,0.0,0.0,1.0,1.0,3.0,0.1958984915479764,0.0,0.0,1.0,2.0,20.0,0.0,1.0,29.0,0.2942248024061034,1.0,21.0,0.6741620299938367,3.0,11.0,0.0006733132875465
2960.0,7,28.0,0.5384615384615384,7.02714267221588,52.0,657.0,12.634615384615383,0.0,0.0,5.0,71.0,0.0,5.249682047476722,4.733333333333333,4.733333333333333,15.0,0.0,0.0,0.93593662676278,1.0,25.0,0.0214634834585018,0.0,0.0,1.0,1.0,3.0,0.0014699858926776,3.0,43.0,0.1049940495045795,0.0,0.0,0.8584900782457894,0.0,0.0,1.0
2968.0,8,66.0,1.434782608695652,7.106018355648803,46.0,477.0,10.369565217391305,0.0,0.0,6.0,70.0,0.0,6.716875457513069,5.384615384615385,5.384615384615385,13.0,0.0,0.0,0.9332930182928324,0.0,0.0,0.9897881465021212,0.0,0.0,1.0,1.0,14.0,0.6274057252733447,5.0,56.0,3.2738009205899515e-06,0.0,0.0,1.0,0.0,0.0,0.9196155437640892
2976.0,5,11.0,0.2340425531914893,7.809507348811471,47.0,499.0,10.617021276595745,22.0,0.4680851063829787,4.0,72.0,2.0,4.985026136898469,6.0,6.0,12.0,0.0,0.0,0.9525906608480632,0.0,0.0,1.0,0.0,0.0,1.0,1.0,3.0,1.7363216000427695e-05,3.0,66.0,0.0975816283513404,0.0,3.0,0.6491713753159873,0.0,0.0,0.9675390371108348
2984.0,10,33.0,0.6875,6.12327905824444,48.0,453.0,9.4375,0.0,0.0,8.0,60.0,0.0,6.189011638111157,2.727272727272727,2.727272727272727,22.0,1.0,1.0,0.4002410441764455,2.0,8.0,0.0087189070180851,0.0,5.0,0.7364541889319428,0.0,0.0,1.0,2.0,33.0,0.3274498751935383,2.0,10.0,0.5772859299877966,1.0,3.0,0.4254939942611249
2992.0,9,66.0,1.2941176470588236,6.793005460835704,51.0,497.0,9.745098039215684,44.0,0.8627450980392157,4.0,61.0,1.0,6.826425180812442,3.8125,3.8125,16.0,0.0,0.0,0.6666515348482852,0.0,0.0,1.0,1.0,10.0,0.2507802545779254,0.0,0.0,1.0,2.0,39.0,0.0,0.0,1.0,0.61771674372572,1.0,11.0,0.5578928010991695
3000.0,11,61.0,1.196078431372549,6.365694597824392,51.0,528.0,10.352941176470589,31.0,0.6078431372549019,3.0,29.0,0.0,5.235534376588634,1.8125,1.8125,16.0,1.0,4.0,0.0,0.0,0.0,1.0,0.0,0.0,1.0,0.0,0.0,1.0,0.0,18.0,0.7968486987148455,2.0,7.0,0.1035446632783145,0.0,0.0,0.944443323037763
3008.0,20,168.0,3.230769230769231,5.87674402532204,52.0,575.0,11.057692307692308,47.0,0.903846153846154,13.0,103.0,74.0,4.747270612140904,4.291666666666667,4.291666666666667,24.0,0.0,0.0,1.0,2.0,6.0,0.0017332380575878,0.0,10.0,0.9550546670934602,0.0,6.0,0.9416505804756156,0.0,7.0,0.6295145957431336,9.0,67.0,0.1328453672370881,2.0,7.0,0.0016155791610073
3016.0,12,172.0,3.3076923076923075,6.786390585255367,52.0,669.0,12.865384615384617,94.0,1.807692307692308,5.0,56.0,0.0,6.522707680397361,3.294117647058824,3.294117647058824,17.0,0.0,0.0,1.0,0.0,3.0,0.9720135009654226,0.0,4.0,0.9497265114171772,3.0,7.0,0.2473476056311344,2.0,17.0,0.4140614751691039,0.0,25.0,0.521476821245648,0.0,0.0,1.0
3024.0,16,236.0,4.538461538461538,6.168730302020043,52.0,682.0,13.115384615384617,13.0,0.25,6.0,79.0,23.0,6.301104791120531,3.95,3.95,20.0,0.0,0.0,1.0,0.0,0.0,0.0177265407579005,0.0,0.0,1.0,1.0,7.0,7.701420909423729e-06,0.0,11.0,0.7409282568961496,5.0,47.0,0.1280933439669298,0.0,14.0,0.8292047044345114
3032.0,18,349.0,6.711538461538462,6.154606217511577,52.0,787.0,15.134615384615383,105.0,2.019230769230769,8.0,119.0,40.0,4.864426560730341,7.4375,7.4375,16.0,0.0,0.0,1.0,0.0,0.0,1.0,0.0,0.0,1.0,1.0,4.0,1.3227273858040985e-05,0.0,12.0,0.7144363534105239,7.0,103.0,0.2271014980995353,0.0,0.0,1.0
3040.0,13,356.0,6.846153846153846,5.825422088142009,52.0,778.0,14.961538461538462,0.0,0.0,4.0,51.0,0.0,5.673926280864681,2.833333333333333,2.833333333333333,18.0,1.0,4.0,0.0,0.0,0.0,1.0,0.0,0.0,1.0,3.0,20.0,0.1630501868682937,0.0,3.0,0.6402977020710166,0.0,24.0,0.5475354730140417,0.0,0.0,1.0
3048.0,17,450.0,8.49056603773585,5.908458787087133,53.0,871.0,16.433962264150942,93.0,1.7547169811320755,5.0,74.0,23.0,7.188763829105056,3.217391304347826,3.217391304347826,23.0,2.0,15.0,0.1380746778938888,0.0,0.0,0.04050713892526,0.0,0.0,1.0,2.0,34.0,0.2513207436152704,0.0,14.0,0.7965601096805216,1.0,8.0,0.5592431498462981,0.0,3.0,0.404781840380143
3056.0,9,51.0,0.8947368421052632,7.048157324660901,57.0,963.0,16.894736842105264,92.0,1.6140350877192982,8.0,242.0,168.0,5.3624557532341655,10.083333333333334,10.083333333333334,24.0,3.0,36.0,0.0,1.0,7.0,0.0,0.0,3.0,0.9400759813420502,1.0,14.0,0.5071079203196844,1.0,162.0,0.5182416413663805,2.0,20.0,0.376988122388442,0.0,0.0,1.0
3064.0,15,77.0,1.5714285714285714,5.840752802642217,49.0,905.0,18.46938775510204,0.0,0.0,11.0,218.0,0.0,2.417096086242903,11.473684210526317,11.473684210526317,19.0,0.0,0.0,1.0,0.0,0.0,1.0,0.0,0.0,0.9851713348068284,4.0,20.0,0.157880841477438,2.0,170.0,0.0,5.0,28.0,0.1355188883531358,0.0,0.0,1.0
3072.0,11,125.0,2.6595744680851063,6.774188785633954,47.0,962.0,20.46808510638298,57.0,1.2127659574468086,5.0,249.0,31.0,5.504423799584913,14.647058823529411,14.647058823529411,17.0,0.0,0.0,0.6220400676675268,1.0,4.0,4.4327850116083e-05,0.0,0.0,1.0,1.0,24.0,0.213577326198124,2.0,196.0,0.6083781499776965,1.0,22.0,0.4549094848773597,0.0,3.0,0.7322875816960621
3080.0,20,187.0,3.6666666666666665,6.104078496750544,51.0,1072.0,21.01960784313725,110.0,2.156862745098039,13.0,287.0,38.0,5.868358258211957,10.62962962962963,10.62962962962963,27.0,0.0,0.0,1.0,3.0,22.0,0.3850654165823883,1.0,1.0,0.2339835152089421,4.0,20.0,0.0001804640285941,4.0,221.0,0.5023334194769212,1.0,10.0,0.4680671263740972,0.0,13.0,0.9042030599894804
3088.0,17,281.0,5.30188679245283,6.5665961161186095,53.0,1052.0,19.849056603773583,0.0,0.0,9.0,309.0,22.0,4.105934882952536,18.176470588235293,18.176470588235293,17.0,0.0,0.0,1.0,3.0,46.0,0.0,0.0,0.0,1.0,0.0,0.0,0.9683958812506356,4.0,248.0,0.1465139204858257,1.0,5.0,0.4632017813164412,1.0,10.0,0.3229765823599661
3096.0,13,322.0,6.075471698113208,8.174959134648585,53.0,1152.0,21.73584905660377,100.0,1.8867924528301887,5.0,297.0,0.0,7.617242097126132,17.470588235294116,17.470588235294116,17.0,0.0,0.0,0.6382431599694967,2.0,42.0,0.2917119654796067,0.0,0.0,0.9039633195724616,0.0,0.0,0.8707742768877778,2.0,238.0,0.5652957448071922,1.0,14.0,0.2977053069177385,0.0,3.0,0.4818182404349742
3104.0,15,416.0,8.666666666666666,7.188871592561675,48.0,1112.0,23.166666666666668,0.0,0.0,7.0,344.0,47.0,5.559877448748956,20.235294117647054,20.235294117647054,17.0,1.0,9.0,0.2325101368409109,2.0,61.0,0.4613513478791808,0.0,3.0,0.9735097096662624,0.0,0.0,0.9801978004471432,3.0,253.0,0.199974295914816,0.0,10.0,0.4486487764731997,1.0,8.0,0.0
3112.0,12,440.0,9.361702127659576,7.317858912420757,47.0,1166.0,24.80851063829787,54.0,1.148936170212766,3.0,288.0,0.0,7.479316646036458,22.153846153846157,22.153846153846157,13.0,0.0,0.0,0.7743852246822263,0.0,0.0,1.0,0.0,0.0,1.0,0.0,0.0,0.9181202223952104,2.0,269.0,0.4950911305057721,0.0,3.0,0.689502274060981,1.0,16.0,0.2282674470054352
3120.0,14,515.0,10.729166666666666,7.159407735339889,48.0,1245.0,25.9375,79.0,1.6458333333333333,6.0,308.0,20.0,6.534936767999614,17.11111111111111,17.11111111111111,18.0,0.0,0.0,0.3214210090495195,1.0,3.0,0.6169463559159705,0.0,0.0,1.0,0.0,0.0,1.0,4.0,293.0,0.3652112949992444,1.0,12.0,0.6267821312096454,0.0,0.0,1.0
3128.0,18,632.0,14.363636363636363,5.015633951204476,44.0,1371.0,31.15909090909091,126.0,2.863636363636364,8.0,361.0,53.0,3.9412204006783176,18.05,18.05,20.0,1.0,3.0,0.0003523876710663,2.0,16.0,0.322440345080096,0.0,6.0,0.7186763150595812,0.0,0.0,0.4984113383844001,2.0,303.0,0.1043111714981411,3.0,33.0,0.2538453944811323,0.0,0.0,1.0
3136.0,23,776.0,18.92682926829268,4.737626758143508,41.0,1508.0,36.78048780487805,137.0,3.341463414634146,14.0,432.0,71.0,3.523495388252478,20.571428571428573,20.571428571428573,21.0,1.0,11.0,0.3122229455973384,3.0,33.0,0.0029762777164014,0.0,0.0,1.0,2.0,9.0,0.0004427247313818,4.0,325.0,0.1445707560164342,4.0,51.0,0.4090217372050455,0.0,3.0,0.5180688031030946
3144.0,20,827.0,19.232558139534884,4.887879529963043,43.0,1655.0,38.48837209302326,147.0,3.4186046511627906,9.0,426.0,0.0,3.498304212683632,23.666666666666668,23.666666666666668,18.0,0.0,0.0,1.0,4.0,60.0,1.4240994746044468e-05,0.0,0.0,1.0,1.0,1.0,0.0026206099375848,2.0,334.0,0.3907088949275772,2.0,29.0,0.2208656936507274,0.0,2.0,0.5381871993977695
3152.0,17,888.0,20.181818181818183,6.784063929410357,44.0,1775.0,40.34090909090909,120.0,2.727272727272727,7.0,401.0,0.0,6.166736301496026,28.642857142857142,28.642857142857142,14.0,0.0,0.0,1.0,0.0,0.0,1.0,0.0,0.0,1.0,0.0,0.0,0.942013813936914,2.0,353.0,0.6069991964773124,3.0,38.0,0.3752768349993862,2.0,10.0,0.0001075085351373
3160.0,16,968.0,18.980392156862745,6.982589675132523,51.0,1880.0,36.86274509803921,105.0,2.0588235294117645,6.0,402.0,1.0,4.553988890681817,25.125,25.125,16.0,0.0,0.0,0.1161102329082231,2.0,4.0,0.0005318231876513,0.0,0.0,1.0,0.0,0.0,0.2127129041976987,2.0,365.0,0.5884675851279522,0.0,4.0,0.3747166735458251,2.0,29.0,0.2536216334001497
3168.0,21,1065.0,20.48076923076923,5.903190183473024,52.0,1950.0,37.5,70.0,1.3461538461538465,9.0,426.0,24.0,6.085806372153768,21.3,21.3,20.0,1.0,6.0,0.0,1.0,9.0,0.2376472845473876,0.0,10.0,0.8898194433454137,1.0,8.0,0.0,2.0,378.0,0.3060512251719016,4.0,9.0,0.3205590341601055,0.0,6.0,0.6496226716852419
3176.0,18,1164.0,20.42105263157895,6.291286705968976,57.0,2012.0,35.29824561403509,62.0,1.087719298245614,8.0,453.0,27.0,3.948143078780404,34.84615384615385,34.84615384615385,13.0,0.0,0.0,1.0,1.0,17.0,0.0,0.0,0.0,1.0,0.0,0.0,0.9209532359255286,2.0,394.0,0.0,2.0,22.0,0.4343100217804578,3.0,20.0,0.0001271819340124
3184.0,17,1231.0,19.234375,7.187860562874926,64.0,2139.0,33.421875,127.0,1.984375,5.0,452.0,0.0,6.163136690536935,23.789473684210527,23.789473684210527,19.0,1.0,5.0,0.3558458340795232,0.0,0.0,0.9149143952003628,0.0,0.0,0.024744414244147,1.0,4.0,0.4692935312318258,2.0,417.0,0.4999287254314742,1.0,23.0,0.2299835697209314,0.0,3.0,0.9289344318052376
3192.0,23,1365.0,20.073529411764707,6.064749482841932,68.0,2176.0,32.0,37.0,0.5441176470588235,8.0,472.0,20.0,5.035387845887746,21.454545454545453,21.454545454545453,22.0,0.0,0.0,0.4102132889285275,2.0,5.0,0.3300584068888027,0.0,2.0,0.5960163921864884,1.0,12.0,0.4214802581964285,2.0,431.0,0.4522088250901493,1.0,9.0,0.1805357521802158,2.0,13.0,0.257221030003789
3200.0,32,1535.0,21.61971830985916,5.320032115053976,71.0,2361.0,33.25352112676056,185.0,2.605633802816901,17.0,530.0,58.0,3.908189870238585,17.096774193548388,17.096774193548388,31.0,0.0,0.0,1.0,2.0,5.0,0.1025905613395057,1.0,11.0,0.4977527918644474,4.0,26.0,0.3042491505394776,5.0,468.0,0.4432876964797648,5.0,20.0,0.1145172548627916,0.0,0.0,0.1449128395636524
3208.0,28,1674.0,24.26086956521739,4.850292485953754,69.0,2529.0,36.65217391304348,168.0,2.4347826086956523,12.0,564.0,34.0,3.940873215703252,19.448275862068964,19.448275862068964,29.0,0.0,0.0,0.0191484701338202,4.0,31.0,0.1927624211962386,1.0,19.0,0.3795906207000242,5.0,31.0,0.2795558723301641,2.0,471.0,0.324751960130282,0.0,12.0,0.3096241938023896,0.0,0.0,0.3682037741428362
3216.0,27,1774.0,23.03896103896104,5.859554033818184,77.0,2704.0,35.11688311688312,175.0,2.272727272727273,10.0,574.0,10.0,6.922848312707805,19.133333333333333,19.133333333333333,30.0,0.0,0.0,1.0,1.0,22.0,0.3492090275522559,0.0,3.0,0.926168790186098,4.0,28.0,0.0002558408883856,4.0,509.0,0.600668718544885,1.0,12.0,0.5210889923973064,0.0,0.0,1.0
3224.0,24,1920.0,24.615384615384617,6.764774402482454,78.0,2842.0,36.43589743589744,138.0,1.7692307692307692,8.0,563.0,0.0,6.727109694310387,24.47826086956522,24.47826086956522,23.0,0.0,0.0,0.7204472913517203,2.0,10.0,0.0007205439222819,0.0,0.0,1.0,2.0,37.0,0.5732127931856065,2.0,503.0,0.5941416889825684,2.0,13.0,0.1773771920554806,0.0,0.0,0.9663863285406696
3232.0,27,2030.0,27.43243243243243,6.279704638073086,74.0,2969.0,40.12162162162162,127.0,1.7162162162162162,8.0,554.0,0.0,6.531327786386364,26.38095238095238,26.38095238095238,21.0,2.0,11.0,0.3446489706315663,0.0,0.0,1.0,0.0,3.0,0.991957804283614,2.0,6.0,0.4107544687957484,3.0,522.0,0.3890902459255749,0.0,7.0,0.9728548918550838,1.0,5.0,0.3555180551661113
3240.0,22,2156.0,29.944444444444443,6.2857401124727215,72.0,3023.0,41.98611111111112,54.0,0.75,6.0,569.0,15.0,5.951865519855508,31.61111111111111,31.61111111111111,18.0,1.0,2.0,0.2476195022731104,0.0,0.0,0.4873159197348914,0.0,0.0,1.0,0.0,3.0,0.3318784233486737,5.0,564.0,0.420534901948741,0.0,0.0,1.0,0.0,0.0,0.9920561523433786
3248.0,32,2340.0,34.92537313432836,4.9953016984705005,67.0,3162.0,47.19402985074627,139.0,2.074626865671642,11.0,618.0,49.0,4.090763207140229,30.9,30.9,20.0,2.0,16.0,0.0,3.0,14.0,0.2327446084379827,0.0,0.0,1.0,4.0,24.0,0.1992850301807683,2.0,551.0,0.3002749426678305,0.0,13.0,0.8853740704309295,0.0,0.0,0.2790480165490696
3256.0,23,2430.0,35.73529411764706,5.29424355892774,68.0,3336.0,49.05882352941177,174.0,2.5588235294117645,6.0,626.0,8.0,6.239257494179636,36.8235294117647,36.8235294117647,17.0,0.0,0.0,1.0,0.0,3.0,0.2982998203824755,0.0,0.0,1.0,3.0,24.0,0.2432921177224458,2.0,573.0,0.4832440703840465,1.0,26.0,0.6462867775740841,0.0,0.0,1.0
3264.0,22,2555.0,37.5735294117647,6.914191239399656,68.0,3467.0,50.98529411764706,131.0,1.9264705882352944,5.0,606.0,0.0,7.492070173882119,50.5,50.5,12.0,0.0,0.0,1.0,1.0,8.0,0.0,0.0,3.0,0.9483060189485856,2.0,6.0,0.413696602748999,2.0,583.0,0.4921011174806664,0.0,6.0,0.9310647744084964,0.0,0.0,0.9798978028102016
3272.0,15,882.0,12.970588235294118,7.691488148605988,68.0,3578.0,52.61764705882353,111.0,1.6323529411764706,5.0,383.0,0.0,8.920662229928018,15.958333333333334,15.958333333333334,24.0,0.0,0.0,1.0,0.0,0.0,0.9384263485662012,1.0,12.0,0.662663833623799,4.0,31.0,0.1942850351798456,0.0,336.0,0.7896326350292255,0.0,4.0,0.7507925102902764,0.0,0.0,0.7152507515353964
3280.0,9,28.0,0.4117647058823529,6.400446304403344,68.0,3582.0,52.6764705882353,4.0,0.0588235294117647,7.0,481.0,98.0,5.523860389074681,15.03125,15.03125,32.0,0.0,0.0,1.0,0.0,3.0,0.7495827129073042,1.0,14.0,0.1496297159447961,1.0,8.0,0.4462065676502179,3.0,253.0,0.4460564510635691,2.0,203.0,0.2310748593626219,0.0,0.0,0.0737243593401674
3288.0,26,141.0,1.9583333333333333,5.510337240500009,72.0,3708.0,51.5,126.0,1.75,22.0,650.0,169.0,3.524959597107156,17.56756756756757,17.56756756756757,37.0,1.0,3.0,0.2787592277703961,0.0,0.0,0.9347847982638688,0.0,9.0,0.9142343799741568,5.0,116.0,0.1642171980846688,12.0,290.0,0.1040086327426955,4.0,232.0,0.309772317621856,0.0,0.0,0.9206050541981976
3296.0,18,162.0,2.4545454545454546,5.080363814991942,66.0,3492.0,52.90909090909091,0.0,0.0,15.0,708.0,58.0,2.849947108975253,22.125,22.125,32.0,2.0,15.0,0.0288163342332701,1.0,2.0,1.6218974048874683e-05,0.0,3.0,0.4454723414907089,5.0,156.0,0.00674964915505,2.0,99.0,0.1564160534786121,5.0,433.0,0.3686284961727481,0.0,0.0,0.7689301205926695
3304.0,28,286.0,4.085714285714285,3.901062179790245,70.0,3380.0,48.285714285714285,0.0,0.0,21.0,1178.0,470.0,3.5761125747686733,28.047619047619047,28.047619047619047,42.0,1.0,8.0,0.0488002494647188,1.0,13.0,0.4964215402027677,1.0,9.0,0.0,7.0,215.0,0.1942399772874239,2.0,314.0,0.2026686167328581,8.0,614.0,0.3704248267789808,1.0,5.0,0.0
3312.0,31,402.0,5.583333333333333,4.469715666890377,72.0,3602.0,50.02777777777778,222.0,3.083333333333333,19.0,1114.0,0.0,3.1096252572065755,32.76470588235294,32.76470588235294,34.0,0.0,0.0,1.0,1.0,6.0,0.3636713905724875,0.0,0.0,1.0,8.0,123.0,0.0336181523851182,2.0,318.0,0.219872193392745,7.0,654.0,0.3324080979532005,1.0,13.0,0.0
3320.0,31,468.0,6.24,5.755698170072822,75.0,3499.0,46.653333333333336,0.0,0.0,15.0,822.0,0.0,3.458593335858384,31.615384615384617,31.615384615384617,26.0,0.0,0.0,0.9499695677448312,1.0,4.0,2.4540027117262183e-05,0.0,0.0,1.0,0.0,41.0,0.2833316297170337,2.0,329.0,0.0,11.0,427.0,0.265663258714771,1.0,21.0,0.0
3328.0,14,141.0,1.9315068493150684,6.062091646167725,73.0,3340.0,45.75342465753425,0.0,0.0,5.0,243.0,0.0,3.849142192643744,12.789473684210526,12.789473684210526,19.0,1.0,3.0,0.4092246750193598,1.0,12.0,0.0,0.0,3.0,0.9377890285223328,1.0,1.0,0.0069493331253557,1.0,109.0,0.2208369192901676,1.0,115.0,0.2257267028059022,0.0,0.0,1.0
3336.0,7,56.0,0.835820895522388,8.553786369162795,67.0,2321.0,34.64179104477612,0.0,0.0,4.0,203.0,0.0,8.925180645175459,7.518518518518518,7.518518518518518,27.0,1.0,3.0,0.0002820662243052,0.0,0.0,0.7525858345167327,0.0,6.0,0.9303604484854704,1.0,12.0,0.1089595604737399,2.0,77.0,0.559135935129462,0.0,91.0,0.641490982874314,0.0,14.0,0.8905821858471666
3344.0,9,73.0,1.106060606060606,7.510133984909662,66.0,2226.0,33.72727272727273,0.0,0.0,6.0,225.0,22.0,5.988690061512681,8.333333333333334,8.333333333333334,27.0,0.0,0.0,1.0,1.0,3.0,4.429939203618911e-05,0.0,3.0,0.5452590386563819,3.0,29.0,0.0015737541320785,2.0,58.0,0.4008431017218137,0.0,132.0,0.9200490284378118,0.0,0.0,0.3608438967423591
3352.0,13,91.0,1.421875,6.676658529912453,64.0,1425.0,22.265625,0.0,0.0,9.0,164.0,0.0,4.557229990199223,6.074074074074074,6.074074074074074,27.0,0.0,0.0,1.0,1.0,11.0,0.0,1.0,8.0,0.3403504773260584,0.0,0.0,0.2564814819968842,2.0,79.0,0.479156527238271,0.0,53.0,0.7487587680637438,5.0,13.0,0.015791808683494
3360.0,8,93.0,1.3676470588235294,7.5650523228608995,68.0,1166.0,17.147058823529413,0.0,0.0,5.0,148.0,0.0,6.053592592563831,5.6923076923076925,5.6923076923076925,26.0,0.0,0.0,1.0,1.0,24.0,0.6140869590734462,0.0,1.0,0.9527778918811732,1.0,7.0,0.2128096268225425,3.0,50.0,0.2157478113258688,0.0,49.0,0.6491795834887076,0.0,17.0,0.3325223047809192
3368.0,7,117.0,1.828125,8.148630918838375,64.0,1065.0,16.640625,0.0,0.0,5.0,123.0,0.0,5.229015557527472,6.473684210526316,6.473684210526316,19.0,0.0,0.0,1.0,1.0,27.0,0.2234999122749913,1.0,7.0,0.4943825286298515,1.0,15.0,0.2528163778193304,2.0,69.0,0.1173864271188783,0.0,3.0,0.9993224841678812,0.0,2.0,0.7717329439163265
3376.0,11,64.0,1.0847457627118644,7.403532294200768,59.0,1075.0,18.220338983050848,10.0,0.1694915254237288,8.0,87.0,0.0,6.1562078045033,3.2222222222222223,3.2222222222222223,27.0,0.0,0.0,1.0,4.0,58.0,0.4071058125510566,0.0,0.0,0.6680651912891772,1.0,2.0,0.0993837853586046,0.0,11.0,0.6412294536584121,3.0,13.0,0.2331070986667897,0.0,3.0,0.9343348543257476
3384.0,13,61.0,1.0701754385964912,7.594687232467078,57.0,974.0,17.087719298245613,0.0,0.0,12.0,465.0,378.0,4.184563372972493,19.375,19.375,24.0,1.0,3.0,9.015979915059643e-05,2.0,20.0,0.3573044973305806,0.0,4.0,0.8028054845034682,0.0,0.0,1.0,3.0,383.0,0.1463651669669022,6.0,55.0,0.3196372668149227,0.0,0.0,1.0
3392.0,16,138.0,2.555555555555556,6.6197719459837465,54.0,921.0,17.055555555555557,0.0,0.0,15.0,534.0,69.0,2.1793799503000946,23.217391304347824,23.217391304347824,23.0,1.0,11.0,0.0,1.0,19.0,0.3604176894977091,3.0,13.0,0.0010339274628038,1.0,3.0,1.3815762226052545e-05,1.0,386.0,0.1304626690890596,8.0,102.0,0.1811521770239649,0.0,0.0,1.0
3400.0,12,80.0,1.4545454545454546,7.742081371122803,55.0,957.0,17.4,36.0,0.6545454545454545,8.0,514.0,0.0,6.792842013466817,21.416666666666668,21.416666666666668,24.0,1.0,22.0,0.4885129102387952,2.0,11.0,9.231288650725784e-05,0.0,7.0,0.9773140664776988,1.0,11.0,0.0,3.0,410.0,0.4097276578466168,1.0,50.0,0.4923856419054869,0.0,3.0,0.7497129801070397
3408.0,12,97.0,1.7636363636363637,8.472941376290347,55.0,990.0,18.0,33.0,0.6,9.0,113.0,0.0,7.137980272726005,4.708333333333333,4.708333333333333,24.0,0.0,0.0,0.9381606926307592,0.0,0.0,0.0266734892565046,2.0,10.0,0.0003945150445075,1.0,19.0,0.0,3.0,56.0,0.6817801630624504,3.0,25.0,0.1583553195337944,0.0,3.0,0.8090580489553726
3416.0,8,63.0,1.1886792452830188,8.48053461887373,53.0,1028.0,19.39622641509434,38.0,0.7169811320754716,8.0,105.0,0.0,6.04880625789836,4.7727272727272725,4.7727272727272725,22.0,1.0,2.0,0.0986324958569049,0.0,5.0,0.956933461750647,3.0,27.0,0.0017386621849916,2.0,34.0,0.3215293482958016,0.0,22.0,0.6264467637420706,1.0,11.0,0.3525858190155956,1.0,4.0,8.413405383471292e-06
3424.0,6,20.0,0.4166666666666667,7.874356326770244,48.0,984.0,20.5,0.0,0.0,5.0,76.0,0.0,5.467651224814284,4.222222222222222,4.222222222222222,18.0,1.0,8.0,0.2622497092889823,3.0,10.0,0.0025671415460541,0.0,0.0,1.0,1.0,12.0,0.0,0.0,22.0,0.359357363303656,0.0,21.0,0.8671723802573241,0.0,3.0,0.6691030143918195
3432.0,11,41.0,0.8723404255319149,7.233391097040681,47.0,847.0,18.02127659574468,0.0,0.0,10.0,96.0,20.0,2.7104016846680743,5.333333333333333,5.333333333333333,18.0,0.0,0.0,0.9425034661241856,4.0,21.0,0.0016687709002664,0.0,0.0,1.0,1.0,5.0,0.0021296298542069,3.0,43.0,0.2463371286657317,2.0,27.0,0.1507764450843824,0.0,0.0,1.0
3440.0,9,44.0,0.9166666666666666,6.444352298147071,48.0,865.0,18.02083333333333,18.0,0.375,6.0,92.0,0.0,4.251434131586171,5.411764705882353,5.411764705882353,17.0,1.0,1.0,0.0013376259060807,1.0,13.0,0.53617104933176,0.0,0.0,1.0,1.0,13.0,0.0,3.0,62.0,0.216932175577081,0.0,0.0,1.0,0.0,3.0,0.8070150772654413
3448.0,15,105.0,1.8421052631578947,6.661359727948122,57.0,505.0,8.859649122807017,0.0,0.0,7.0,89.0,0.0,4.926146675764079,5.235294117647059,5.235294117647059,17.0,1.0,9.0,0.0,3.0,22.0,0.0119522443263566,0.0,0.0,0.925892739155914,0.0,0.0,1.0,3.0,50.0,0.412782776886015,0.0,0.0,0.1400170351276929,0.0,8.0,0.7137702990005309
3456.0,9,75.0,1.1538461538461535,6.853648658766872,65.0,505.0,7.769230769230769,0.0,0.0,7.0,94.0,5.0,4.668954551903482,4.947368421052632,4.947368421052632,19.0,0.0,0.0,1.0,1.0,19.0,0.2501339427789482,1.0,15.0,0.5642673184173871,0.0,0.0,0.4666130393494515,5.0,60.0,0.0928424909995036,0.0,0.0,0.3300038597568059,0.0,0.0,1.0
3464.0,13,79.0,1.144927536231884,7.299440111497585,69.0,453.0,6.565217391304348,0.0,0.0,5.0,115.0,21.0,5.662345034860307,6.052631578947368,6.052631578947368,19.0,0.0,0.0,0.5589099459805986,0.0,0.0,0.2188474917126893,3.0,30.0,0.1976679211313258,1.0,8.0,0.476641778060025,1.0,30.0,0.5530841168565599,0.0,47.0,0.5358493020430501,0.0,0.0,1.0
3472.0,25,163.0,2.0123456790123457,7.023173753909789,81.0,565.0,6.9753086419753085,112.0,1.382716049382716,7.0,110.0,0.0,6.289852529635807,4.4,4.4,25.0,2.0,10.0,4.533668817683612e-05,0.0,0.0,0.9140893796348712,0.0,13.0,0.6930469806865895,0.0,0.0,0.1045721962831462,5.0,49.0,0.201902407747175,0.0,38.0,0.6968682057558162,0.0,0.0,1.0
3480.0,29,349.0,4.204819277108434,6.13743285567456,83.0,688.0,8.289156626506024,123.0,1.4819277108433735,11.0,119.0,9.0,5.625744544428217,3.838709677419355,3.838709677419355,31.0,0.0,3.0,0.3709801049009312,1.0,2.0,0.442962924344316,1.0,12.0,0.5754939717473879,0.0,0.0,0.2860507634409144,8.0,102.0,0.3117101455523493,1.0,0.0,0.4123301283264037,0.0,0.0,0.9292188277372948
3488.0,25,448.0,5.149425287356322,5.791290972531511,87.0,916.0,10.528735632183908,228.0,2.6206896551724137,8.0,134.0,15.0,4.61042619064404,4.1875,4.1875,32.0,1.0,11.0,0.1568219818662301,4.0,25.0,0.3343605337220264,1.0,15.0,0.6459077751380161,0.0,1.0,0.1554373058056297,1.0,67.0,0.3169725574462946,1.0,15.0,0.5238705178818579,0.0,0.0,0.3676216350928654
3496.0,27,481.0,5.528735632183908,7.084001735021416,87.0,1110.0,12.758620689655173,194.0,2.2298850574712645,12.0,141.0,7.0,6.248961587694119,4.147058823529412,4.147058823529412,34.0,0.0,0.0,0.793932209604598,3.0,28.0,0.3328024449049596,1.0,14.0,0.4574574711390583,1.0,5.0,4.670282455904475e-05,5.0,36.0,0.2708445318019857,0.0,45.0,0.8873367806608016,2.0,13.0,0.0
3504.0,20,192.0,2.341463414634146,6.160800874821887,82.0,1197.0,14.597560975609756,87.0,1.0609756097560976,14.0,161.0,20.0,3.714725908131668,5.03125,5.03125,32.0,2.0,7.0,0.3002014850121877,3.0,24.0,0.0855893054083101,1.0,19.0,0.6516633392052487,2.0,20.0,0.3173610787547021,2.0,31.0,0.1238479765928429,4.0,57.0,0.2344176937451354,0.0,3.0,0.9962386482141052
3512.0,21,156.0,1.9259259259259256,6.692618338480756,81.0,1267.0,15.641975308641976,70.0,0.8641975308641975,15.0,365.0,204.0,4.512042707623075,11.06060606060606,11.06060606060606,33.0,2.0,23.0,0.0178670203717872,3.0,45.0,0.4324020691443962,1.0,28.0,0.4702709397738315,2.0,32.0,0.0,2.0,16.0,0.182805129214907,4.0,217.0,0.4346843448301852,1.0,4.0,7.645634580338269e-05
3520.0,14,156.0,2.0,6.623209615522321,78.0,1240.0,15.897435897435898,0.0,0.0,9.0,232.0,0.0,4.802392594184708,8.923076923076923,8.923076923076923,26.0,0.0,3.0,0.0329689155055783,5.0,51.0,0.1564392248151033,0.0,12.0,0.7282041907178158,2.0,48.0,0.0,2.0,26.0,0.0,0.0,89.0,0.4366151348750341,0.0,3.0,0.9504320394564476
3528.0,23,183.0,2.2875,5.767581004813311,80.0,1207.0,15.0875,0.0,0.0,14.0,363.0,131.0,4.816033356804999,9.81081081081081,9.81081081081081,37.0,0.0,4.0,0.584427444114394,5.0,71.0,6.512386596058185e-06,0.0,3.0,0.2701042790880206,1.0,38.0,0.4421986783203612,0.0,19.0,0.783021042899926,8.0,214.0,0.235010214358793,0.0,14.0,0.8530498395532895
3536.0,18,261.0,2.965909090909091,6.11508861731688,88.0,1313.0,14.920454545454543,106.0,1.2045454545454546,9.0,306.0,0.0,5.134575114949444,10.551724137931034,10.551724137931034,29.0,1.0,7.0,0.4048575037319762,4.0,118.0,0.3119001467375003,0.0,0.0,1.0,1.0,45.0,0.0,3.0,33.0,0.4099834682010771,0.0,100.0,0.4077860605331972,0.0,3.0,0.7862419573839786
3544.0,18,70.0,0.7608695652173914,6.7347318643639404,92.0,1225.0,13.315217391304348,0.0,0.0,14.0,370.0,64.0,5.38652317721732,9.024390243902438,9.024390243902438,41.0,4.0,27.0,0.0463564798891579,0.0,54.0,0.5426940168754263,0.0,0.0,1.0,0.0,0.0,0.957069472702783,0.0,15.0,0.7221914770199119,10.0,260.0,0.2530661892042958,0.0,14.0,0.6573079415711855
3552.0,16,54.0,0.54,7.032240206703495,100.0,1287.0,12.87,62.0,0.62,11.0,187.0,0.0,4.799643296711562,5.194444444444445,5.194444444444445,36.0,2.0,16.0,0.0,1.0,5.0,0.3761851269160602,0.0,0.0,1.0,2.0,7.0,0.268630968061792,0.0,10.0,0.5046923432633988,2.0,116.0,0.4378968699770858,4.0,33.0,0.1935254548095579
3560.0,22,105.0,0.9813084112149532,6.629655305345243,107.0,1380.0,12.897196261682245,93.0,0.8691588785046729,20.0,296.0,109.0,5.061188149671059,5.803921568627451,5.803921568627451,51.0,0.0,0.0,0.5452535682966118,0.0,2.0,0.2259341413075802,1.0,17.0,0.7746677873792522,1.0,12.0,0.2808302261687074,3.0,41.0,0.5793632228847082,10.0,143.0,0.1450704135811586,5.0,81.0,0.1737277109987624
3568.0,6,45.0,0.4205607476635514,7.853991781530734,107.0,1361.0,12.719626168224298,0.0,0.0,5.0,195.0,0.0,6.780017029455445,4.7560975609756095,4.7560975609756095,41.0,0.0,0.0,0.4615113995456368,0.0,0.0,0.5766791666422739,1.0,93.0,0.6739092317816844,2.0,15.0,0.5222663459109291,0.0,27.0,0.6296116388364537,1.0,14.0,0.3514042995614501,1.0,46.0,0.1680799542175585
3576.0,20,114.0,1.1176470588235294,7.803832134083778,102.0,1209.0,11.852941176470589,0.0,0.0,14.0,256.0,61.0,6.563809560068655,4.923076923076923,4.923076923076923,52.0,0.0,0.0,1.0,0.0,3.0,0.3438343623199748,2.0,104.0,0.5457732033770335,3.0,34.0,0.2302747604492846,3.0,40.0,0.6084329051952395,1.0,12.0,0.582341367151322,5.0,63.0,0.3690246877047832
3584.0,19,166.0,1.6274509803921569,7.039718783945904,102.0,1239.0,12.147058823529411,30.0,0.2941176470588235,16.0,225.0,0.0,5.450067699823368,4.326923076923077,4.326923076923077,52.0,0.0,0.0,0.7508589030689387,3.0,15.0,0.0019187849033668,2.0,47.0,0.2691000931147668,3.0,50.0,0.4257973062088389,5.0,70.0,0.4242423309000689,2.0,7.0,0.4971188080855686,1.0,36.0,0.1952053556606576
3592.0,35,203.0,2.0927835051546397,4.994223430503368,97.0,1237.0,12.75257731958763,0.0,0.0,34.0,314.0,89.0,1.900632955572037,5.814814814814815,5.814814814814815,54.0,2.0,9.0,0.2821477193578023,4.0,47.0,0.1883065887398105,2.0,31.0,0.0223498550460744,6.0,30.0,0.1416125852116227,1.0,73.0,0.250451304450695,11.0,67.0,0.1023555490289688,8.0,57.0,0.0620640431150311
3600.0,27,221.0,2.455555555555556,5.2042890460585465,90.0,1358.0,15.088888888888889,121.0,1.3444444444444446,24.0,342.0,28.0,2.13650447051844,7.6,7.6,45.0,0.0,5.0,0.1266752949838435,0.0,22.0,0.5722406328758388,0.0,0.0,0.968847884511254,6.0,45.0,0.1170201481439283,3.0,84.0,0.014248925513184,13.0,146.0,0.1025090118333616,2.0,40.0,0.1671353738923181
3600.0,31,157.0,2.0933333333333333,5.446304280126318,75.0,561.0,7.48,0.0,0.0,30.0,185.0,39.0,2.128526822439134,4.3023255813953485,4.3023255813953485,43.0,3.0,13.0,0.0012359917238272,1.0,5.0,0.0185990127970681,0.0,1.0,0.9336595827035644,6.0,25.0,0.2440810438423427,1.0,2.0,0.0049698946788451,14.0,111.0,0.1055376111914198,5.0,28.0,0.0007848286314638
