step,system_total_stopped,system_total_waiting_time,system_mean_waiting_time,system_mean_speed,system_cars_present,system_accumulated_waiting_time (100),system_accumulated_mean_waiting_time (100),system_accumulated_waiting_time (delta),system_accumulated_mean_waiting_time (delta),agents_total_stopped,agents_total_accumulated_waiting_time (100),agents_total_accumulated_waiting_time (delta),agents_mean_speed,agents_mean_waiting_time (100),agents_mean_waiting_time (delta),agents_cars_present,Col1_1_stopped,Col1_1_accumulated_waiting_time,Col1_1_average_speed
8.0,1,0.0,0.0,5.4636110218474645,2,0.0,0.0,0.0,0.0,0,0.0,0.0,10.927222043694927,0.0,0.0,1,0,0.0,0.6897058233002138
16.0,0,0.0,0.0,11.067197671817828,3,0.0,0.0,0.0,0.0,0,0.0,0.0,8.857113367598505,0.0,0.0,1,0,0.0,0.6838168337323859
24.0,1,0.0,0.0,8.099565648700153,7,0.0,0.0,0.0,0.0,1,0.0,0.0,4.997035476103261,0.0,0.0,5,1,0.0,0.3315585181081839
32.0,0,0.0,0.0,14.98393986202783,6,0.0,0.0,0.0,0.0,0,0.0,0.0,13.844466713834812,0.0,0.0,4,0,0.0,0.8635415365250677
40.0,0,0.0,0.0,12.450504669200084,6,0.0,0.0,0.0,0.0,0,0.0,0.0,13.64423445058687,0.0,0.0,4,0,0.0,0.9348921423526418
48.0,0,0.0,0.0,9.225344044505682,9,0.0,0.0,0.0,0.0,0,0.0,0.0,9.076335467639929,0.0,0.0,7,0,0.0,0.5937612968336897
56.0,2,10.0,0.8333333333333334,7.154703412664543,12,13.0,1.0833333333333333,13.0,1.0833333333333333,2,10.0,10.0,5.012665459296078,1.1111111111111112,1.1111111111111112,9,2,10.0,0.3022146723547528
64.0,5,26.0,1.8571428571428568,4.980761812365171,14,39.0,2.7857142857142856,26.0,1.8571428571428568,5,26.0,16.0,3.452116527155104,2.363636363636364,2.363636363636364,11,5,26.0,0.1994087464766095
72.0,2,6.0,0.375,5.858623519092483,16,53.0,3.3125,14.0,0.875,2,16.0,0.0,3.9833388393485007,1.4545454545454546,1.4545454545454546,11,2,16.0,0.224730303680104
80.0,7,27.0,1.6875,4.563077097767977,16,47.0,2.9375,0.0,0.0,7,38.0,22.0,4.172262585826542,2.533333333333333,2.533333333333333,15,7,38.0,0.265628982937501
88.0,1,0.0,0.0,6.573044370375005,22,76.0,3.4545454545454546,29.0,1.318181818181818,1,31.0,0.0,6.298347804523233,1.8235294117647056,1.8235294117647056,17,1,31.0,0.4036036507306966
96.0,0,0.0,0.0,11.407192680818014,24,32.0,1.3333333333333333,0.0,0.0,0,0.0,0.0,9.575363892812174,0.0,0.0,15,0,0.0,0.627174870764618
104.0,1,5.0,0.2777777777777778,10.803777449357929,18,6.0,0.3333333333333333,0.0,0.0,1,5.0,5.0,9.570185750028228,0.3333333333333333,0.3333333333333333,15,1,5.0,0.633503113638795
112.0,6,30.0,1.3636363636363635,8.359902063124451,22,31.0,1.4090909090909092,25.0,1.1363636363636365,6,30.0,25.0,6.538687984809437,1.6666666666666667,1.6666666666666667,18,6,30.0,0.4224440228867236
120.0,5,42.0,1.826086956521739,6.9938737254483225,23,75.0,3.260869565217391,44.0,1.9130434782608696,5,44.0,14.0,6.419957236739273,2.4444444444444446,2.4444444444444446,18,5,44.0,0.4359441814640117
128.0,6,33.0,1.2692307692307692,7.17979331260242,26,108.0,4.153846153846154,33.0,1.2692307692307692,6,57.0,13.0,4.817504365230985,3.1666666666666665,3.1666666666666665,18,6,57.0,0.3266303887300946
136.0,7,77.0,3.208333333333333,6.754915609326402,24,95.0,3.9583333333333335,0.0,0.0,7,78.0,21.0,5.288571363204992,3.9,3.9,20,7,78.0,0.3699650449229997
144.0,3,4.0,0.1739130434782608,6.3442332057441,23,126.0,5.478260869565218,31.0,1.3478260869565215,3,49.0,0.0,5.423739989438334,3.0625,3.0625,16,3,49.0,0.383550337335621
152.0,4,29.0,1.16,10.04579775042081,25,79.0,3.16,0.0,0.0,3,24.0,0.0,7.804101145527718,1.7142857142857142,1.7142857142857142,14,3,24.0,0.5242990628991002
160.0,4,47.0,2.238095238095238,8.93389232016548,21,60.0,2.857142857142857,0.0,0.0,4,47.0,23.0,8.4220593418527,2.9375,2.9375,16,4,47.0,0.5286162075478459
168.0,6,84.0,3.652173913043478,7.996390312376659,23,103.0,4.478260869565218,43.0,1.8695652173913044,6,85.0,38.0,6.766553673324973,4.722222222222222,4.722222222222222,18,6,85.0,0.4274218305321856
176.0,9,143.0,5.296296296296297,6.489389268603589,27,162.0,6.0,59.0,2.185185185185185,9,144.0,59.0,5.216019667788519,6.260869565217392,6.260869565217392,23,9,144.0,0.3358627571953145
184.0,5,32.0,1.0,6.990442466343405,32,235.0,7.34375,73.0,2.28125,5,96.0,0.0,6.092059315466432,3.84,3.84,25,5,96.0,0.4069645404545265
192.0,8,75.0,2.142857142857143,8.732335743555725,35,170.0,4.857142857142857,0.0,0.0,8,77.0,0.0,6.397161906186135,3.208333333333333,3.208333333333333,24,8,77.0,0.4076791251541322
200.0,3,7.0,0.2333333333333333,6.295779190592325,30,129.0,4.3,0.0,0.0,3,58.0,0.0,5.955563621235978,2.230769230769231,2.230769230769231,26,3,58.0,0.3836676366311034
208.0,5,29.0,0.9666666666666668,8.504290840106815,30,84.0,2.8,0.0,0.0,5,31.0,0.0,6.933563278984606,1.4761904761904765,1.4761904761904765,21,5,31.0,0.4469571488828718
216.0,4,12.0,0.4615384615384615,6.976721067183291,26,66.0,2.5384615384615383,0.0,0.0,4,28.0,0.0,6.895214280744796,1.3333333333333333,1.3333333333333333,21,4,28.0,0.4722505741686605
224.0,12,68.0,2.4285714285714284,5.196594036471325,28,87.0,3.107142857142857,21.0,0.75,12,87.0,59.0,4.809867288559626,3.2222222222222223,3.2222222222222223,27,12,87.0,0.3409017566296557
232.0,12,92.0,2.7058823529411766,5.259721918154799,34,185.0,5.441176470588236,98.0,2.8823529411764706,11,151.0,64.0,4.838753221641814,5.392857142857143,5.392857142857143,28,11,151.0,0.3348277739606546
240.0,9,73.0,2.147058823529412,6.335430556691033,34,223.0,6.5588235294117645,38.0,1.1176470588235294,8,122.0,0.0,5.481674219199305,4.6923076923076925,4.6923076923076925,26,8,122.0,0.3730061401908163
248.0,9,32.0,1.032258064516129,7.020667119521962,31,182.0,5.870967741935484,0.0,0.0,9,83.0,0.0,5.471226718326094,3.32,3.32,25,9,83.0,0.3911172049806747
256.0,7,80.0,3.076923076923077,8.826921404278568,26,137.0,5.269230769230769,0.0,0.0,7,90.0,7.0,7.050272834016611,4.7368421052631575,4.7368421052631575,19,7,90.0,0.5102079753062082
264.0,3,12.0,0.5217391304347826,7.347342050496135,23,127.0,5.521739130434782,0.0,0.0,3,29.0,0.0,7.407804220747786,1.8125,1.8125,16,3,29.0,0.5185444542161605
272.0,6,57.0,2.1923076923076925,6.842057683904911,26,87.0,3.3461538461538463,0.0,0.0,6,60.0,31.0,6.724693066417328,3.0,3.0,20,6,60.0,0.4572656516634586
280.0,2,1.0,0.0333333333333333,7.75611922789865,30,108.0,3.6,21.0,0.7,2,37.0,0.0,6.693665473783498,1.681818181818182,1.681818181818182,22,2,37.0,0.465023663251748
288.0,5,20.0,0.625,9.289512601167402,32,71.0,2.21875,0.0,0.0,5,20.0,0.0,7.352831418114398,0.9523809523809524,0.9523809523809524,21,5,20.0,0.5078559022272303
296.0,7,56.0,1.8064516129032255,7.898770698925543,31,56.0,1.8064516129032255,0.0,0.0,7,56.0,36.0,6.8387873477478704,2.333333333333333,2.333333333333333,24,7,56.0,0.4771459734066083
304.0,4,5.0,0.1388888888888889,7.799226271212319,36,93.0,2.583333333333333,37.0,1.0277777777777777,3,23.0,0.0,6.947100058032173,1.0,1.0,23,3,23.0,0.4939286254351878
312.0,5,26.0,0.7222222222222222,8.91358514853053,36,46.0,1.2777777777777777,0.0,0.0,5,26.0,3.0,8.16400460418883,1.181818181818182,1.181818181818182,22,5,26.0,0.5536571373076387
320.0,4,10.0,0.25,7.466786557042468,40,71.0,1.775,25.0,0.625,3,20.0,0.0,6.965939354580153,0.8695652173913043,0.8695652173913043,23,3,20.0,0.4851622021713592
328.0,7,38.0,1.0,8.721790157430979,38,70.0,1.8421052631578947,0.0,0.0,7,49.0,29.0,6.691912527951917,2.0416666666666665,2.0416666666666665,24,7,49.0,0.4571698557860538
336.0,14,112.0,2.8,7.476796372868932,40,123.0,3.075,53.0,1.325,13,121.0,72.0,5.729512523179884,4.481481481481482,4.481481481481482,27,13,121.0,0.3873793751050261
344.0,4,8.0,0.2051282051282051,7.879732358416994,39,181.0,4.641025641025641,58.0,1.4871794871794872,3,51.0,0.0,7.605025974035359,2.125,2.125,24,3,51.0,0.4855374648425933
352.0,11,41.0,1.0789473684210529,6.487352847852915,38,145.0,3.8157894736842106,0.0,0.0,11,85.0,34.0,5.0159337235407255,3.1481481481481484,3.1481481481481484,27,11,85.0,0.3493280012616137
360.0,5,19.0,0.5135135135135135,7.0908249589968,37,192.0,5.1891891891891895,47.0,1.2702702702702702,5,42.0,0.0,6.332280605177643,1.9090909090909087,1.9090909090909087,22,5,42.0,0.4450612284859914
368.0,8,59.0,1.5526315789473684,6.946515090134929,38,182.0,4.789473684210527,0.0,0.0,8,71.0,29.0,5.060387896888013,2.958333333333333,2.958333333333333,24,8,71.0,0.3675305379267018
376.0,10,120.0,2.926829268292683,7.516627269764129,41,227.0,5.536585365853658,45.0,1.0975609756097562,10,122.0,51.0,5.231282486783161,5.545454545454546,5.545454545454546,22,10,122.0,0.3796217228783475
384.0,6,29.0,0.6590909090909091,7.339001929656229,44,254.0,5.7727272727272725,27.0,0.6136363636363636,5,94.0,0.0,4.843074301161043,4.476190476190476,4.476190476190476,21,5,94.0,0.3420462706644039
392.0,9,25.0,0.5555555555555556,6.264910032255996,45,187.0,4.155555555555556,0.0,0.0,7,121.0,27.0,2.9710359933247195,5.761904761904762,5.761904761904762,21,7,121.0,0.1989371667763613
400.0,11,42.0,0.9333333333333332,5.769494244772671,45,259.0,5.755555555555556,72.0,1.6,9,123.0,2.0,2.994000954591452,5.590909090909091,5.590909090909091,22,9,123.0,0.1977406991531922
408.0,9,78.0,1.8571428571428568,7.084434260976203,42,220.0,5.238095238095238,0.0,0.0,9,115.0,0.0,4.565493821036699,5.75,5.75,20,9,115.0,0.3071687515116987
416.0,15,54.0,1.2272727272727273,5.333915790709612,44,227.0,5.159090909090909,7.0,0.1590909090909091,9,111.0,0.0,4.41642847944371,4.826086956521739,4.826086956521739,23,9,111.0,0.2898166474609563
424.0,14,52.0,1.0612244897959184,5.996328449921433,49,286.0,5.836734693877551,59.0,1.2040816326530612,10,145.0,34.0,4.235504375215237,5.8,5.8,25,10,145.0,0.2895161529468729
432.0,13,68.0,1.3076923076923077,5.661310133390172,52,361.0,6.9423076923076925,75.0,1.4423076923076923,9,147.0,2.0,4.900178502426333,5.25,5.25,28,9,147.0,0.3356674697870169
440.0,17,88.0,1.4666666666666666,5.183324000444451,60,444.0,7.4,83.0,1.3833333333333333,11,122.0,0.0,4.757320280489118,4.357142857142857,4.357142857142857,28,11,122.0,0.3312153393051393
448.0,9,34.0,0.5964912280701754,5.46846170372764,57,479.0,8.403508771929825,35.0,0.6140350877192983,2,87.0,0.0,5.211289432829664,3.2222222222222223,3.2222222222222223,27,2,87.0,0.3567506311528671
456.0,14,48.0,0.7741935483870968,5.049639669271661,62,488.0,7.870967741935484,9.0,0.1451612903225806,13,197.0,110.0,3.8042833417140103,5.628571428571429,5.628571428571429,35,13,197.0,0.2492704522221982
464.0,24,100.0,1.5151515151515151,4.209854382888323,66,597.0,9.045454545454543,109.0,1.6515151515151516,19,256.0,59.0,1.9796736397327688,6.7368421052631575,6.7368421052631575,38,19,256.0,0.1284757249958086
472.0,21,112.0,1.6470588235294117,5.035639703206538,68,610.0,8.970588235294118,13.0,0.1911764705882352,15,243.0,0.0,3.624267710846477,7.363636363636363,7.363636363636363,33,15,243.0,0.243628855520446
480.0,30,267.0,3.985074626865672,4.232257052381505,67,759.0,11.328358208955224,149.0,2.2238805970149254,14,319.0,76.0,3.060078819660184,9.666666666666666,9.666666666666666,33,14,319.0,0.2121167909562921
488.0,34,489.0,7.191176470588236,4.349908430613444,68,979.0,14.397058823529411,220.0,3.235294117647059,13,393.0,74.0,3.0855031233313746,13.551724137931034,13.551724137931034,29,13,393.0,0.2285842677443372
496.0,35,603.0,9.571428571428571,3.715849589918049,63,1147.0,18.20634920634921,168.0,2.6666666666666665,14,380.0,0.0,2.5905141187402325,14.615384615384617,14.615384615384617,26,14,380.0,0.1909205741170841
504.0,28,547.0,8.967213114754099,4.017821371880794,61,1359.0,22.27868852459016,212.0,3.4754098360655736,11,237.0,0.0,3.4289478728115266,9.115384615384617,9.115384615384617,26,11,237.0,0.2224872876628932
512.0,24,304.0,4.676923076923077,4.426827643184895,65,1525.0,23.46153846153846,166.0,2.5538461538461537,10,351.0,114.0,2.724264909533201,12.535714285714286,12.535714285714286,28,10,351.0,0.17024087949868
520.0,27,237.0,3.761904761904762,4.481613409783213,63,1659.0,26.33333333333333,134.0,2.126984126984127,11,406.0,55.0,2.4635665833796256,15.037037037037036,15.037037037037036,27,11,406.0,0.1514190540993742
528.0,28,351.0,5.85,4.002932337033895,60,1724.0,28.73333333333333,65.0,1.0833333333333333,17,463.0,57.0,2.7130282698014567,15.96551724137931,15.96551724137931,29,17,463.0,0.1715654049750989
536.0,20,140.0,2.3728813559322037,4.20895654038422,59,1803.0,30.559322033898304,79.0,1.3389830508474576,12,488.0,25.0,2.897613561485456,17.428571428571427,17.428571428571427,28,12,488.0,0.1928297778057326
544.0,19,129.0,2.114754098360656,4.897298726700783,61,1900.0,31.14754098360656,97.0,1.5901639344262295,11,622.0,134.0,3.6722073945892486,20.73333333333333,20.73333333333333,30,11,622.0,0.2327888171565777
552.0,31,279.0,4.428571428571429,3.9271270571685295,63,1980.0,31.428571428571427,80.0,1.2698412698412698,18,672.0,50.0,2.2223632486671367,20.363636363636363,20.363636363636363,33,18,672.0,0.1386762416560547
560.0,37,349.0,5.453125,3.6703159815635535,64,2030.0,31.71875,50.0,0.78125,27,833.0,161.0,1.969719758201888,23.13888888888889,23.13888888888889,36,27,833.0,0.123752529373206
568.0,30,300.0,5.0,3.964773798950002,60,2179.0,36.31666666666667,149.0,2.4833333333333334,20,884.0,51.0,2.0495698617895526,27.625,27.625,32,20,884.0,0.1415903381566734
576.0,22,204.0,3.642857142857143,4.172293161847862,56,2277.0,40.660714285714285,98.0,1.75,10,874.0,0.0,2.875245467058301,30.13793103448276,30.13793103448276,29,10,874.0,0.1883535902082402
584.0,18,77.0,1.4528301886792452,3.965366884671072,53,2356.0,44.45283018867924,79.0,1.490566037735849,15,956.0,82.0,1.375127163332371,32.96551724137931,32.96551724137931,29,15,956.0,0.0850745675958859
592.0,20,78.0,1.6956521739130437,3.710008545058892,46,2073.0,45.06521739130435,0.0,0.0,15,844.0,0.0,0.7088139607370246,32.46153846153846,32.46153846153846,26,15,844.0,0.0457845077793687
600.0,24,162.0,3.951219512195122,3.173437603235658,41,2001.0,48.80487804878049,0.0,0.0,23,912.0,68.0,0.2519999997885688,35.07692307692308,35.07692307692308,26,23,912.0,0.012578006424915
608.0,15,183.0,4.575,5.227538281857471,40,2101.0,52.525,100.0,2.5,13,770.0,0.0,1.2473120569995977,38.5,38.5,20,13,770.0,0.0700177740288621
616.0,7,71.0,2.0285714285714285,6.990329395922236,35,1830.0,52.285714285714285,0.0,0.0,7,854.0,84.0,2.7069364882623064,44.94736842105263,44.94736842105263,19,7,854.0,0.2042436943658802
624.0,7,30.0,0.9090909090909092,6.297995666678466,33,1659.0,50.27272727272727,0.0,0.0,7,679.0,0.0,1.9716637861614448,35.73684210526316,35.73684210526316,19,7,679.0,0.1455833423526704
632.0,10,43.0,1.2647058823529411,6.09198618662874,34,1423.0,41.85294117647059,0.0,0.0,10,612.0,0.0,1.9317013188838323,30.6,30.6,20,10,612.0,0.1415967899873511
640.0,7,74.0,2.3870967741935485,8.320302019982819,31,1094.0,35.29032258064516,0.0,0.0,7,497.0,0.0,3.517512896120249,35.5,35.5,14,7,497.0,0.262709326393671
648.0,6,61.0,2.033333333333333,8.348696867267789,30,1004.0,33.46666666666667,0.0,0.0,6,296.0,0.0,2.174608009887708,22.76923076923077,22.76923076923077,13,6,296.0,0.1565556169648842
656.0,4,70.0,2.333333333333333,7.55833585732045,30,819.0,27.3,0.0,0.0,4,311.0,15.0,2.154448663413255,23.923076923076923,23.923076923076923,13,4,311.0,0.1672422812722634
664.0,7,25.0,0.8064516129032258,7.43082288192657,31,739.0,23.83870967741936,0.0,0.0,7,40.0,0.0,0.754216713288096,3.333333333333333,3.333333333333333,12,7,40.0,0.052862185857501
672.0,2,8.0,0.3478260869565217,6.80289001632807,23,584.0,25.39130434782609,0.0,0.0,2,46.0,6.0,2.0648476114459062,4.181818181818182,4.181818181818182,11,2,46.0,0.1552117012191958
680.0,0,0.0,0.0,10.56133605851369,24,322.0,13.416666666666666,0.0,0.0,0,0.0,0.0,5.767336042019253,0.0,0.0,7,0,0.0,0.4147995915225212
688.0,0,0.0,0.0,10.73224519584254,21,277.0,13.19047619047619,0.0,0.0,0,0.0,0.0,7.454233290675861,0.0,0.0,4,0,0.0,0.4954437919744264
696.0,3,8.0,0.3636363636363636,8.945962509144541,22,207.0,9.409090909090908,0.0,0.0,3,9.0,9.0,2.88105897223374,1.5,1.5,6,3,9.0,0.1884295126081674
704.0,5,25.0,1.1363636363636365,7.672662557867913,22,75.0,3.409090909090909,0.0,0.0,5,26.0,17.0,1.8032720978996128,3.25,3.25,8,5,26.0,0.1204184867391002
712.0,1,0.0,0.0,7.037726352429497,20,60.0,3.0,0.0,0.0,1,7.0,0.0,2.9586980140392534,1.0,1.0,7,1,7.0,0.2075114881923689
720.0,1,0.0,0.0,10.209264225112946,15,48.0,3.2,0.0,0.0,1,1.0,0.0,3.389183862747013,0.25,0.25,4,1,1.0,0.2602691993681303
728.0,2,4.0,0.2222222222222222,8.842219469974573,18,55.0,3.055555555555556,7.0,0.3888888888888889,2,4.0,3.0,2.834014348644636,0.6666666666666666,0.6666666666666666,6,2,4.0,0.2054290343031979
736.0,0,0.0,0.0,10.471886119624344,20,62.0,3.1,7.0,0.35,0,0.0,0.0,5.992193210670584,0.0,0.0,4,0,0.0,0.4664084568146577
744.0,0,0.0,0.0,11.169573614636857,21,22.0,1.0476190476190477,0.0,0.0,0,0.0,0.0,8.275737569873929,0.0,0.0,5,0,0.0,0.5814871374019426
752.0,0,0.0,0.0,10.520324353109745,21,15.0,0.7142857142857143,0.0,0.0,0,0.0,0.0,8.650321034708302,0.0,0.0,9,0,0.0,0.5104245586115446
760.0,3,7.0,0.28,9.439088706047473,25,19.0,0.76,4.0,0.16,3,7.0,7.0,6.264356708728858,0.6363636363636364,0.6363636363636364,11,3,7.0,0.3922788120253781
768.0,2,8.0,0.2962962962962963,8.936742160585991,27,32.0,1.1851851851851851,13.0,0.4814814814814814,2,11.0,4.0,6.137410302884231,1.0,1.0,11,2,11.0,0.384528566933791
776.0,2,15.0,0.6818181818181818,10.79079235777836,22,36.0,1.6363636363636365,4.0,0.1818181818181818,2,15.0,4.0,8.712787950726542,1.6666666666666667,1.6666666666666667,9,2,15.0,0.5571200990296171
784.0,3,34.0,1.7,10.044997087786289,20,49.0,2.45,13.0,0.65,3,34.0,19.0,7.090987005013463,3.4,3.4,10,3,34.0,0.4646056913661721
792.0,3,25.0,1.1363636363636365,8.544342978368528,22,70.0,3.1818181818181817,21.0,0.9545454545454546,3,25.0,0.0,4.47854517816345,2.7777777777777777,2.7777777777777777,9,3,25.0,0.2650584895405125
800.0,9,65.0,3.095238095238096,5.807341802245889,21,90.0,4.285714285714286,20.0,0.9523809523809524,9,65.0,40.0,2.097218511884404,5.0,5.0,13,9,65.0,0.140399699439806
808.0,6,28.0,1.1666666666666667,5.62506722764342,24,147.0,6.125,57.0,2.375,5,53.0,0.0,3.486972075518964,3.533333333333333,3.533333333333333,15,5,53.0,0.2170099096378109
816.0,10,91.0,3.64,6.008544321780163,25,156.0,6.24,9.0,0.36,8,76.0,23.0,1.6944045677804147,5.428571428571429,5.428571428571429,14,8,76.0,0.0916002246532361
824.0,5,7.0,0.25,5.967318000998596,28,185.0,6.607142857142857,29.0,1.0357142857142858,5,58.0,0.0,1.986733135925063,3.625,3.625,16,5,58.0,0.1208520141623497
832.0,3,17.0,0.5483870967741935,8.895445623536311,31,183.0,5.903225806451613,0.0,0.0,3,19.0,0.0,4.719603606946118,1.4615384615384617,1.4615384615384617,13,3,19.0,0.3010144908892411
840.0,9,28.0,0.8235294117647058,6.664722442768223,34,187.0,5.5,4.0,0.1176470588235294,9,38.0,19.0,1.34208565381815,2.235294117647059,2.235294117647059,17,9,38.0,0.0875671385938199
848.0,13,109.0,3.2058823529411766,6.899774782685104,34,236.0,6.941176470588236,49.0,1.4411764705882353,13,111.0,73.0,1.85236333367918,6.166666666666667,6.166666666666667,18,13,111.0,0.0944353414313672
856.0,8,41.0,1.28125,6.369960446290355,32,283.0,8.84375,47.0,1.46875,8,131.0,20.0,1.3599656179691464,8.1875,8.1875,16,8,131.0,0.092574376900516
864.0,10,44.0,1.6923076923076923,5.302883676638651,26,279.0,10.73076923076923,0.0,0.0,10,172.0,41.0,0.3733266375878778,11.466666666666669,11.466666666666669,15,10,172.0,0.0266847488532146
872.0,14,117.0,5.318181818181818,4.483533134593743,22,339.0,15.409090909090908,60.0,2.727272727272727,14,259.0,87.0,1.1323794938319032,16.1875,16.1875,16,14,259.0,0.0576081967262409
880.0,6,83.0,4.15,6.473445308661027,20,422.0,21.1,83.0,4.15,6,219.0,0.0,2.2916741340735824,19.90909090909091,19.90909090909091,11,6,219.0,0.1590978978032642
888.0,2,22.0,1.2941176470588236,8.737911243341472,17,352.0,20.705882352941178,0.0,0.0,2,102.0,0.0,4.145426928266982,12.75,12.75,8,2,102.0,0.2750457614183115
896.0,0,0.0,0.0,9.246917816979638,20,283.0,14.15,0.0,0.0,0,25.0,0.0,7.082441075617962,2.083333333333333,2.083333333333333,12,0,25.0,0.4470125374274011
904.0,5,11.0,0.5,6.234493554141758,22,191.0,8.681818181818182,0.0,0.0,5,13.0,0.0,4.3401963901596,1.0,1.0,13,5,13.0,0.2848492101354739
912.0,9,49.0,2.227272727272727,4.973921708829096,22,137.0,6.227272727272728,0.0,0.0,9,53.0,40.0,2.250245685833482,3.3125,3.3125,16,9,53.0,0.1643439429920672
920.0,15,137.0,6.523809523809524,2.835423886003162,21,146.0,6.9523809523809526,9.0,0.4285714285714285,15,146.0,93.0,1.1168972763050429,8.11111111111111,8.11111111111111,18,15,146.0,0.0828363162329566
928.0,12,184.0,8.363636363636363,3.0923499905185405,22,260.0,11.818181818181818,114.0,5.181818181818182,12,231.0,85.0,0.408945649612555,15.4,15.4,15,12,231.0,0.0281515746451627
936.0,5,161.0,7.318181818181818,6.339153578633676,22,309.0,14.045454545454543,49.0,2.227272727272727,5,230.0,0.0,2.6366214699640644,16.428571428571427,16.428571428571427,14,5,230.0,0.1865692784805684
944.0,7,20.0,0.8695652173913043,5.459803973727005,23,295.0,12.826086956521738,0.0,0.0,7,82.0,0.0,2.948982037664265,5.466666666666667,5.466666666666667,15,7,82.0,0.2114088249190064
952.0,4,12.0,0.6,5.306220437226164,20,165.0,8.25,0.0,0.0,4,95.0,13.0,4.776996013016412,5.588235294117647,5.588235294117647,17,4,95.0,0.3336288929984099
960.0,3,7.0,0.3043478260869565,6.287060715851863,23,168.0,7.304347826086956,3.0,0.1304347826086956,3,90.0,0.0,5.421664345818045,5.0,5.0,18,3,90.0,0.3553008037133158
968.0,11,28.0,1.0,4.570877519165228,28,192.0,6.857142857142857,24.0,0.8571428571428571,9,120.0,30.0,3.5467724638602864,5.217391304347826,5.217391304347826,23,9,120.0,0.2367359648348911
976.0,13,75.0,2.419354838709677,4.533422836299015,31,267.0,8.612903225806452,75.0,2.419354838709677,13,166.0,46.0,3.710389136701356,6.148148148148148,6.148148148148148,27,13,166.0,0.2547056009610757
984.0,11,104.0,3.466666666666667,5.166485581764079,30,247.0,8.233333333333333,0.0,0.0,9,209.0,43.0,4.787559005334494,8.36,8.36,25,9,209.0,0.3295083514137923
992.0,5,15.0,0.4838709677419355,5.94779078930334,31,312.0,10.064516129032258,65.0,2.096774193548387,5,194.0,0.0,4.97624718824062,7.76,7.76,25,5,194.0,0.3339461166857064
1000.0,7,51.0,1.8888888888888888,7.735117115163878,27,241.0,8.925925925925926,0.0,0.0,7,170.0,0.0,5.179371725817933,9.444444444444445,9.444444444444445,18,7,170.0,0.346426355604511
1008.0,7,51.0,2.55,3.655913327726704,20,239.0,11.95,0.0,0.0,7,158.0,0.0,2.7996875310102074,9.294117647058824,9.294117647058824,17,7,158.0,0.2052114382906826
1016.0,7,44.0,2.2,4.850394571020042,20,211.0,10.55,0.0,0.0,5,69.0,0.0,3.6370917598231856,5.307692307692308,5.307692307692308,13,5,69.0,0.2634407489518647
1024.0,3,6.0,0.25,6.0707551738006265,24,187.0,7.791666666666667,0.0,0.0,3,46.0,0.0,5.467272682451807,3.5384615384615383,3.5384615384615383,13,3,46.0,0.3682595636187417
1032.0,5,31.0,1.2916666666666667,9.831241889073402,24,104.0,4.333333333333333,0.0,0.0,3,60.0,14.0,8.234711101807875,5.0,5.0,12,3,60.0,0.5242815119031964
1040.0,3,7.0,0.35,7.57914840041159,20,97.0,4.85,0.0,0.0,2,6.0,0.0,7.332596164163717,0.4615384615384615,0.4615384615384615,13,2,6.0,0.44595637441134
1048.0,6,26.0,1.0833333333333333,6.736816250569824,24,72.0,3.0,0.0,0.0,6,26.0,20.0,5.600814254111518,1.368421052631579,1.368421052631579,19,6,26.0,0.3689419637478092
1056.0,5,10.0,0.4166666666666667,5.522341400450389,24,62.0,2.583333333333333,0.0,0.0,5,21.0,0.0,4.563212973318829,1.105263157894737,1.105263157894737,19,5,21.0,0.2954870165649376
1064.0,7,48.0,1.7777777777777777,8.511249304921675,27,60.0,2.2222222222222223,0.0,0.0,7,48.0,27.0,6.44543763361231,2.526315789473684,2.526315789473684,19,7,48.0,0.430738613468809
1072.0,8,93.0,3.875,7.48115046698837,24,93.0,3.875,33.0,1.375,8,93.0,45.0,6.584617348059373,4.428571428571429,4.428571428571429,21,8,93.0,0.4490183622204837
1080.0,4,17.0,0.6538461538461539,6.982943860849665,26,131.0,5.038461538461538,38.0,1.4615384615384617,4,44.0,0.0,7.096154389977142,2.095238095238096,2.095238095238096,21,4,44.0,0.4749905639316469
1088.0,7,66.0,2.64,8.299868106119057,25,114.0,4.56,0.0,0.0,6,58.0,14.0,6.427349250595302,3.2222222222222223,3.2222222222222223,18,6,58.0,0.4446473432362609
1096.0,11,123.0,5.3478260869565215,4.757408442695845,23,155.0,6.739130434782608,41.0,1.7826086956521738,11,123.0,65.0,3.862069793260402,5.857142857142857,5.857142857142857,21,11,123.0,0.2736898718792271
1104.0,7,23.0,0.8846153846153846,4.931073246689749,26,196.0,7.538461538461538,41.0,1.5769230769230769,7,101.0,0.0,4.168206909108268,4.809523809523809,4.809523809523809,21,7,101.0,0.2614676988203879
1112.0,7,49.0,1.8846153846153848,7.561011053186937,26,140.0,5.384615384615385,0.0,0.0,7,49.0,0.0,5.18726470978122,3.0625,3.0625,16,7,49.0,0.2866136568937169
1120.0,13,118.0,5.130434782608695,3.674886764075087,23,139.0,6.043478260869565,0.0,0.0,13,118.0,69.0,2.893222399093429,5.9,5.9,20,13,118.0,0.1810445041468856
1128.0,8,146.0,5.407407407407407,4.439519596786839,27,212.0,7.851851851851852,73.0,2.703703703703704,7,169.0,51.0,2.9949873373525087,8.45,8.45,20,7,169.0,0.1673875974385392
1136.0,11,210.0,7.0,6.923594547667531,30,233.0,7.766666666666667,21.0,0.7,9,209.0,40.0,5.065676792848538,11.61111111111111,11.61111111111111,18,9,209.0,0.3117946987684633
1144.0,10,280.0,10.76923076923077,7.246828618894956,26,296.0,11.384615384615383,63.0,2.423076923076923,9,272.0,63.0,6.192347915500508,15.11111111111111,15.11111111111111,18,9,272.0,0.3994900394496281
1152.0,9,336.0,14.608695652173912,6.362193711616447,23,344.0,14.956521739130435,48.0,2.0869565217391304,9,336.0,64.0,5.282434850832466,19.764705882352946,19.764705882352946,17,9,336.0,0.3645919331808681
1160.0,1,4.0,0.2,7.277800964970065,20,391.0,19.55,47.0,2.35,1,165.0,0.0,5.898638346850694,12.692307692307692,12.692307692307692,13,1,165.0,0.4163600121020877
1168.0,3,15.0,0.7894736842105263,9.762212369021356,19,237.0,12.473684210526317,0.0,0.0,2,12.0,0.0,7.41323947655322,1.5,1.5,8,2,12.0,0.524268486873056
1176.0,3,34.0,2.6153846153846154,9.378481603113062,13,66.0,5.076923076923077,0.0,0.0,1,20.0,8.0,10.42693011553988,4.0,4.0,5,1,20.0,0.737053867822075
1184.0,3,8.0,0.5333333333333333,7.564264767795377,15,74.0,4.933333333333334,8.0,0.5333333333333333,3,8.0,0.0,4.258678756250543,0.8888888888888888,0.8888888888888888,9,3,8.0,0.3355591876818026
1192.0,1,1.0,0.0588235294117647,8.449747292757948,17,21.0,1.2352941176470589,0.0,0.0,0,5.0,0.0,8.24048436123105,0.5,0.5,10,0,5.0,0.5800703683647651
1200.0,2,3.0,0.2,8.7085023783831,15,10.0,0.6666666666666666,0.0,0.0,2,3.0,0.0,7.597202320620212,0.3,0.3,10,2,3.0,0.5513843953536861
1208.0,0,0.0,0.0,10.93194553702766,13,8.0,0.6153846153846154,0.0,0.0,0,0.0,0.0,11.111969256053587,0.0,0.0,9,0,0.0,0.8294824425630747
1216.0,2,0.0,0.0,7.95737627405932,12,0.0,0.0,0.0,0.0,2,0.0,0.0,7.957376274059318,0.0,0.0,12,2,0.0,0.5919871613838354
1224.0,1,5.0,0.4166666666666667,10.140671001443536,12,10.0,0.8333333333333334,10.0,0.8333333333333334,1,5.0,5.0,10.52178637234094,0.625,0.625,8,1,5.0,0.7206110514342494
1232.0,4,21.0,1.3125,5.820499721916168,16,22.0,1.375,12.0,0.75,4,22.0,17.0,5.820499721916168,1.375,1.375,16,4,22.0,0.365536346694751
1240.0,6,36.0,1.5,6.874363187465556,24,59.0,2.458333333333333,37.0,1.5416666666666667,6,36.0,14.0,6.806684993482508,2.0,2.0,18,6,36.0,0.4509880179442196
1248.0,3,25.0,0.925925925925926,9.83482582423408,27,69.0,2.555555555555556,10.0,0.3703703703703703,3,39.0,3.0,8.294633725599114,2.1666666666666665,2.1666666666666665,18,3,39.0,0.539927519147403
1256.0,5,39.0,1.6956521739130437,7.081146710433409,23,70.0,3.0434782608695654,1.0,0.0434782608695652,5,53.0,14.0,6.431555646516012,2.789473684210526,2.789473684210526,19,5,53.0,0.4233504274516772
1264.0,5,30.0,1.3043478260869563,6.31589873897685,23,102.0,4.434782608695652,32.0,1.391304347826087,5,39.0,0.0,5.604451979963909,2.1666666666666665,2.1666666666666665,18,5,39.0,0.3638395494091639
1272.0,12,92.0,3.8333333333333335,5.287621940314684,24,104.0,4.333333333333333,2.0,0.0833333333333333,12,92.0,53.0,2.3321651887326538,4.842105263157895,4.842105263157895,19,12,92.0,0.1410802186391878
1280.0,12,162.0,6.230769230769231,4.107347822547301,26,180.0,6.923076923076923,76.0,2.923076923076923,12,162.0,70.0,2.9075866567650444,7.714285714285714,7.714285714285714,21,12,162.0,0.187450488222898
1288.0,6,37.0,1.2758620689655171,6.082838871172605,29,244.0,8.413793103448276,64.0,2.206896551724138,6,140.0,0.0,5.324015884898095,5.833333333333333,5.833333333333333,24,6,140.0,0.3298649972925728
1296.0,0,0.0,0.0,9.832040919222091,30,167.0,5.566666666666666,0.0,0.0,0,23.0,0.0,8.307976826482562,1.0952380952380951,1.0952380952380951,21,0,23.0,0.5395330857812259
1304.0,5,15.0,0.625,8.317947148752923,24,38.0,1.5833333333333333,0.0,0.0,5,20.0,0.0,7.849925127613193,1.0,1.0,20,5,20.0,0.5302692061002136
1312.0,5,29.0,1.380952380952381,8.239282939541559,21,59.0,2.8095238095238093,21.0,1.0,5,29.0,9.0,7.389193040751238,1.9333333333333331,1.9333333333333331,15,5,29.0,0.5210253197429054
1320.0,0,0.0,0.0,8.461774154520894,18,48.0,2.6666666666666665,0.0,0.0,0,0.0,0.0,8.921365252584605,0.0,0.0,11,0,0.0,0.6219705902830112
1328.0,7,25.0,1.3157894736842106,6.35573701567071,19,49.0,2.5789473684210527,1.0,0.0526315789473684,7,25.0,25.0,4.533483819045136,1.6666666666666667,1.6666666666666667,15,7,25.0,0.3277900070742782
1336.0,1,0.0,0.0,8.50978404122207,24,81.0,3.375,32.0,1.3333333333333333,1,20.0,0.0,7.057030184394297,1.4285714285714286,1.4285714285714286,14,1,20.0,0.4981977936819972
1344.0,1,2.0,0.074074074074074,11.115758792448586,27,56.0,2.074074074074074,0.0,0.0,0,1.0,0.0,9.346901125835396,0.0714285714285714,0.0714285714285714,14,0,1.0,0.6263646530810147
1352.0,2,6.0,0.24,10.421224588811825,25,16.0,0.64,0.0,0.0,2,7.0,6.0,9.37478579326399,0.4375,0.4375,16,2,7.0,0.6305732863777812
1360.0,3,25.0,1.1904761904761905,10.318701591569004,21,32.0,1.5238095238095235,16.0,0.7619047619047619,3,26.0,19.0,9.200802643550096,1.7333333333333334,1.7333333333333334,15,3,26.0,0.6239245009556101
1368.0,6,47.0,2.238095238095238,6.183184254363526,21,54.0,2.571428571428572,22.0,1.0476190476190477,6,48.0,22.0,5.312570364573162,2.823529411764706,2.823529411764706,17,6,48.0,0.3677946175044578
1376.0,7,15.0,0.5172413793103449,6.176270161351462,29,90.0,3.103448275862069,36.0,1.2413793103448276,6,37.0,0.0,5.404085139868083,1.761904761904762,1.761904761904762,21,6,37.0,0.368310025341361
1384.0,8,28.0,0.7368421052631579,7.565175193909944,38,89.0,2.3421052631578947,0.0,0.0,6,40.0,3.0,6.5010133848256775,1.5384615384615383,1.5384615384615383,26,6,40.0,0.4256835699429654
1392.0,4,12.0,0.2926829268292683,7.318174235569502,41,101.0,2.463414634146341,12.0,0.2926829268292683,4,30.0,0.0,6.713553894304659,1.1111111111111112,1.1111111111111112,27,4,30.0,0.4518236384431813
1400.0,12,40.0,0.9523809523809524,5.765282003094853,42,127.0,3.023809523809524,26.0,0.6190476190476191,11,66.0,36.0,4.277643110819666,2.2758620689655173,2.2758620689655173,29,11,66.0,0.2950444748983058
1408.0,10,76.0,1.7674418604651163,5.924029724095041,43,159.0,3.697674418604651,32.0,0.7441860465116279,10,109.0,43.0,3.7082824140414976,3.7586206896551726,3.7586206896551726,29,10,109.0,0.2348379582527681
1416.0,15,133.0,3.022727272727273,5.994622962042178,44,243.0,5.5227272727272725,84.0,1.9090909090909087,15,170.0,61.0,3.882796306418983,5.483870967741935,5.483870967741935,31,15,170.0,0.2635210530081367
1424.0,6,101.0,2.2954545454545454,6.023218352231132,44,279.0,6.340909090909091,36.0,0.8181818181818182,6,175.0,5.0,3.4412593251926777,6.0344827586206895,6.0344827586206895,29,6,175.0,0.2178981230882848
1432.0,21,205.0,4.880952380952381,4.239054067746326,42,321.0,7.642857142857143,42.0,1.0,21,279.0,104.0,2.2645506176522425,8.205882352941176,8.205882352941176,34,21,279.0,0.1449401071485188
1440.0,18,297.0,6.6,4.718502108911545,45,477.0,10.6,156.0,3.466666666666667,18,385.0,106.0,3.207823276944403,11.0,11.0,35,18,385.0,0.2012844575867863
1448.0,17,417.0,9.065217391304348,6.732427078500522,46,527.0,11.456521739130435,50.0,1.0869565217391304,16,455.0,70.0,4.887701819804961,13.787878787878787,13.787878787878787,33,16,455.0,0.3038629495760828
1456.0,18,553.0,13.825,6.137875548001942,40,602.0,15.05,75.0,1.875,17,582.0,127.0,3.804869554629223,18.774193548387096,18.774193548387096,31,17,582.0,0.2563630535447185
1464.0,14,246.0,6.15,5.229426996720884,40,723.0,18.075,121.0,3.025,13,452.0,0.0,3.7307571971020232,16.142857142857142,16.142857142857142,28,13,452.0,0.2638809108812783
1472.0,13,76.0,1.809523809523809,6.820542031783303,42,578.0,13.761904761904765,0.0,0.0,12,293.0,0.0,4.572628421484866,9.766666666666667,9.766666666666667,30,12,293.0,0.3216174979598681
1480.0,5,8.0,0.1818181818181818,6.832974657812912,44,387.0,8.795454545454545,0.0,0.0,4,249.0,0.0,5.097418397276107,8.586206896551724,8.586206896551724,29,4,249.0,0.3367159706333248
1488.0,11,67.0,1.5227272727272727,7.834056982789918,44,399.0,9.068181818181818,12.0,0.2727272727272727,10,302.0,53.0,5.559103224269725,10.066666666666666,10.066666666666666,30,10,302.0,0.3711379638762499
1496.0,13,78.0,1.625,5.979692674753232,48,387.0,8.0625,0.0,0.0,12,281.0,0.0,4.14346494740678,8.264705882352942,8.264705882352942,34,12,281.0,0.2752430288901582
1504.0,12,58.0,1.0545454545454545,7.0901420330307285,55,371.0,6.745454545454545,0.0,0.0,12,160.0,0.0,4.645879683035687,4.324324324324325,4.324324324324325,37,12,160.0,0.3126559387619331
1512.0,15,76.0,1.3571428571428572,5.748785776261647,56,258.0,4.607142857142857,0.0,0.0,14,228.0,68.0,3.7533700791889273,5.560975609756097,5.560975609756097,41,14,228.0,0.2593710483770974
1520.0,17,139.0,2.278688524590164,5.497399841860807,61,358.0,5.868852459016393,100.0,1.639344262295082,16,268.0,40.0,3.7752703192743406,5.826086956521739,5.826086956521739,46,16,268.0,0.2628834779783751
1528.0,21,263.0,4.109375,5.760920095121557,64,435.0,6.796875,77.0,1.203125,21,340.0,72.0,3.4586236629315046,7.23404255319149,7.23404255319149,47,21,340.0,0.2432724811615048
1536.0,13,85.0,1.3492063492063493,5.829879137062369,63,508.0,8.063492063492063,73.0,1.1587301587301588,13,267.0,0.0,3.8665384201185935,5.933333333333334,5.933333333333334,45,13,267.0,0.2727042588309711
1544.0,13,85.0,1.3492063492063493,7.350375664008982,63,444.0,7.047619047619048,0.0,0.0,10,204.0,0.0,4.792762572023813,5.1,5.1,40,10,204.0,0.331550676131598
1552.0,17,95.0,1.484375,5.630298479109144,64,503.0,7.859375,59.0,0.921875,17,257.0,53.0,3.5981316600160804,5.468085106382978,5.468085106382978,47,17,257.0,0.2422264365876461
1560.0,24,180.0,2.608695652173913,6.352334836652209,69,601.0,8.710144927536232,98.0,1.420289855072464,24,335.0,78.0,3.1531631779702343,7.282608695652174,7.282608695652174,46,24,335.0,0.2270438336328293
1568.0,17,125.0,1.893939393939394,5.469491399640553,66,591.0,8.954545454545455,0.0,0.0,17,377.0,42.0,3.557465620413054,7.693877551020408,7.693877551020408,49,17,377.0,0.2528776331653041
1576.0,24,140.0,2.2222222222222223,5.114889044708103,63,662.0,10.507936507936508,71.0,1.126984126984127,20,359.0,0.0,3.705281951037988,7.479166666666667,7.479166666666667,48,20,359.0,0.2594929068012079
1584.0,25,186.0,2.90625,4.339004731505417,64,838.0,13.09375,176.0,2.75,25,471.0,112.0,2.5873501246801265,9.42,9.42,50,25,471.0,0.1750302336149454
1592.0,21,120.0,1.875,5.487469458029108,64,935.0,14.609375,97.0,1.515625,21,455.0,0.0,2.9554663651396185,10.340909090909092,10.340909090909092,44,21,455.0,0.21218854182499
1600.0,19,96.0,1.6551724137931034,4.508280770928728,58,895.0,15.43103448275862,0.0,0.0,19,475.0,20.0,2.123298451211205,11.30952380952381,11.30952380952381,42,19,475.0,0.1404773681468769
1608.0,18,84.0,1.5,4.2683357873791055,56,941.0,16.803571428571427,46.0,0.8214285714285714,17,492.0,17.0,1.3244663443343845,12.947368421052632,12.947368421052632,38,17,492.0,0.090741723407289
1616.0,7,21.0,0.3888888888888889,5.012726365283443,54,861.0,15.944444444444445,0.0,0.0,7,442.0,0.0,2.284591723647059,11.63157894736842,11.63157894736842,38,7,442.0,0.1568658700643335
1624.0,20,103.0,2.06,5.132267354642314,50,871.0,17.42,10.0,0.2,18,390.0,0.0,2.9316074595343227,11.470588235294118,11.470588235294118,34,18,390.0,0.1997888210930208
1632.0,22,271.0,5.76595744680851,5.725576046550663,47,946.0,20.127659574468087,75.0,1.5957446808510638,18,453.0,63.0,3.333619291995245,15.1,15.1,30,18,453.0,0.2187703319814537
1640.0,16,129.0,2.58,5.304020135596233,50,1040.0,20.8,94.0,1.88,15,482.0,29.0,1.880265095760032,15.548387096774194,15.548387096774194,31,15,482.0,0.1177814926405742
1648.0,12,61.0,1.22,6.552580964950477,50,884.0,17.68,0.0,0.0,11,328.0,0.0,2.7900080430072336,11.310344827586206,11.310344827586206,29,11,328.0,0.1887000247618373
1656.0,15,78.0,1.6956521739130437,5.705565450645215,46,644.0,14.0,0.0,0.0,14,358.0,30.0,3.113478767132238,11.548387096774194,11.548387096774194,31,14,358.0,0.2087885170193126
1664.0,10,54.0,1.0588235294117647,6.272397083569301,51,629.0,12.333333333333334,0.0,0.0,10,326.0,0.0,3.877443297587187,9.588235294117649,9.588235294117649,34,10,326.0,0.2552254999511832
1672.0,14,118.0,2.4081632653061225,7.028853152696024,49,457.0,9.326530612244898,0.0,0.0,14,266.0,0.0,4.364565872772179,8.06060606060606,8.06060606060606,33,14,266.0,0.294911972133082
1680.0,13,72.0,1.565217391304348,5.706317738429088,46,446.0,9.695652173913045,0.0,0.0,13,215.0,0.0,4.268552708171798,6.515151515151516,6.515151515151516,33,13,215.0,0.2777727579083672
1688.0,12,75.0,1.6666666666666667,6.497620495515488,45,459.0,10.2,13.0,0.2888888888888888,8,165.0,0.0,5.130184998283469,5.892857142857143,5.892857142857143,28,8,165.0,0.333372186484874
1696.0,18,167.0,3.883720930232558,6.786019164827768,43,552.0,12.83720930232558,93.0,2.1627906976744184,14,161.0,0.0,4.085333882978656,6.1923076923076925,6.1923076923076925,26,14,161.0,0.2710576388833592
1704.0,9,42.0,0.9545454545454546,6.418581704870553,44,610.0,13.863636363636363,58.0,1.318181818181818,9,211.0,50.0,2.5946794223797625,8.115384615384615,8.115384615384615,26,9,211.0,0.1603063917709746
1712.0,14,82.0,1.8222222222222224,6.218823308222078,45,536.0,11.911111111111111,0.0,0.0,14,183.0,0.0,2.069773718495564,7.32,7.32,25,14,183.0,0.1318292045496817
1720.0,11,64.0,1.4883720930232558,6.142154269436153,43,462.0,10.744186046511627,0.0,0.0,11,183.0,0.0,3.4989534934377367,6.777777777777778,6.777777777777778,27,11,183.0,0.2223368726279849
1728.0,11,25.0,0.5555555555555556,6.0902037981538415,45,402.0,8.933333333333334,0.0,0.0,10,173.0,0.0,3.531628049346024,6.407407407407407,6.407407407407407,27,10,173.0,0.2406881748534586
1736.0,11,73.0,1.738095238095238,5.533620579627946,42,395.0,9.404761904761903,0.0,0.0,11,190.0,17.0,3.4366997251212137,6.333333333333333,6.333333333333333,30,11,190.0,0.2348469510139537
1744.0,17,176.0,4.093023255813954,5.733571763293411,43,500.0,11.627906976744184,105.0,2.441860465116279,17,290.0,100.0,3.228032426523532,10.0,10.0,29,17,290.0,0.22952186080467
1752.0,18,187.0,5.054054054054054,4.660990366811651,37,564.0,15.243243243243244,64.0,1.7297297297297298,18,298.0,8.0,2.039092545026512,11.92,11.92,25,18,298.0,0.1394082468726568
1760.0,15,172.0,4.648648648648648,5.218736976202997,37,653.0,17.64864864864865,89.0,2.4054054054054053,13,290.0,0.0,2.239473948467577,12.083333333333334,12.083333333333334,24,13,290.0,0.1466579842334133
1768.0,3,5.0,0.1136363636363636,7.459283088581094,44,687.0,15.613636363636363,34.0,0.7727272727272727,3,213.0,0.0,4.403878116932383,9.681818181818182,9.681818181818182,22,3,213.0,0.2909063212995125
1776.0,7,43.0,0.9772727272727272,9.04574039954323,44,664.0,15.090909090909092,0.0,0.0,6,219.0,6.0,5.7942294090364,10.428571428571429,10.428571428571429,21,6,219.0,0.3841265830452574
1784.0,6,37.0,0.902439024390244,7.993078748220369,41,484.0,11.804878048780488,0.0,0.0,6,211.0,0.0,5.688619144264397,8.791666666666666,8.791666666666666,24,6,211.0,0.3760287000040161
1792.0,10,28.0,0.717948717948718,7.032382488865382,39,414.0,10.615384615384617,0.0,0.0,9,235.0,24.0,3.818409542157629,11.19047619047619,11.19047619047619,21,9,235.0,0.2635599192232248
1800.0,5,20.0,0.5555555555555556,7.44215325965499,36,414.0,11.5,0.0,0.0,5,205.0,0.0,4.284252518507709,10.789473684210526,10.789473684210526,19,5,205.0,0.2954735917053557
1808.0,4,14.0,0.4242424242424242,8.984596878959437,33,396.0,12.0,0.0,0.0,2,47.0,0.0,5.473864766249516,3.1333333333333333,3.1333333333333333,15,2,47.0,0.3380323815723118
1816.0,7,19.0,0.6551724137931034,7.152710330119709,29,320.0,11.03448275862069,0.0,0.0,7,64.0,17.0,2.5460923049216904,4.266666666666667,4.266666666666667,15,7,64.0,0.151811539238437
1824.0,5,17.0,0.6538461538461539,6.543193241512139,26,370.0,14.23076923076923,50.0,1.9230769230769231,5,55.0,0.0,2.4941427317943936,3.928571428571429,3.928571428571429,14,5,55.0,0.1301432232874709
1832.0,1,15.0,0.7142857142857143,10.017050182027656,21,195.0,9.285714285714286,0.0,0.0,1,19.0,0.0,5.844458218968503,2.375,2.375,8,1,19.0,0.3181480080957191
1840.0,1,23.0,1.3529411764705883,9.723693017411364,17,80.0,4.705882352941177,0.0,0.0,1,23.0,4.0,6.767295640664834,2.875,2.875,8,1,23.0,0.4143512974799621
1848.0,2,35.0,1.75,10.418634838596969,20,88.0,4.4,8.0,0.4,2,37.0,14.0,8.088913473090717,3.7,3.7,10,2,37.0,0.4923617039692011
1856.0,1,1.0,0.05,10.197658657606196,20,55.0,2.75,0.0,0.0,1,4.0,0.0,8.980750372014231,0.3636363636363636,0.3636363636363636,11,1,4.0,0.5894693509374517
1864.0,2,4.0,0.2,8.569275328089365,20,23.0,1.15,0.0,0.0,2,6.0,2.0,7.280439199708942,0.5454545454545454,0.5454545454545454,11,2,6.0,0.4600053557670503
1872.0,3,12.0,0.6666666666666666,6.964430813549967,18,33.0,1.8333333333333333,10.0,0.5555555555555556,3,13.0,7.0,3.8717321461374894,1.181818181818182,1.181818181818182,11,3,13.0,0.2298695710015188
1880.0,3,6.0,0.3529411764705882,5.4623602158024696,17,61.0,3.588235294117647,28.0,1.6470588235294117,3,20.0,7.0,1.908974931834546,2.0,2.0,10,3,20.0,0.111809997063202
1888.0,4,6.0,0.3529411764705882,6.811841871569976,17,38.0,2.235294117647059,0.0,0.0,4,20.0,0.0,3.4787817976055906,1.818181818181818,1.818181818181818,11,4,20.0,0.2392306941136499
1896.0,3,4.0,0.2666666666666666,5.344034144217762,15,51.0,3.4,13.0,0.8666666666666667,3,22.0,2.0,3.625739421714309,2.0,2.0,11,3,22.0,0.2599017525807398
1904.0,4,11.0,0.8461538461538461,5.027116508776592,13,39.0,3.0,0.0,0.0,4,31.0,9.0,4.044255759015996,3.1,3.1,10,4,31.0,0.3030805538440807
1912.0,5,49.0,3.5,6.173504177555001,14,69.0,4.928571428571429,30.0,2.142857142857143,5,69.0,38.0,3.689212614310872,7.666666666666667,7.666666666666667,9,5,69.0,0.2722944410323441
1920.0,3,6.0,0.3157894736842105,5.61361018815534,19,102.0,5.368421052631579,33.0,1.736842105263158,3,55.0,0.0,4.052717547727707,4.230769230769231,4.230769230769231,13,3,55.0,0.2827161272108919
1928.0,4,10.0,0.4761904761904761,6.89033214451058,21,69.0,3.2857142857142856,0.0,0.0,4,63.0,8.0,6.212518006180123,4.846153846153846,4.846153846153846,13,4,63.0,0.4375385537375449
1936.0,4,9.0,0.4736842105263157,8.42678829246527,19,95.0,5.0,26.0,1.368421052631579,4,43.0,0.0,5.870698428546615,3.583333333333333,3.583333333333333,12,4,43.0,0.405389063572283
1944.0,5,18.0,1.125,6.288736879124124,16,65.0,4.0625,0.0,0.0,5,58.0,15.0,5.591254690288385,4.833333333333333,4.833333333333333,12,5,58.0,0.3909534331272516
1952.0,4,5.0,0.3125,4.20351111689552,16,91.0,5.6875,26.0,1.625,3,38.0,0.0,2.704995362848199,3.8,3.8,10,3,38.0,0.1500251080997638
1960.0,4,33.0,2.0625,6.464763286176117,16,67.0,4.1875,0.0,0.0,4,33.0,0.0,4.100236232794716,4.125,4.125,8,4,33.0,0.2486370931678506
1968.0,3,2.0,0.1111111111111111,6.309211409283653,18,79.0,4.388888888888889,12.0,0.6666666666666666,3,15.0,0.0,2.944175729973069,2.5,2.5,6,3,15.0,0.1938773129364784
1976.0,3,11.0,0.6470588235294118,7.559682343924995,17,57.0,3.3529411764705883,0.0,0.0,2,9.0,0.0,3.1330325624908637,1.5,1.5,6,2,9.0,0.1875398080926861
1984.0,2,4.0,0.25,8.296216587753289,16,44.0,2.75,0.0,0.0,2,4.0,0.0,4.842249792353454,0.5,0.5,8,2,4.0,0.2703915395368076
1992.0,2,18.0,0.9473684210526316,8.719907080673327,19,41.0,2.1578947368421053,0.0,0.0,2,19.0,15.0,5.594039009983477,1.9,1.9,10,2,19.0,0.3531475605857403
2000.0,4,17.0,0.8947368421052632,8.552526650214844,19,61.0,3.210526315789474,20.0,1.0526315789473684,4,17.0,0.0,3.728385626749995,2.833333333333333,2.833333333333333,6,4,17.0,0.2687371417617752
2008.0,4,41.0,2.9285714285714284,9.167886540177289,14,62.0,4.428571428571429,1.0,0.0714285714285714,4,41.0,24.0,3.505410661948402,6.833333333333333,6.833333333333333,6,4,41.0,0.2367082390177523
2016.0,4,65.0,5.0,7.537827118802435,13,86.0,6.615384615384615,24.0,1.8461538461538465,4,65.0,24.0,0.0410505590691601,13.0,13.0,5,4,65.0,0.0021928201569942
2024.0,1,8.0,0.5714285714285714,8.979951128801673,14,95.0,6.785714285714286,9.0,0.6428571428571429,1,32.0,0.0,6.97968948723569,5.333333333333333,5.333333333333333,6,1,32.0,0.3334661154956781
2032.0,0,0.0,0.0,10.47662955734392,12,12.0,1.0,0.0,0.0,0,0.0,0.0,8.248809008835815,0.0,0.0,2,0,0.0,0.5762951041323009
2040.0,1,5.0,0.5555555555555556,10.471792625548227,9,6.0,0.6666666666666666,0.0,0.0,1,5.0,5.0,3.2087962678417647,1.6666666666666667,1.6666666666666667,3,1,5.0,0.2689642978554575
2048.0,1,2.0,0.3333333333333333,7.405634092635469,6,11.0,1.8333333333333333,5.0,0.8333333333333334,1,2.0,0.0,2.828398205394946,0.6666666666666666,0.6666666666666666,3,1,2.0,0.2224537940170359
2056.0,0,0.0,0.0,8.381896599154427,7,10.0,1.4285714285714286,0.0,0.0,0,0.0,0.0,5.384168294297221,0.0,0.0,3,0,0.0,0.3755052462655557
2064.0,0,0.0,0.0,9.155407287595272,9,5.0,0.5555555555555556,0.0,0.0,0,0.0,0.0,4.492412018360311,0.0,0.0,4,0,0.0,0.3076992770229319
2072.0,4,16.0,1.4545454545454546,4.798699249404698,11,21.0,1.9090909090909087,16.0,1.4545454545454546,4,16.0,16.0,1.899172846402696,2.2857142857142856,2.2857142857142856,7,4,16.0,0.1388870113766103
2080.0,1,0.0,0.0,6.64233536299675,19,39.0,2.0526315789473686,18.0,0.9473684210526316,1,4.0,0.0,5.095145121980456,0.3636363636363636,0.3636363636363636,11,1,4.0,0.3162848690207929
2088.0,4,13.0,0.5909090909090909,9.392759877423265,22,47.0,2.136363636363636,8.0,0.3636363636363636,4,14.0,10.0,6.9381729759286745,1.0,1.0,14,4,14.0,0.4270745468578057
2096.0,3,5.0,0.25,8.747832660775405,20,56.0,2.8,9.0,0.45,3,6.0,0.0,7.721109530736883,0.5454545454545454,0.5454545454545454,11,3,6.0,0.5212214765262302
2104.0,5,31.0,2.066666666666667,7.38534005770777,15,55.0,3.6666666666666665,0.0,0.0,5,31.0,25.0,6.106195354413636,2.583333333333333,2.583333333333333,12,5,31.0,0.4075567740526318
2112.0,0,0.0,0.0,8.636863734733842,14,53.0,3.7857142857142856,0.0,0.0,0,5.0,0.0,10.060216500739797,0.7142857142857143,0.7142857142857143,7,0,5.0,0.6963321199980782
2120.0,2,9.0,1.0,8.584216548940281,9,31.0,3.4444444444444446,0.0,0.0,2,9.0,4.0,4.2777977880791065,1.8,1.8,5,2,9.0,0.2695450679970851
2128.0,4,24.0,3.4285714285714284,5.434035026840976,7,42.0,6.0,11.0,1.5714285714285714,4,24.0,15.0,0.0089831440112138,6.0,6.0,4,4,24.0,0.0005555836480401
2152.0,0,0.0,0.0,9.242682977196704,5,14.0,2.8,0.0,0.0,0,0.0,0.0,10.944891226151958,0.0,0.0,1,0,0.0,0.7158156007226733
2160.0,1,1.0,0.1428571428571428,7.925881904362575,7,15.0,2.142857142857143,1.0,0.1428571428571428,1,1.0,1.0,6.646138044726469,0.3333333333333333,0.3333333333333333,3,1,1.0,0.4240423173842942
2168.0,1,0.0,0.0,7.40863581496608,10,5.0,0.5,0.0,0.0,1,0.0,0.0,6.255464997449829,0.0,0.0,5,1,0.0,0.3537748487146923
2176.0,0,0.0,0.0,9.36510612860797,6,0.0,0.0,0.0,0.0,0,0.0,0.0,8.971737733040273,0.0,0.0,3,0,0.0,0.4747686712882865
2184.0,3,11.0,2.2,3.1858617976151997,5,11.0,2.2,11.0,2.2,3,11.0,11.0,1.3310462867917283,2.75,2.75,4,3,11.0,0.0698131848603402
2192.0,2,27.0,3.375,6.48294735175492,8,27.0,3.375,16.0,2.0,2,27.0,16.0,5.8266667168249215,3.857142857142857,3.857142857142857,7,2,27.0,0.3249296309523952
2200.0,3,31.0,3.1,5.973730742248611,10,49.0,4.9,22.0,2.2,3,31.0,4.0,4.862817221491175,3.875,3.875,8,3,31.0,0.2950608264029781
2208.0,0,0.0,0.0,9.229742307443004,9,47.0,5.222222222222222,0.0,0.0,0,0.0,0.0,8.947046330084577,0.0,0.0,3,0,0.0,0.5551297454009188
2216.0,3,12.0,2.4,5.035330447174385,5,12.0,2.4,0.0,0.0,2,12.0,12.0,0.0,6.0,6.0,2,2,12.0,0.0
2224.0,2,28.0,4.0,6.5982151234543,7,28.0,4.0,16.0,2.2857142857142856,2,28.0,16.0,4.855534254864324,7.0,7.0,4,2,28.0,0.2712753307957849
2232.0,1,0.0,0.0,8.906095933838547,8,34.0,4.25,6.0,0.75,1,0.0,0.0,8.073759912487185,0.0,0.0,3,1,0.0,0.5440614267551237
2240.0,0,0.0,0.0,11.226989318681603,6,0.0,0.0,0.0,0.0,0,0.0,0.0,11.195989284412622,0.0,0.0,4,0,0.0,0.7660146908179777
2248.0,0,0.0,0.0,9.5589829395596,10,0.0,0.0,0.0,0.0,0,0.0,0.0,10.207038003857525,0.0,0.0,7,0,0.0,0.6609900185131785
2256.0,2,5.0,0.4166666666666667,8.773888824323672,12,5.0,0.4166666666666667,5.0,0.4166666666666667,1,4.0,4.0,10.005679063056958,0.5,0.5,8,1,4.0,0.6577345475654867
2264.0,1,1.0,0.0833333333333333,9.826369333382091,12,8.0,0.6666666666666666,3.0,0.25,1,1.0,0.0,9.88783513498428,0.1428571428571428,0.1428571428571428,7,1,1.0,0.6526294840644885
2272.0,1,7.0,0.6363636363636364,7.610448565326188,11,11.0,1.0,3.0,0.2727272727272727,1,7.0,6.0,6.397388520713706,0.875,0.875,8,1,7.0,0.3990140600969739
2280.0,4,26.0,2.0,5.470517266938732,13,28.0,2.1538461538461537,17.0,1.3076923076923077,4,26.0,19.0,5.014357249100113,2.888888888888889,2.888888888888889,9,4,26.0,0.3409248617963062
2288.0,2,2.0,0.125,5.715001727937499,16,43.0,2.6875,15.0,0.9375,2,9.0,0.0,4.718585329170502,1.0,1.0,9,2,9.0,0.3235301039685542
2296.0,3,9.0,0.5625,7.280384644700423,16,22.0,1.375,0.0,0.0,3,16.0,7.0,6.55121700382308,1.7777777777777777,1.7777777777777777,9,3,16.0,0.4721916993498071
2304.0,0,0.0,0.0,9.327184065517049,15,34.0,2.2666666666666666,12.0,0.8,0,12.0,0.0,8.78201505932905,1.2,1.2,10,0,12.0,0.6136810778711589
2312.0,1,6.0,0.3529411764705882,10.308007700110135,17,12.0,0.7058823529411765,0.0,0.0,1,6.0,0.0,10.23415791737531,0.75,0.75,8,1,6.0,0.6790979270762898
2320.0,4,19.0,1.4615384615384617,8.092353442770515,13,19.0,1.4615384615384617,7.0,0.5384615384615384,3,18.0,12.0,7.378763502732237,2.25,2.25,8,3,18.0,0.4756006271039458
2328.0,5,56.0,4.0,6.881540658276651,14,56.0,4.0,37.0,2.642857142857143,4,47.0,29.0,5.843894116664053,4.7,4.7,10,4,47.0,0.4195263754727973
2336.0,8,93.0,5.470588235294118,5.245521909733229,17,102.0,6.0,46.0,2.7058823529411766,8,93.0,46.0,4.379372532676645,6.2,6.2,15,8,93.0,0.3181403206886108
2344.0,1,1.0,0.0454545454545454,7.726222566056776,22,125.0,5.681818181818182,23.0,1.0454545454545454,0,26.0,0.0,7.922459389790547,2.363636363636364,2.363636363636364,11,0,26.0,0.5690711490389725
2352.0,5,23.0,1.0454545454545454,6.885629554559968,22,33.0,1.5,0.0,0.0,3,11.0,0.0,4.047902009538436,0.9166666666666666,0.9166666666666666,12,3,11.0,0.2777466502484325
2360.0,9,35.0,1.6666666666666667,3.423551332300253,21,84.0,4.0,51.0,2.4285714285714284,8,55.0,44.0,2.866170993645872,3.235294117647059,3.235294117647059,17,8,55.0,0.1995626891489718
2368.0,2,5.0,0.217391304347826,5.692445084260842,23,111.0,4.826086956521739,27.0,1.173913043478261,2,61.0,6.0,4.822048259485276,3.8125,3.8125,16,2,61.0,0.3368405313863616
2376.0,4,7.0,0.3181818181818182,6.410830617960458,22,95.0,4.318181818181818,0.0,0.0,4,59.0,0.0,5.614732526843948,3.2777777777777777,3.2777777777777777,18,4,59.0,0.3831292075685786
2384.0,2,6.0,0.24,6.786384073668895,25,80.0,3.2,0.0,0.0,2,47.0,0.0,5.990789987576831,2.611111111111111,2.611111111111111,18,2,47.0,0.4185760676009658
2392.0,5,20.0,0.6666666666666666,6.797686970099269,30,89.0,2.966666666666667,9.0,0.3,5,47.0,0.0,5.027738079555664,2.0434782608695654,2.0434782608695654,23,5,47.0,0.3395694200939645
2400.0,9,53.0,1.606060606060606,5.92382173688455,33,89.0,2.696969696969697,0.0,0.0,8,56.0,9.0,5.475332864823915,2.333333333333333,2.333333333333333,24,8,56.0,0.358649596662428
2408.0,1,3.0,0.088235294117647,6.522569170383938,34,119.0,3.5,30.0,0.8823529411764706,1,27.0,0.0,5.84332632364486,1.125,1.125,24,1,27.0,0.3789631414999979
2416.0,11,51.0,1.59375,6.776234095295165,32,102.0,3.1875,0.0,0.0,8,45.0,18.0,4.7635256702557776,2.5,2.5,18,8,45.0,0.2995120997655181
2424.0,12,112.0,4.148148148148148,4.293538323354373,27,167.0,6.185185185185185,65.0,2.4074074074074074,12,117.0,72.0,2.9272827919659785,5.571428571428571,5.571428571428571,21,12,117.0,0.184246269087368
2432.0,9,38.0,1.1176470588235294,5.124337694616796,34,243.0,7.147058823529412,76.0,2.235294117647059,8,98.0,0.0,3.4992059448344826,4.260869565217392,4.260869565217392,23,8,98.0,0.2143009206219633
2440.0,12,113.0,3.138888888888889,4.684126240355291,36,282.0,7.833333333333333,39.0,1.0833333333333333,12,159.0,61.0,2.76446587235296,5.888888888888889,5.888888888888889,27,12,159.0,0.1900211992782769
2448.0,16,230.0,5.609756097560975,5.947360917926642,41,294.0,7.170731707317073,12.0,0.2926829268292683,16,235.0,76.0,3.8340105172524654,8.10344827586207,8.10344827586207,29,16,235.0,0.2696976608375648
2456.0,18,313.0,7.27906976744186,5.238754292815784,43,378.0,8.790697674418604,84.0,1.9534883720930232,18,314.0,79.0,4.240155059499065,10.129032258064516,10.129032258064516,31,18,314.0,0.300495835705764
2464.0,13,95.0,2.2093023255813957,4.51493419825618,43,439.0,10.209302325581396,61.0,1.4186046511627908,11,231.0,0.0,3.5925300224628094,7.9655172413793105,7.9655172413793105,29,11,231.0,0.2469607924026034
2472.0,10,36.0,0.8780487804878049,4.3417665941370185,41,346.0,8.439024390243903,0.0,0.0,9,275.0,44.0,3.859177942600121,9.166666666666666,9.166666666666666,30,9,275.0,0.2618844911775967
2480.0,14,41.0,0.9318181818181818,3.657055444631025,44,462.0,10.5,116.0,2.636363636363636,11,249.0,0.0,2.79909084253733,9.22222222222222,9.22222222222222,27,11,249.0,0.1849680598957741
2488.0,13,85.0,1.976744186046512,5.084803516050299,43,460.0,10.69767441860465,0.0,0.0,9,135.0,0.0,2.5484143108835804,6.136363636363637,6.136363636363637,22,9,135.0,0.1808556183767413
2496.0,14,125.0,3.4722222222222223,3.398730452620335,36,365.0,10.13888888888889,0.0,0.0,13,196.0,61.0,2.1457536090693945,8.166666666666666,8.166666666666666,24,13,196.0,0.1636191703517088
2504.0,16,128.0,3.45945945945946,4.407425908480952,37,463.0,12.513513513513514,98.0,2.6486486486486487,11,205.0,9.0,2.8465640093790223,9.318181818181818,9.318181818181818,22,11,205.0,0.2155046358423793
2512.0,12,137.0,3.914285714285714,4.974954795142011,35,464.0,13.257142857142858,1.0,0.0285714285714285,8,195.0,0.0,4.075401642706432,8.863636363636363,8.863636363636363,22,8,195.0,0.3115223614319032
2520.0,12,133.0,3.8,5.368064210369174,35,484.0,13.82857142857143,20.0,0.5714285714285714,8,175.0,0.0,4.353506708504863,7.954545454545454,7.954545454545454,22,8,175.0,0.3219996188512967
2528.0,4,13.0,0.40625,6.463031668832248,32,476.0,14.875,0.0,0.0,3,160.0,0.0,4.651206620055184,8.88888888888889,8.88888888888889,18,3,160.0,0.3414897851234959
2536.0,10,30.0,0.967741935483871,5.391752957703874,31,478.0,15.419354838709678,2.0,0.064516129032258,7,194.0,34.0,3.989267290516085,9.7,9.7,20,7,194.0,0.2819963921570289
2544.0,9,65.0,2.096774193548387,5.604028409261923,31,474.0,15.290322580645162,0.0,0.0,9,238.0,44.0,3.75657821176655,11.333333333333334,11.333333333333334,21,9,238.0,0.2540432083451223
2552.0,11,146.0,4.866666666666666,6.4592688479556655,30,511.0,17.033333333333335,37.0,1.2333333333333334,11,247.0,9.0,4.796673553298209,11.227272727272728,11.227272727272728,22,11,247.0,0.3426533259050783
2560.0,11,234.0,7.3125,7.012851183547305,32,578.0,18.0625,67.0,2.09375,11,257.0,10.0,4.697669230418794,11.173913043478262,11.173913043478262,23,11,257.0,0.3419023047705534
2568.0,5,112.0,3.294117647058824,8.094771047167011,34,619.0,18.205882352941178,41.0,1.2058823529411764,5,189.0,0.0,6.051752109869736,8.590909090909092,8.590909090909092,22,5,189.0,0.447549643459584
2576.0,3,4.0,0.1290322580645161,8.425273358407258,31,406.0,13.096774193548388,0.0,0.0,2,76.0,0.0,7.016331737673587,3.8,3.8,20,2,76.0,0.5155302332240447
2584.0,1,9.0,0.375,11.086082965017576,24,195.0,8.125,0.0,0.0,0,0.0,0.0,10.562967356969486,0.0,0.0,13,0,0.0,0.7614502521120824
2592.0,4,12.0,0.7058823529411765,7.770353967550981,17,51.0,3.0,0.0,0.0,4,12.0,12.0,7.634063000001772,0.75,0.75,16,4,12.0,0.5616156937388117
2600.0,1,13.0,0.6190476190476191,8.238614649273327,21,33.0,1.5714285714285714,0.0,0.0,1,18.0,6.0,7.90732527552022,1.125,1.125,16,1,18.0,0.5659472624655401
2608.0,1,21.0,1.05,9.975996654083852,20,27.0,1.35,0.0,0.0,1,21.0,3.0,9.172830362093356,1.5,1.5,14,1,21.0,0.6373950496158436
2616.0,1,0.0,0.0,9.200112328105437,20,30.0,1.5,3.0,0.15,1,0.0,0.0,8.85532452828409,0.0,0.0,15,1,0.0,0.6225071399416765
2624.0,2,14.0,0.7,8.997238261408105,20,14.0,0.7,0.0,0.0,2,14.0,14.0,7.953872735617185,0.7777777777777778,0.7777777777777778,18,2,14.0,0.5532556673907545
2632.0,7,56.0,2.333333333333333,7.953595769175124,24,57.0,2.375,43.0,1.7916666666666667,7,57.0,43.0,6.992524036766045,2.7142857142857144,2.7142857142857144,21,7,57.0,0.4882521684469018
2640.0,2,10.0,0.3703703703703703,6.220701409004521,27,101.0,3.740740740740741,44.0,1.6296296296296295,2,50.0,0.0,5.913517379841517,2.1739130434782608,2.1739130434782608,23,2,50.0,0.4349020109689007
2648.0,6,40.0,1.3333333333333333,7.79179655794402,30,87.0,2.9,0.0,0.0,4,35.0,0.0,7.293438991687545,1.5217391304347827,1.5217391304347827,23,4,35.0,0.5272740580710662
2656.0,7,20.0,0.625,7.120806678275257,32,81.0,2.53125,0.0,0.0,7,22.0,0.0,6.180350779356395,0.9166666666666666,0.9166666666666666,24,7,22.0,0.4300379755310921
2664.0,4,14.0,0.4516129032258064,7.537434070300455,31,80.0,2.5806451612903225,0.0,0.0,4,26.0,4.0,6.917726944442321,1.1304347826086956,1.1304347826086956,23,4,26.0,0.4892067966272017
2672.0,6,39.0,1.3928571428571428,7.879711029855035,28,69.0,2.4642857142857144,0.0,0.0,6,46.0,20.0,6.5055903164024125,2.090909090909091,2.090909090909091,22,6,46.0,0.4686988083525479
2680.0,6,70.0,2.5,7.354034705894561,28,107.0,3.821428571428572,38.0,1.3571428571428572,6,74.0,28.0,6.680747337321639,3.363636363636364,3.363636363636364,22,6,74.0,0.4717086441709898
2688.0,4,17.0,0.5483870967741935,6.618011609522168,31,135.0,4.354838709677419,28.0,0.9032258064516128,3,54.0,0.0,6.575746472771637,2.25,2.25,24,3,54.0,0.4431099674509151
2696.0,8,62.0,2.0,8.157005821863743,31,99.0,3.193548387096774,0.0,0.0,7,58.0,4.0,6.8282479266066485,3.0526315789473686,3.0526315789473686,19,7,58.0,0.483135036169623
2704.0,6,41.0,1.4642857142857142,7.324005021949306,28,114.0,4.071428571428571,15.0,0.5357142857142857,6,54.0,0.0,6.970309853609005,2.571428571428572,2.571428571428572,21,6,54.0,0.4732731452872367
2712.0,4,19.0,0.6551724137931034,9.285300209784884,29,107.0,3.689655172413793,0.0,0.0,4,31.0,0.0,7.3300274997421235,1.7222222222222223,1.7222222222222223,18,4,31.0,0.521009521070074
2720.0,5,51.0,1.9615384615384612,10.051182074863643,26,78.0,3.0,0.0,0.0,5,52.0,21.0,8.589724590137566,2.888888888888889,2.888888888888889,18,5,52.0,0.5875132963568954
2728.0,2,4.0,0.1739130434782608,8.626335866017401,23,76.0,3.3043478260869565,0.0,0.0,2,18.0,0.0,8.058943359993197,1.125,1.125,16,2,18.0,0.5396266115991784
2736.0,2,7.0,0.3684210526315789,8.84375979320749,19,49.0,2.5789473684210527,0.0,0.0,2,22.0,4.0,8.322105460198568,1.5714285714285714,1.5714285714285714,14,2,22.0,0.5585931724699001
2744.0,8,33.0,1.9411764705882355,5.314591078223436,17,72.0,4.235294117647059,23.0,1.3529411764705883,8,35.0,13.0,4.40839056903705,2.333333333333333,2.333333333333333,15,8,35.0,0.3186466647707516
2752.0,3,40.0,2.2222222222222223,7.014520824556041,18,100.0,5.555555555555555,28.0,1.5555555555555556,3,59.0,24.0,6.039756382000009,4.538461538461538,4.538461538461538,13,3,59.0,0.4375024809849211
2760.0,3,64.0,3.764705882352941,9.594928873340454,17,83.0,4.882352941176471,0.0,0.0,3,64.0,5.0,7.958173683956081,4.923076923076923,4.923076923076923,13,3,64.0,0.5656861406956264
2768.0,0,0.0,0.0,9.751529851719692,14,74.0,5.285714285714286,0.0,0.0,0,0.0,0.0,10.012423485754493,0.0,0.0,10,0,0.0,0.6969579871814979
2776.0,0,0.0,0.0,11.670505207032289,10,4.0,0.4,0.0,0.0,0,0.0,0.0,12.292200692702709,0.0,0.0,7,0,0.0,0.8382258493260383
2784.0,2,10.0,1.4285714285714286,8.443371173070537,7,10.0,1.4285714285714286,6.0,0.8571428571428571,2,10.0,10.0,8.443371173070537,1.4285714285714286,1.4285714285714286,7,2,10.0,0.5836869342891459
2792.0,0,0.0,0.0,5.896593377647782,10,16.0,1.6,6.0,0.6,0,0.0,0.0,4.6617249320791725,0.0,0.0,7,0,0.0,0.3031636386384931
2800.0,2,3.0,0.3333333333333333,9.482645778531436,9,3.0,0.3333333333333333,0.0,0.0,2,3.0,3.0,7.216483956821793,0.5,0.5,6,2,3.0,0.5213430534664677
2808.0,2,11.0,1.2222222222222223,8.422212733361889,9,11.0,1.2222222222222223,8.0,0.8888888888888888,2,11.0,8.0,8.422212733361889,1.2222222222222223,1.2222222222222223,9,2,11.0,0.6147956026642503
2816.0,1,19.0,1.5833333333333333,9.767967136090236,12,19.0,1.5833333333333333,8.0,0.6666666666666666,1,19.0,8.0,9.767967136090236,1.5833333333333333,1.5833333333333333,12,1,19.0,0.7093188059463652
2824.0,2,30.0,2.5,9.238284695144342,12,30.0,2.5,11.0,0.9166666666666666,2,30.0,11.0,9.238284695144342,2.5,2.5,12,2,30.0,0.6789727583255782
2832.0,2,35.0,2.333333333333333,5.9995432693959865,15,47.0,3.1333333333333333,17.0,1.1333333333333333,2,37.0,7.0,5.5034290653389295,2.8461538461538463,2.8461538461538463,13,2,37.0,0.4004940823719812
2840.0,4,53.0,2.9444444444444446,4.773182499596872,18,55.0,3.055555555555556,8.0,0.4444444444444444,4,55.0,18.0,4.773182499596872,3.055555555555556,3.055555555555556,18,4,55.0,0.3254411316383396
2848.0,10,60.0,2.4,5.696035228932746,25,110.0,4.4,55.0,2.2,10,62.0,7.0,5.089763128976157,2.952380952380953,2.952380952380953,21,10,62.0,0.3318919345905187
2856.0,6,48.0,1.7777777777777777,6.256888137705397,27,124.0,4.592592592592593,14.0,0.5185185185185185,6,90.0,28.0,5.7509810728889095,3.75,3.75,24,6,90.0,0.3861057179922503
2864.0,6,34.0,1.096774193548387,7.480004807008758,31,125.0,4.032258064516129,1.0,0.032258064516129,6,70.0,0.0,6.454858058906864,2.592592592592593,2.592592592592593,27,6,70.0,0.4434054407154723
2872.0,9,92.0,2.875,7.0643047019849154,32,116.0,3.625,0.0,0.0,9,92.0,22.0,5.936649302455533,3.2857142857142856,3.2857142857142856,28,9,92.0,0.4091438972399537
2880.0,14,181.0,5.323529411764706,6.078170903685416,34,181.0,5.323529411764706,65.0,1.911764705882353,14,181.0,89.0,4.782242823258518,6.464285714285714,6.464285714285714,28,14,181.0,0.3331755052001277
2888.0,8,45.0,1.2857142857142858,6.0035536127515,35,268.0,7.6571428571428575,87.0,2.4857142857142858,8,157.0,0.0,5.791232256665872,5.064516129032258,5.064516129032258,31,8,157.0,0.3840764494999761
2896.0,5,24.0,0.6857142857142857,8.100069579289249,35,189.0,5.4,0.0,0.0,5,55.0,0.0,6.951026904777685,2.037037037037037,2.037037037037037,27,5,55.0,0.4605250383788596
2904.0,10,74.0,2.055555555555556,8.607875020456992,36,164.0,4.555555555555555,0.0,0.0,10,74.0,19.0,5.683016245458639,3.083333333333333,3.083333333333333,24,10,74.0,0.3981873785262995
2912.0,4,8.0,0.2222222222222222,7.633146003825222,36,217.0,6.027777777777778,53.0,1.4722222222222223,4,60.0,0.0,6.576561357740138,2.608695652173913,2.608695652173913,23,4,60.0,0.4742129716204389
2920.0,7,32.0,0.8888888888888888,9.463503541223414,36,159.0,4.416666666666667,0.0,0.0,5,24.0,0.0,7.277197686182305,1.2,1.2,20,5,24.0,0.509899742214174
2928.0,8,80.0,2.962962962962963,6.750606752758176,27,93.0,3.4444444444444446,0.0,0.0,6,52.0,28.0,6.044676797325835,2.888888888888889,2.888888888888889,18,6,52.0,0.4421482458635451
2936.0,7,77.0,2.851851851851852,7.442991083677509,27,147.0,5.444444444444445,54.0,2.0,7,99.0,47.0,7.038692687785352,4.304347826086956,4.304347826086956,23,7,99.0,0.4842479357501562
2944.0,6,55.0,1.9642857142857144,7.8389022343020756,28,147.0,5.25,0.0,0.0,6,67.0,0.0,6.630337804534646,3.1904761904761907,3.1904761904761907,21,6,67.0,0.4740754577320173
2952.0,7,99.0,4.125,7.798245161146402,24,114.0,4.75,0.0,0.0,7,101.0,34.0,7.010860602437641,5.05,5.05,20,7,101.0,0.4919282395909777
2960.0,9,165.0,7.173913043478261,5.971502532928395,23,167.0,7.260869565217392,53.0,2.3043478260869565,9,166.0,65.0,5.660283549495324,7.904761904761905,7.904761904761905,21,9,166.0,0.3864080025627632
2968.0,8,61.0,2.3461538461538463,5.853033458860747,26,239.0,9.192307692307692,72.0,2.769230769230769,8,125.0,0.0,4.850929826835257,5.9523809523809526,5.9523809523809526,21,8,125.0,0.3182303732147828
2976.0,8,40.0,1.4814814814814814,6.780104588427002,27,206.0,7.62962962962963,0.0,0.0,8,86.0,0.0,4.488098164495083,4.3,4.3,20,8,86.0,0.2598523014968409
2984.0,3,8.0,0.2857142857142857,7.992568340461378,28,244.0,8.714285714285714,38.0,1.3571428571428572,3,78.0,0.0,5.957108752897166,4.588235294117647,4.588235294117647,17,3,78.0,0.4028999734506273
2992.0,5,16.0,0.64,7.323271882985216,25,215.0,8.6,0.0,0.0,5,73.0,0.0,5.288078689323108,4.5625,4.5625,16,5,73.0,0.3739872438064152
3000.0,5,13.0,0.4482758620689655,7.873289742759262,29,220.0,7.586206896551724,5.0,0.1724137931034483,5,53.0,0.0,5.492647191957447,2.9444444444444446,2.9444444444444446,18,5,53.0,0.4185026779852903
3008.0,6,57.0,2.375,8.746177509059095,24,139.0,5.791666666666667,0.0,0.0,6,97.0,44.0,7.219317044476352,5.388888888888889,5.388888888888889,18,6,97.0,0.5051278146075923
3016.0,7,105.0,4.038461538461538,7.040552443938631,26,145.0,5.576923076923077,6.0,0.2307692307692307,7,145.0,48.0,4.982443890343627,8.529411764705882,8.529411764705882,17,7,145.0,0.3415314049774623
3024.0,4,30.0,0.967741935483871,7.568217009880338,31,192.0,6.193548387096774,47.0,1.5161290322580645,4,114.0,0.0,6.289226476209606,6.333333333333333,6.333333333333333,18,4,114.0,0.4020405596759861
3032.0,4,9.0,0.3103448275862069,7.959380788354032,29,212.0,7.310344827586207,20.0,0.6896551724137931,4,114.0,0.0,5.258148684109328,8.76923076923077,8.76923076923077,13,4,114.0,0.3330213052858021
3040.0,3,16.0,0.6153846153846154,8.710035372626624,26,239.0,9.192307692307692,27.0,1.0384615384615383,3,72.0,0.0,6.4305936888943735,5.142857142857143,5.142857142857143,14,3,72.0,0.4380822561888213
3048.0,6,24.0,0.8275862068965517,8.586375729758807,29,270.0,9.310344827586206,31.0,1.0689655172413792,6,89.0,17.0,5.729379564207565,5.5625,5.5625,16,6,89.0,0.4374458169603809
3056.0,6,45.0,1.8,8.628916210347363,25,231.0,9.24,0.0,0.0,6,54.0,0.0,6.337398869854659,3.857142857142857,3.857142857142857,14,6,54.0,0.4789559991907708
3064.0,8,95.0,4.130434782608695,6.485153521836301,23,249.0,10.826086956521738,18.0,0.782608695652174,8,104.0,50.0,5.326260959101981,5.473684210526316,5.473684210526316,19,8,104.0,0.4138351701845804
3072.0,3,1.0,0.0384615384615384,6.9281499509393,26,202.0,7.769230769230769,0.0,0.0,2,7.0,0.0,6.706681223395375,0.4375,0.4375,16,2,7.0,0.5088725149878065
3080.0,3,21.0,0.84,10.162137299519298,25,171.0,6.84,0.0,0.0,1,4.0,0.0,9.584509382097464,0.3333333333333333,0.3333333333333333,12,1,4.0,0.7021888186774442
3088.0,0,0.0,0.0,11.665379960969268,23,141.0,6.130434782608695,0.0,0.0,0,0.0,0.0,11.654362696784842,0.0,0.0,11,0,0.0,0.7927737949111999
3096.0,3,9.0,0.4090909090909091,9.208451996179654,22,50.0,2.272727272727273,0.0,0.0,3,9.0,9.0,6.759897038508915,0.6923076923076923,0.6923076923076923,13,3,9.0,0.4387703063651947
3104.0,9,55.0,2.391304347826087,4.8599467651537065,23,72.0,3.130434782608696,22.0,0.9565217391304348,9,55.0,46.0,2.613979660391554,3.055555555555556,3.055555555555556,18,9,55.0,0.1490357271312823
3112.0,8,63.0,2.625,3.5253798502316136,24,128.0,5.333333333333333,56.0,2.333333333333333,8,81.0,26.0,2.5318738543011667,4.2631578947368425,4.2631578947368425,19,8,81.0,0.143730140328057
3120.0,16,152.0,5.428571428571429,2.1540367439265258,28,185.0,6.607142857142857,57.0,2.0357142857142856,16,171.0,90.0,1.4520817478886108,6.576923076923077,6.576923076923077,26,16,171.0,0.0842435124780297
3128.0,13,115.0,3.484848484848485,3.610807941976141,33,305.0,9.242424242424242,120.0,3.636363636363636,13,203.0,32.0,1.7266516410813468,8.12,8.12,25,13,203.0,0.1159825494145728
3136.0,15,89.0,2.5428571428571427,3.455285600665526,35,331.0,9.457142857142856,26.0,0.7428571428571429,15,206.0,3.0,0.7100451211250233,8.583333333333334,8.583333333333334,24,15,206.0,0.0370512449546929
3144.0,12,115.0,3.484848484848485,6.528288794235926,33,371.0,11.242424242424242,40.0,1.2121212121212122,12,248.0,42.0,3.088298391134788,11.272727272727272,11.272727272727272,22,12,248.0,0.171370630131475
3152.0,4,8.0,0.2285714285714285,6.743946181567543,35,431.0,12.314285714285717,60.0,1.7142857142857142,4,158.0,0.0,2.7704865081926604,9.294117647058824,9.294117647058824,17,4,158.0,0.1623805878396049
3160.0,8,54.0,1.6363636363636365,8.167285449014907,33,376.0,11.393939393939394,0.0,0.0,8,126.0,0.0,2.113174973885485,9.0,9.0,14,8,126.0,0.1416972776387885
3168.0,6,39.0,1.3928571428571428,7.601114716921915,28,298.0,10.642857142857142,0.0,0.0,6,121.0,0.0,2.6866768049177114,10.083333333333334,10.083333333333334,12,6,121.0,0.167151763410347
3176.0,5,39.0,1.4444444444444444,9.269099314377996,27,286.0,10.592592592592592,0.0,0.0,5,67.0,0.0,3.0092029737660173,6.090909090909091,6.090909090909091,11,5,67.0,0.16585609904954
3184.0,1,4.0,0.16,9.17240735712783,25,265.0,10.6,0.0,0.0,1,26.0,0.0,3.926543137401724,2.888888888888889,2.888888888888889,9,1,26.0,0.275172717376793
3192.0,3,17.0,0.7083333333333334,10.997156306671204,24,239.0,9.958333333333334,0.0,0.0,3,26.0,0.0,3.921092895129844,5.2,5.2,5,3,26.0,0.278580761990453
3200.0,2,33.0,1.65,9.793015205977191,20,134.0,6.7,0.0,0.0,2,42.0,16.0,2.94938525064025,7.0,7.0,6,2,42.0,0.2500905337052634
3208.0,5,24.0,1.0,8.213145267724451,24,108.0,4.5,0.0,0.0,4,12.0,0.0,3.199435600754316,1.3333333333333333,1.3333333333333333,9,4,12.0,0.2130741070868974
3216.0,2,35.0,1.4583333333333333,9.066180512758876,24,90.0,3.75,0.0,0.0,2,22.0,10.0,6.630463678627374,2.0,2.0,11,2,22.0,0.3999947050854777
3224.0,4,11.0,0.5,7.104724959709008,22,95.0,4.318181818181818,5.0,0.2272727272727272,4,11.0,0.0,3.677299466922906,1.2222222222222223,1.2222222222222223,9,4,11.0,0.2447606835932944
3232.0,2,4.0,0.1818181818181818,8.332161792278571,22,43.0,1.9545454545454544,0.0,0.0,2,10.0,0.0,5.139649647818947,1.0,1.0,10,2,10.0,0.3473291603010033
3240.0,3,22.0,0.9565217391304348,9.932708163789965,23,49.0,2.130434782608696,6.0,0.2608695652173913,3,22.0,12.0,0.5437724382894319,5.5,5.5,4,3,22.0,0.0347805793534799
3248.0,1,1.0,0.0416666666666666,9.676259122249654,24,60.0,2.5,11.0,0.4583333333333333,1,5.0,0.0,5.828394496915096,0.7142857142857143,0.7142857142857143,7,1,5.0,0.3397877059939962
3256.0,4,17.0,0.7391304347826086,9.645580164801896,23,52.0,2.260869565217391,0.0,0.0,3,15.0,10.0,6.507660982211978,1.875,1.875,8,3,15.0,0.3481642612478081
3264.0,6,48.0,2.1818181818181817,7.976208976187402,22,75.0,3.409090909090909,23.0,1.0454545454545454,5,48.0,33.0,2.452207681100323,5.333333333333333,5.333333333333333,9,5,48.0,0.1419665891623569
3272.0,3,25.0,1.3888888888888888,7.754836295297675,18,107.0,5.944444444444445,32.0,1.7777777777777777,3,27.0,0.0,3.740487738924186,3.375,3.375,8,3,27.0,0.2041924344128149
3280.0,5,60.0,4.0,7.32861696445155,15,98.0,6.533333333333333,0.0,0.0,5,60.0,33.0,1.1517042091194676,7.5,7.5,8,5,60.0,0.074503880818155
3288.0,1,0.0,0.0,8.105532074017251,16,114.0,7.125,16.0,1.0,1,0.0,0.0,3.670926870224161,0.0,0.0,5,1,0.0,0.226762425316676
3296.0,3,11.0,0.8461538461538461,7.998647645255089,13,25.0,1.9230769230769231,0.0,0.0,3,11.0,11.0,5.199705503330198,1.375,1.375,8,3,11.0,0.3017707372985694
3304.0,5,39.0,2.7857142857142856,7.492601015938225,14,41.0,2.9285714285714284,16.0,1.1428571428571428,5,39.0,28.0,3.722900669756647,4.875,4.875,8,5,39.0,0.1899753388255838
3312.0,1,4.0,0.25,8.48496487588408,16,60.0,3.75,19.0,1.1875,1,17.0,0.0,4.584552300014352,2.4285714285714284,2.4285714285714284,7,1,17.0,0.2265196674450665
3320.0,5,30.0,1.7647058823529411,7.67992785956125,17,39.0,2.294117647058824,0.0,0.0,5,30.0,13.0,3.25547614078288,3.333333333333333,3.333333333333333,9,5,30.0,0.1609637278395354
3328.0,0,0.0,0.0,6.700410687651871,15,60.0,4.0,21.0,1.4,0,22.0,0.0,3.586092275404445,2.75,2.75,8,0,22.0,0.1857230980097088
3336.0,1,0.0,0.0,11.47558790568366,15,56.0,3.733333333333333,0.0,0.0,1,0.0,0.0,7.020428721733572,0.0,0.0,5,1,0.0,0.3898632626741454
3344.0,3,5.0,0.2941176470588235,8.785145132209685,17,54.0,3.176470588235294,0.0,0.0,3,5.0,5.0,4.728847122064137,0.5555555555555556,0.5555555555555556,9,3,5.0,0.2562017284429845
3352.0,3,1.0,0.0434782608695652,7.870626932668727,23,67.0,2.9130434782608696,13.0,0.5652173913043478,2,2.0,0.0,3.5132499733150127,0.25,0.25,8,2,2.0,0.1847562306581523
3360.0,2,16.0,0.8421052631578947,9.139809311996526,19,33.0,1.736842105263158,0.0,0.0,1,10.0,8.0,8.97180793144356,2.0,2.0,5,1,10.0,0.4837903309766255
3368.0,2,20.0,1.0526315789473684,9.531098906916633,19,45.0,2.3684210526315788,12.0,0.631578947368421,2,21.0,11.0,5.026279935916572,3.0,3.0,7,2,21.0,0.268265199701191
3376.0,4,26.0,1.3,7.782599064199017,20,71.0,3.55,26.0,1.3,4,27.0,6.0,2.431236264678031,3.0,3.0,9,4,27.0,0.1202443639654223
3384.0,2,7.0,0.3684210526315789,8.057338920445726,19,91.0,4.789473684210527,20.0,1.0526315789473684,2,25.0,0.0,3.133786347904298,3.125,3.125,8,2,25.0,0.1598120026924766
3392.0,0,0.0,0.0,10.4461805731243,18,71.0,3.9444444444444446,0.0,0.0,0,0.0,0.0,8.309252511692932,0.0,0.0,4,0,0.0,0.419290565095308
3400.0,0,0.0,0.0,10.93389300107662,16,74.0,4.625,3.0,0.1875,0,0.0,0.0,9.811339431784877,0.0,0.0,4,0,0.0,0.5624923171043132
3408.0,2,3.0,0.1764705882352941,9.513987745045968,17,63.0,3.7058823529411766,0.0,0.0,1,3.0,3.0,4.124500519859915,1.0,1.0,3,1,3.0,0.2133487636670984
3416.0,1,2.0,0.1,10.49849233476598,20,44.0,2.2,0.0,0.0,1,2.0,0.0,7.991733078549068,0.3333333333333333,0.3333333333333333,6,1,2.0,0.4402404596576595
3424.0,1,0.0,0.0,9.63966756231719,17,15.0,0.8823529411764706,0.0,0.0,1,0.0,0.0,8.80001624568564,0.0,0.0,7,1,0.0,0.5174687981737023
3432.0,2,3.0,0.1764705882352941,8.590545234512135,17,9.0,0.5294117647058824,0.0,0.0,2,3.0,3.0,6.132172829739213,0.375,0.375,8,2,3.0,0.4053200144279182
3440.0,7,22.0,1.2222222222222223,4.956659537694764,18,22.0,1.2222222222222223,13.0,0.7222222222222222,7,22.0,19.0,3.2814775571856134,1.4666666666666666,1.4666666666666666,15,7,22.0,0.2026304508516221
3448.0,4,25.0,1.0416666666666667,5.398582242264439,24,64.0,2.6666666666666665,42.0,1.75,4,27.0,5.0,3.580014690203261,1.6875,1.6875,16,4,27.0,0.2125393039692249
3456.0,6,16.0,0.5925925925925926,5.951805188821959,27,100.0,3.703703703703704,36.0,1.3333333333333333,6,24.0,0.0,3.1385051659387435,1.411764705882353,1.411764705882353,17,6,24.0,0.184276768394059
3464.0,6,24.0,1.0909090909090908,4.442095644860973,22,99.0,4.5,0.0,0.0,6,47.0,23.0,1.957925546071632,3.1333333333333333,3.1333333333333333,15,6,47.0,0.1256108525770223
3472.0,8,83.0,3.32,8.254439867648479,25,158.0,6.32,59.0,2.36,8,89.0,42.0,2.300035533689856,8.090909090909092,8.090909090909092,11,8,89.0,0.1220850038938701
3480.0,6,77.0,3.347826086956522,6.654893217427724,23,177.0,7.695652173913044,19.0,0.8260869565217391,6,131.0,42.0,2.2914154426292623,10.076923076923077,10.076923076923077,13,6,131.0,0.1108713347500874
3488.0,2,11.0,0.4782608695652174,7.337200186636945,23,201.0,8.73913043478261,24.0,1.0434782608695652,2,83.0,0.0,3.0872461742236976,6.916666666666667,6.916666666666667,12,2,83.0,0.1782390688739461
3496.0,2,0.0,0.0,10.429009663817872,21,111.0,5.285714285714286,0.0,0.0,2,0.0,0.0,6.8691764832286095,0.0,0.0,8,2,0.0,0.4527789288076034
3504.0,3,13.0,0.8125,7.212864319525545,16,45.0,2.8125,0.0,0.0,3,13.0,13.0,6.103415247386455,1.0833333333333333,1.0833333333333333,12,3,13.0,0.4084985656567244
3512.0,2,13.0,0.6842105263157895,8.110175297872106,19,66.0,3.473684210526316,21.0,1.105263157894737,2,14.0,1.0,7.183054126036852,1.0769230769230769,1.0769230769230769,13,2,14.0,0.4555369363661914
3520.0,2,1.0,0.0555555555555555,9.97072622067157,18,41.0,2.2777777777777777,0.0,0.0,1,2.0,0.0,7.91355446176298,0.2857142857142857,0.2857142857142857,7,1,2.0,0.5057979778690981
3528.0,2,10.0,0.625,9.203376747948818,16,31.0,1.9375,0.0,0.0,2,11.0,9.0,4.061833018055896,1.8333333333333333,1.8333333333333333,6,2,11.0,0.1988597850058401
3536.0,5,14.0,0.7777777777777778,6.310431941283687,18,48.0,2.6666666666666665,17.0,0.9444444444444444,4,15.0,4.0,3.5879598298880304,1.6666666666666667,1.6666666666666667,9,4,15.0,0.1910875350891121
3544.0,8,66.0,4.125,3.6436643438917375,16,73.0,4.5625,25.0,1.5625,8,67.0,52.0,2.40626621878914,5.153846153846154,5.153846153846154,13,8,67.0,0.145253491941763
3552.0,2,9.0,0.5294117647058824,5.812222171536286,17,120.0,7.0588235294117645,47.0,2.764705882352941,2,45.0,0.0,4.481955904425108,4.090909090909091,4.090909090909091,11,2,45.0,0.2665604490749255
3560.0,1,2.0,0.1666666666666666,10.152327193822012,12,35.0,2.9166666666666665,0.0,0.0,1,2.0,0.0,5.880041799744511,0.4,0.4,5,1,2.0,0.4115759776513782
3568.0,1,1.0,0.0909090909090909,7.178662469189482,11,8.0,0.7272727272727273,0.0,0.0,0,0.0,0.0,4.998144119453999,0.0,0.0,5,0,0.0,0.3835485284690025
3576.0,0,0.0,0.0,11.74612156927009,17,15.0,0.8823529411764706,7.0,0.4117647058823529,0,1.0,1.0,8.389506685659649,0.1666666666666666,0.1666666666666666,6,0,1.0,0.5097005259607249
3584.0,3,9.0,0.5625,6.702303774888836,16,24.0,1.5,9.0,0.5625,3,10.0,9.0,3.801271879311123,0.8333333333333334,0.8333333333333334,12,3,10.0,0.2266497251880249
3592.0,6,28.0,1.4736842105263157,5.284688847451738,19,49.0,2.5789473684210527,25.0,1.3157894736842106,6,31.0,21.0,3.4709858361484502,2.2142857142857144,2.2142857142857144,14,6,31.0,0.1961992823596311
3600.0,5,17.0,0.9444444444444444,3.3198119585083448,18,76.0,4.222222222222222,27.0,1.5,5,32.0,1.0,1.207798574677835,2.4615384615384617,2.4615384615384617,13,5,32.0,0.0923026627870587
52.0,2,5.0,0.3846153846153846,11.042569054484032,13,20.0,1.5384615384615383,0.0,0.0,1,0.0,0.0,6.619272833549623,0.0,0.0,4,1,0.0,0.4399567259791233
3560.0,1,1.0,0.125,9.26937861225852,8,18.0,2.25,0.0,0.0,1,2.0,2.0,6.175573546337069,0.4,0.4,5,1,2.0,0.4358395250102075
3568.0,0,0.0,0.0,7.334977730702881,11,8.0,0.7272727272727273,0.0,0.0,0,1.0,0.0,4.573254264936167,0.2,0.2,5,0,1.0,0.3488819731016099
3576.0,1,3.0,0.2,9.874370924758471,15,10.0,0.6666666666666666,2.0,0.1333333333333333,1,3.0,2.0,6.043155458863774,0.375,0.375,8,1,3.0,0.3727016529477451
3584.0,6,27.0,1.6875,4.995339976780266,16,34.0,2.125,24.0,1.5,6,28.0,25.0,3.7918690218944393,2.0,2.0,14,6,28.0,0.2247110653379553
3592.0,4,27.0,1.2857142857142858,5.171533234381679,21,74.0,3.523809523809524,40.0,1.9047619047619049,4,40.0,12.0,3.2076440350318243,2.6666666666666665,2.6666666666666665,15,4,40.0,0.2040895181065416
3600.0,8,76.0,3.8,6.129680721107704,20,94.0,4.7,20.0,1.0,8,80.0,40.0,1.762597391754454,6.666666666666667,6.666666666666667,12,8,80.0,0.1218095031092992
