step,system_total_stopped,system_total_waiting_time,system_mean_waiting_time,system_mean_speed,system_cars_present,system_accumulated_waiting_time (100),system_accumulated_mean_waiting_time (100),system_accumulated_waiting_time (delta),system_accumulated_mean_waiting_time (delta),agents_total_stopped,agents_total_accumulated_waiting_time (100),agents_total_accumulated_waiting_time (delta),agents_mean_speed,agents_mean_waiting_time (100),agents_mean_waiting_time (delta),agents_cars_present,Col3_1_stopped,Col3_1_accumulated_waiting_time,Col3_1_average_speed,Col3_2_stopped,Col3_2_accumulated_waiting_time,Col3_2_average_speed,Col3_3_stopped,Col3_3_accumulated_waiting_time,Col3_3_average_speed
8.0,1,0.0,0.0,5.116047790343873,4,0.0,0.0,0.0,0.0,1,0.0,0.0,4.505369043862447,0.0,0.0,2,0,0.0,1.0,0,0.0,1.0,1,0.0,0.3268124463580948
16.0,0,0.0,0.0,6.987318956965487,11,0.0,0.0,0.0,0.0,0,0.0,0.0,5.534552172771068,0.0,0.0,4,0,0.0,1.0,0,0.0,0.5441184040775258,0,0.0,0.525499812690749
24.0,5,17.0,1.0625,6.15144109635293,16,17.0,1.0625,17.0,1.0625,4,17.0,17.0,2.766264752566437,2.833333333333333,2.833333333333333,6,2,8.0,0.0001351782361109,0,0.0,0.9368411773922416,2,9.0,0.0016109168495722
32.0,5,28.0,1.12,7.027105196874267,25,43.0,1.72,26.0,1.04,3,28.0,11.0,2.8438225305020217,3.5,3.5,8,0,0.0,0.3496679424127911,1,3.0,0.2722803810732592,2,25.0,0.0
40.0,7,52.0,1.6774193548387095,6.834441200292137,31,75.0,2.419354838709677,32.0,1.032258064516129,6,49.0,21.0,4.179784024419964,4.454545454545454,4.454545454545454,11,3,8.0,0.2658287423886521,1,0.0,0.5765117420611608,2,41.0,0.2421419361224649
48.0,7,62.0,1.5897435897435896,8.503103866633744,39,93.0,2.3846153846153846,18.0,0.4615384615384615,5,65.0,16.0,5.999576036162527,5.416666666666667,5.416666666666667,12,0,4.0,0.6778791182151632,2,4.0,0.5478614240895527,3,57.0,0.0210512113373673
56.0,9,39.0,0.951219512195122,8.272561211586773,41,137.0,3.341463414634146,44.0,1.0731707317073171,7,34.0,0.0,3.2638049283667367,3.090909090909091,3.090909090909091,11,3,16.0,0.238218572686919,4,18.0,0.1891727286798001,0,0.0,0.9899590123064912
64.0,10,85.0,1.7708333333333333,8.176127573273293,48,205.0,4.270833333333333,68.0,1.4166666666666667,7,72.0,38.0,6.257937435058518,3.4285714285714284,3.4285714285714284,21,3,23.0,0.3814761376881786,4,49.0,0.4942947974076494,0,0.0,0.786086241501067
72.0,22,200.0,3.636363636363636,5.843694198589598,55,317.0,5.763636363636364,112.0,2.036363636363636,17,167.0,95.0,1.6474358283802752,6.68,6.68,25,7,60.0,0.0768467579186785,8,102.0,0.1671148326980063,2,5.0,0.2837368628051371
80.0,14,177.0,3.0,6.6075874130416965,59,460.0,7.796610169491525,143.0,2.4237288135593222,9,158.0,0.0,3.589628783959573,6.583333333333333,6.583333333333333,24,7,108.0,0.1055660384621668,2,50.0,0.238187521663532,0,0.0,0.8092839094399953
88.0,16,221.0,3.683333333333333,7.706040206092839,60,560.0,9.333333333333334,100.0,1.6666666666666667,9,173.0,15.0,3.324298087675745,10.8125,10.8125,16,7,150.0,0.0933159439944135,1,19.0,0.4473838130359395,1,4.0,0.4080167297127296
96.0,9,63.0,0.9692307692307692,8.541531382389397,65,599.0,9.215384615384616,39.0,0.6,4,107.0,0.0,7.671295734250149,6.294117647058823,6.294117647058823,17,1,63.0,0.6238855039389335,2,38.0,0.5326165498778689,1,6.0,0.486441719351917
104.0,12,66.0,1.0476190476190477,7.688759474906186,63,609.0,9.666666666666666,10.0,0.1587301587301587,8,126.0,19.0,5.0598988350791085,5.478260869565218,5.478260869565218,23,3,33.0,0.4561548586899823,5,89.0,0.2735781521331159,0,4.0,0.419706767504138
112.0,22,160.0,2.388059701492537,6.367383597002935,67,699.0,10.432835820895525,90.0,1.3432835820895523,14,198.0,72.0,3.818389543541727,7.92,7.92,25,4,49.0,0.3327231201249607,10,149.0,0.1817615930401073,0,0.0,0.9913230846703938
120.0,22,261.0,3.838235294117647,6.194871503341315,68,756.0,11.117647058823527,57.0,0.8382352941176471,21,370.0,172.0,2.521068273347103,10.882352941176473,10.882352941176473,34,8,97.0,0.0706719666691305,12,272.0,0.2362258137082129,1,1.0,0.4370869498776883
128.0,6,50.0,0.704225352112676,6.910164932539804,71,855.0,12.04225352112676,99.0,1.3943661971830985,3,188.0,0.0,4.16279607583604,7.230769230769231,7.230769230769231,26,1,69.0,0.1976890373690364,1,110.0,0.3850915969700816,1,9.0,0.4030166880194942
136.0,10,102.0,1.3076923076923077,8.795386266256612,78,882.0,11.307692307692308,27.0,0.3461538461538461,5,87.0,0.0,5.339081590135644,4.578947368421052,4.578947368421052,19,1,39.0,0.2823871506368531,4,48.0,0.4755954338674234,0,0.0,0.2969267191113816
144.0,9,45.0,0.6521739130434783,8.300755154447794,69,713.0,10.333333333333334,0.0,0.0,6,113.0,26.0,5.150563233398441,6.647058823529412,6.647058823529412,17,2,65.0,0.4976892085086449,3,41.0,0.2227512699650756,1,7.0,0.6513629457693481
152.0,14,94.0,1.2876712328767124,7.4171393890501,73,759.0,10.397260273972602,46.0,0.6301369863013698,7,129.0,16.0,4.643951010758986,5.863636363636363,5.863636363636363,22,1,51.0,0.3948320167644416,5,74.0,0.2560384135479109,1,4.0,0.5222761282871617
160.0,15,117.0,1.625,6.863037371687126,72,753.0,10.458333333333334,0.0,0.0,6,135.0,6.0,5.282796670435573,4.655172413793103,4.655172413793103,29,5,78.0,0.365930578482494,0,49.0,0.4305818672638997,1,8.0,0.4855038532546243
168.0,23,215.0,2.986111111111111,6.33751082717308,72,807.0,11.208333333333334,54.0,0.75,16,222.0,87.0,3.1248339265639107,7.4,7.4,30,9,130.0,0.1734177790477871,6,92.0,0.1752040131766558,1,0.0,0.6693803704390259
176.0,20,333.0,4.826086956521739,7.099303092652197,69,888.0,12.869565217391305,81.0,1.173913043478261,14,283.0,61.0,3.686701256523028,11.32,11.32,25,9,196.0,0.0482811581830486,3,78.0,0.35449421861023,2,9.0,0.6549825992455123
184.0,12,122.0,1.7183098591549295,7.073457398530126,71,889.0,12.52112676056338,1.0,0.0140845070422535,9,259.0,0.0,4.265443313177268,9.592592592592592,9.592592592592592,27,1,128.0,0.245690161481461,7,129.0,0.3895062598580361,1,2.0,0.5385525854498399
192.0,12,113.0,1.661764705882353,7.515121283584325,68,909.0,13.367647058823527,20.0,0.2941176470588235,9,227.0,0.0,4.135060513295503,9.08,9.08,25,2,58.0,0.3626420976977431,5,159.0,0.2821614028047441,2,10.0,0.3277316528558235
200.0,16,187.0,2.9682539682539684,7.56595888446163,63,935.0,14.841269841269842,26.0,0.4126984126984127,14,266.0,39.0,2.1498102077281445,14.0,14.0,19,4,100.0,0.2761612465302411,9,161.0,0.0952490888452885,1,5.0,0.0004381915231831
208.0,11,71.0,1.0923076923076922,7.458379296302139,65,915.0,14.076923076923077,0.0,0.0,9,278.0,12.0,3.369154670214792,12.636363636363637,12.636363636363637,22,6,171.0,0.1918073433681071,3,107.0,0.3132109488763429,0,0.0,0.7143302656894535
216.0,23,186.0,2.90625,5.977561617485614,64,882.0,13.78125,0.0,0.0,19,346.0,68.0,2.5978773177446715,11.533333333333331,11.533333333333331,30,10,239.0,0.1356262091453063,9,107.0,0.1920704481088133,0,0.0,0.7421514995062368
224.0,18,259.0,3.924242424242424,6.029372193203244,66,809.0,12.257575757575758,0.0,0.0,17,425.0,79.0,3.615077526856216,14.166666666666666,14.166666666666666,30,11,316.0,0.0489662869534796,6,102.0,0.3290945940578668,0,7.0,0.9620973425878095
232.0,7,25.0,0.390625,8.122491565037047,64,809.0,12.640625,0.0,0.0,6,250.0,0.0,4.240362752709975,10.416666666666666,10.416666666666666,24,2,167.0,0.3562467685878432,3,77.0,0.3824162972829679,1,6.0,0.2486065553308638
240.0,8,50.0,0.7692307692307693,8.92563343553894,65,809.0,12.446153846153846,0.0,0.0,7,166.0,0.0,5.441630102530216,8.736842105263158,8.736842105263158,19,3,54.0,0.0628887528916607,4,109.0,0.5077378258024069,0,3.0,0.7711093632422632
248.0,19,138.0,2.1904761904761907,7.820894789930433,63,684.0,10.857142857142858,0.0,0.0,16,203.0,37.0,2.990645015252406,8.826086956521738,8.826086956521738,23,2,34.0,0.3548624207558976,12,156.0,0.1629356893429212,2,13.0,0.3102137543891798
256.0,15,178.0,3.0689655172413794,7.022398934530716,58,695.0,11.982758620689657,11.0,0.1896551724137931,9,174.0,0.0,3.6977866942667776,7.909090909090909,7.909090909090909,22,2,19.0,0.1980662605696612,7,151.0,0.2351177285985035,0,4.0,0.9415624329818136
264.0,19,239.0,4.192982456140351,6.606231290697258,57,706.0,12.385964912280702,11.0,0.1929824561403508,14,292.0,118.0,3.645101330036423,13.272727272727272,13.272727272727272,22,5,59.0,0.3300180280912735,9,232.0,0.1732443914020677,0,1.0,0.9711254167603468
272.0,11,99.0,1.706896551724138,6.597232994273674,58,668.0,11.517241379310343,0.0,0.0,7,194.0,0.0,3.9982974599077306,8.083333333333334,8.083333333333334,24,3,50.0,0.1941113472081218,4,138.0,0.2005130019186027,0,6.0,0.6477710964063027
280.0,8,18.0,0.2857142857142857,7.980616719309891,63,651.0,10.333333333333334,0.0,0.0,7,161.0,0.0,5.1889826325551605,7.0,7.0,23,4,34.0,0.185515929718692,3,127.0,0.3552347555770896,0,0.0,0.8224596449013912
288.0,9,53.0,0.9298245614035088,8.054886635699582,57,593.0,10.403508771929824,0.0,0.0,9,167.0,6.0,4.2114877266566335,7.260869565217392,7.260869565217392,23,4,53.0,0.2613393790409061,4,105.0,0.3295581298115674,1,9.0,0.4738993046935809
296.0,8,57.0,1.0555555555555556,7.651838657622822,54,596.0,11.037037037037036,3.0,0.0555555555555555,7,169.0,2.0,5.5566988726305375,8.047619047619047,8.047619047619047,21,3,66.0,0.3685144287242133,3,94.0,0.4905668512458163,1,9.0,0.483092979766395
304.0,6,37.0,0.6607142857142857,9.0331626672752,56,597.0,10.660714285714286,1.0,0.0178571428571428,5,97.0,0.0,4.784858130793789,6.928571428571429,6.928571428571429,14,1,26.0,0.5660414773647227,3,56.0,0.3084338146462452,1,15.0,0.0
312.0,13,81.0,1.396551724137931,8.024906320989421,58,610.0,10.517241379310343,13.0,0.2241379310344827,10,131.0,34.0,5.109389304423463,5.038461538461538,5.038461538461538,26,4,45.0,0.2895902312485117,5,59.0,0.3507789007165396,1,27.0,0.5271854651820271
320.0,11,87.0,1.4262295081967211,7.541010911879341,61,655.0,10.737704918032788,45.0,0.7377049180327869,8,114.0,0.0,5.750428251641578,4.071428571428571,4.071428571428571,28,5,57.0,0.2348829389983722,2,53.0,0.4178376505434836,1,4.0,0.7439256246105264
328.0,13,127.0,1.984375,7.559575532221098,64,727.0,11.359375,72.0,1.125,9,106.0,0.0,4.136312200064726,4.818181818181818,4.818181818181818,22,4,59.0,0.2668360016410284,5,47.0,0.1657149326630435,0,0.0,0.7892160504021569
336.0,13,146.0,2.433333333333333,7.803397374401095,60,635.0,10.583333333333334,0.0,0.0,9,137.0,31.0,5.584957345433607,6.523809523809524,6.523809523809524,21,6,103.0,0.3126563344017317,1,23.0,0.4776161569832071,2,11.0,0.5401000410068388
344.0,9,49.0,0.8448275862068966,7.2825541405077,58,593.0,10.224137931034482,0.0,0.0,7,144.0,7.0,5.0074269164704655,6.0,6.0,24,1,27.0,0.3533289080422159,6,106.0,0.3503367550128076,0,11.0,0.5957248079052967
352.0,15,96.0,1.6271186440677967,7.132248863274383,59,657.0,11.135593220338984,64.0,1.0847457627118644,14,194.0,50.0,2.7194827460217974,7.461538461538462,7.461538461538462,26,4,44.0,0.2557353119655566,9,146.0,0.2262635047186798,1,4.0,0.1883204383484785
360.0,7,46.0,0.7796610169491526,8.265666741057153,59,579.0,9.813559322033898,0.0,0.0,6,125.0,0.0,5.392637295713595,5.681818181818182,5.681818181818182,22,5,64.0,0.1434563935216811,0,54.0,0.5222890871392243,1,7.0,0.6614395716369336
368.0,16,126.0,2.032258064516129,7.252331208694981,62,634.0,10.225806451612904,55.0,0.8870967741935484,16,242.0,117.0,2.519338963438657,9.307692307692308,9.307692307692308,26,7,111.0,0.1969064776105975,6,113.0,0.0965957005719416,3,18.0,0.2669433606908412
376.0,11,165.0,2.5,8.261097241857852,66,693.0,10.5,59.0,0.8939393939393939,7,211.0,0.0,5.466490004603245,9.173913043478262,9.173913043478262,23,7,170.0,0.1838044028304837,0,38.0,0.5166090428105642,0,3.0,0.6793394233888189
384.0,17,276.0,4.119402985074627,7.586795278384306,67,735.0,10.970149253731345,42.0,0.6268656716417911,10,258.0,47.0,4.537186901847944,11.217391304347826,11.217391304347826,23,8,239.0,0.2004131448002858,0,6.0,0.9402846211983612,2,13.0,0.4164835984512189
