step,system_total_stopped,system_total_waiting_time,system_mean_waiting_time,system_mean_speed,system_cars_present,system_accumulated_waiting_time (100),system_accumulated_mean_waiting_time (100),system_accumulated_waiting_time (delta),system_accumulated_mean_waiting_time (delta),agents_total_stopped,agents_total_accumulated_waiting_time (100),agents_total_accumulated_waiting_time (delta),agents_mean_speed,agents_mean_waiting_time (100),agents_mean_waiting_time (delta),agents_cars_present,Col3_1_stopped,Col3_1_accumulated_waiting_time,Col3_1_average_speed,Col3_2_stopped,Col3_2_accumulated_waiting_time,Col3_2_average_speed,Col3_3_stopped,Col3_3_accumulated_waiting_time,Col3_3_average_speed
8.0,1,0.0,0.0,5.116047790343873,4,0.0,0.0,0.0,0.0,1,0.0,0.0,4.505369043862447,0.0,0.0,2,0,0.0,1.0,0,0.0,1.0,1,0.0,0.3268124463580948
16.0,0,0.0,0.0,6.987318956965487,11,0.0,0.0,0.0,0.0,0,0.0,0.0,5.534552172771068,0.0,0.0,4,0,0.0,1.0,0,0.0,0.5441184040775258,0,0.0,0.525499812690749
24.0,3,8.0,0.5,7.560238850296943,16,10.0,0.625,10.0,0.625,2,8.0,8.0,4.139222796222128,2.0,2.0,4,2,8.0,0.0001351782361109,0,0.0,0.9368411773922416,0,0.0,1.0
32.0,5,25.0,1.0416666666666667,8.249538439012065,24,27.0,1.125,17.0,0.7083333333333334,2,24.0,16.0,4.88090732599388,6.0,6.0,4,2,24.0,0.2915469758208531,0,0.0,0.7205931375175709,0,0.0,1.0
40.0,7,45.0,1.5,7.56818606653801,30,53.0,1.7666666666666666,26.0,0.8666666666666667,6,42.0,18.0,3.339392479810459,4.666666666666667,4.666666666666667,9,5,42.0,0.1544153080798555,1,0.0,0.4782283621680181,0,0.0,0.7573355720538923
48.0,9,79.0,2.025641025641025,8.117894002246203,39,90.0,2.3076923076923075,37.0,0.9487179487179488,6,77.0,35.0,6.039275532701334,5.5,5.5,14,4,77.0,0.3876385346392292,1,0.0,0.5912886504333391,1,0.0,0.0037574057701184
56.0,11,73.0,1.7804878048780488,7.297962051805924,41,161.0,3.926829268292683,71.0,1.7317073170731707,9,62.0,0.0,2.5399978291933203,4.428571428571429,4.428571428571429,14,6,46.0,0.0576636947784041,2,8.0,0.4720237959172405,1,8.0,0.4708330712860902
64.0,4,26.0,0.5306122448979592,9.247993769735857,49,184.0,3.755102040816327,23.0,0.4693877551020408,2,39.0,0.0,8.860925030959963,3.25,3.25,12,2,39.0,0.4334791084014208,0,0.0,0.8766912951763968,0,0.0,0.767662461682636
72.0,10,31.0,0.5849056603773585,7.788012498541255,53,163.0,3.0754716981132075,0.0,0.0,7,65.0,26.0,4.975568534896106,3.823529411764706,3.823529411764706,17,4,37.0,0.4014405145970718,1,22.0,0.4894948929948799,2,6.0,0.2098815478787863
80.0,5,13.0,0.2407407407407407,8.553000217538033,54,190.0,3.5185185185185186,27.0,0.5,2,43.0,0.0,5.562079486300232,3.071428571428572,3.071428571428572,14,0,12.0,0.5315894708687674,2,28.0,0.1779109304781515,0,3.0,0.7785288429797045
88.0,9,44.0,0.7857142857142857,7.303769704265581,56,249.0,4.446428571428571,59.0,1.0535714285714286,9,98.0,55.0,4.2658661821674,4.083333333333333,4.083333333333333,24,3,16.0,0.1507430613377984,5,70.0,0.2741710779150316,1,12.0,0.599471344419328
96.0,18,137.0,2.2459016393442623,6.894811075688493,61,352.0,5.770491803278689,103.0,1.6885245901639343,16,196.0,98.0,2.468405854687297,7.538461538461538,7.538461538461538,26,4,34.0,0.2614771218602185,8,130.0,0.1162408114709291,4,32.0,0.1728308897777935
104.0,8,36.0,0.5806451612903226,8.527363596384118,62,434.0,7.0,82.0,1.3225806451612905,4,76.0,0.0,5.879459636653037,4.222222222222222,4.222222222222222,18,3,27.0,0.3112202622533289,1,49.0,0.4582627601486706,0,0.0,0.9392524495623962
112.0,6,17.0,0.2615384615384615,9.288035783645393,65,448.0,6.892307692307693,14.0,0.2153846153846154,2,20.0,0.0,6.644883537037,1.6666666666666667,1.6666666666666667,12,1,2.0,0.5465980272141661,1,18.0,0.3675720318522316,0,0.0,0.9979684052623976
120.0,7,39.0,0.609375,8.91743532266533,64,393.0,6.140625,0.0,0.0,5,56.0,36.0,5.685025056028628,3.111111111111111,3.111111111111111,18,1,10.0,0.3823873031504279,3,44.0,0.4862850120117322,1,2.0,0.3788376522892605
128.0,10,58.0,0.90625,8.11747512789567,64,387.0,6.046875,0.0,0.0,7,101.0,45.0,6.819111681721144,4.208333333333333,4.208333333333333,24,2,20.0,0.5977456262319544,5,78.0,0.4014297628272015,0,3.0,0.8551956667140975
136.0,11,38.0,0.5671641791044776,7.921889399728179,67,422.0,6.298507462686567,35.0,0.5223880597014925,9,87.0,0.0,4.754544443191149,3.782608695652174,3.782608695652174,23,5,57.0,0.2908477903717802,2,22.0,0.4221286532569942,2,8.0,0.1866014112880561
144.0,15,103.0,1.6612903225806452,7.667398702437188,62,468.0,7.548387096774194,46.0,0.7419354838709677,14,126.0,39.0,2.971230802951832,5.478260869565218,5.478260869565218,23,9,93.0,0.0745963446536811,5,33.0,0.329098622353165,0,0.0,0.9985823054320248
152.0,24,195.0,2.9545454545454546,5.50022499663128,66,552.0,8.363636363636363,84.0,1.2727272727272727,20,240.0,114.0,2.801296674177301,7.0588235294117645,7.0588235294117645,34,10,160.0,0.1787908231752293,9,80.0,0.2051643937567232,1,0.0,0.3664085541238406
160.0,17,233.0,3.3768115942028984,5.761219816884188,69,672.0,9.73913043478261,120.0,1.7391304347826086,16,314.0,74.0,2.8342923687582293,8.722222222222221,8.722222222222221,36,16,265.0,0.0865243951240768,0,46.0,0.2832291163008429,0,3.0,0.9344652989983714
168.0,21,197.0,2.736111111111111,6.194557923762484,72,812.0,11.27777777777778,140.0,1.9444444444444444,18,322.0,8.0,2.55195918850766,9.2,9.2,35,8,238.0,0.0972208191090831,10,83.0,0.1650660136328912,0,1.0,0.770270487860092
176.0,9,23.0,0.3108108108108108,6.583234450232666,74,887.0,11.986486486486486,75.0,1.0135135135135136,8,270.0,0.0,4.080910524086389,9.0,9.0,30,6,209.0,0.1553770307402746,0,54.0,0.409540301805953,2,7.0,0.6419963176435487
184.0,17,124.0,1.7222222222222223,7.153298142191876,72,829.0,11.51388888888889,0.0,0.0,13,241.0,0.0,4.280466216335483,8.925925925925926,8.925925925925926,27,10,212.0,0.1282530050844253,0,4.0,0.6081835445652995,3,25.0,0.4748285271241863
192.0,12,71.0,1.0923076923076922,7.081627696135524,65,831.0,12.784615384615384,2.0,0.0307692307692307,11,233.0,0.0,1.7177334940078604,9.32,9.32,25,4,171.0,0.1144013171534266,3,11.0,0.3037954605565993,4,51.0,0.0176979641710584
200.0,19,159.0,2.523809523809524,6.778241506282667,63,917.0,14.555555555555555,86.0,1.3650793650793651,15,267.0,34.0,2.5945464834833776,12.136363636363637,12.136363636363637,22,7,158.0,0.1463422276254858,4,28.0,0.3128658422748403,4,81.0,0.1805143806164297
208.0,20,262.0,4.295081967213115,6.824931033735864,61,805.0,13.19672131147541,0.0,0.0,17,382.0,115.0,3.2097124062027027,14.148148148148149,14.148148148148149,27,11,239.0,0.1418867956130877,2,30.0,0.488723258214407,4,113.0,0.1372386379440583
216.0,9,85.0,1.4166666666666667,7.231765039210653,60,871.0,14.516666666666667,66.0,1.1,8,298.0,0.0,4.406881237414835,11.92,11.92,25,7,211.0,0.131602779939381,1,29.0,0.5274822240081237,0,58.0,0.7308045279103592
224.0,24,179.0,2.671641791044776,6.265672692803684,67,891.0,13.298507462686567,20.0,0.2985074626865671,21,407.0,109.0,2.313369534937093,12.333333333333334,12.333333333333334,33,14,299.0,0.0280032562051786,5,39.0,0.3409561108446237,2,69.0,0.2653535405574103
232.0,15,132.0,1.9701492537313432,6.902960842859226,67,1017.0,15.17910447761194,126.0,1.8805970149253728,9,293.0,0.0,4.688396655384457,10.851851851851851,10.851851851851851,27,5,197.0,0.3068527185382009,1,6.0,0.5567704823123361,3,90.0,0.2737423190659574
240.0,14,133.0,2.015151515151515,7.280293368100743,66,1033.0,15.651515151515152,16.0,0.2424242424242424,10,276.0,0.0,3.4976729104260227,12.545454545454543,12.545454545454543,22,5,149.0,0.1642265120673057,2,13.0,0.5567657369077991,3,114.0,0.1763234189858407
248.0,21,212.0,3.365079365079365,6.388204181335251,63,898.0,14.253968253968257,0.0,0.0,16,369.0,93.0,2.0819797778003517,16.772727272727273,16.772727272727273,22,8,210.0,0.0671960445758093,4,16.0,0.3366218119466438,4,143.0,0.0
256.0,11,170.0,2.65625,7.020221726625339,64,960.0,15.0,62.0,0.96875,9,331.0,0.0,3.355173984682516,15.045454545454543,15.045454545454543,22,3,113.0,0.1637026825771342,3,56.0,0.3637859685153218,3,162.0,0.2270928196478789
264.0,24,273.0,4.403225806451613,5.935570140694711,62,945.0,15.241935483870968,0.0,0.0,13,351.0,20.0,3.5084752957479357,15.954545454545457,15.954545454545457,22,7,128.0,0.1048875744905073,3,31.0,0.3312142124191471,3,192.0,0.4176577268023468
272.0,16,192.0,3.1475409836065573,6.444891645743692,61,911.0,14.934426229508198,0.0,0.0,8,209.0,0.0,4.146958950670959,8.36,8.36,25,5,127.0,0.3600102298749003,2,24.0,0.3481756617413074,1,58.0,0.2689941920491397
280.0,13,215.0,3.257575757575758,7.797356469888792,66,950.0,14.393939393939394,39.0,0.5909090909090909,8,239.0,30.0,5.695266504711744,11.38095238095238,11.38095238095238,21,6,160.0,0.0001934497404114,1,22.0,0.6661415784600389,1,57.0,0.6393777739416048
288.0,22,334.0,5.387096774193548,6.743828716431062,62,875.0,14.112903225806452,0.0,0.0,15,301.0,62.0,3.6626102775013663,12.04,12.04,25,6,211.0,0.2228190044597563,6,71.0,0.3478861185995885,3,19.0,0.3548680191063383
296.0,18,166.0,2.721311475409836,6.482687861705615,61,895.0,14.672131147540984,20.0,0.3278688524590163,13,218.0,0.0,3.4845904200520192,10.38095238095238,10.38095238095238,21,2,77.0,0.2995558866753275,5,84.0,0.4205156977156058,6,57.0,0.1340894094192993
304.0,14,69.0,1.0952380952380951,7.751524706601971,63,926.0,14.698412698412698,31.0,0.492063492063492,8,182.0,0.0,4.674780426158179,9.1,9.1,20,3,85.0,0.4348654004958278,5,87.0,0.2713986468376928,0,10.0,0.3203601314831586
312.0,14,127.0,2.015873015873016,7.288567364670555,63,969.0,15.38095238095238,43.0,0.6825396825396826,8,177.0,0.0,4.215016932466115,9.31578947368421,9.31578947368421,19,3,100.0,0.1947777685008857,5,77.0,0.3582519176856243,0,0.0,0.4918750525286872
320.0,15,145.0,2.1323529411764706,7.186593075251764,68,983.0,14.455882352941176,14.0,0.2058823529411764,10,233.0,56.0,5.51183592596256,8.321428571428571,8.321428571428571,28,3,118.0,0.2495453164500417,7,108.0,0.2575161971527136,0,7.0,0.8063700130021663
328.0,21,186.0,2.776119402985074,5.8310766242882925,67,1081.0,16.134328358208954,98.0,1.462686567164179,12,297.0,64.0,3.9695524282829786,10.607142857142858,10.607142857142858,28,3,139.0,0.4161900365070372,9,151.0,0.083813808765772,0,7.0,0.7857884708316712
336.0,14,106.0,1.582089552238806,6.735440752465787,67,1095.0,16.34328358208955,14.0,0.208955223880597,7,244.0,0.0,4.777893721785453,11.61904761904762,11.61904761904762,21,3,81.0,0.209337468975762,3,155.0,0.3615500526251,1,8.0,0.6475773528418409
344.0,7,28.0,0.4516129032258064,8.024910419763557,62,985.0,15.887096774193548,0.0,0.0,7,115.0,0.0,3.344869238234961,7.1875,7.1875,16,2,53.0,0.2718536512945944,5,62.0,0.2410476201062405,0,0.0,0.9333670116088104
352.0,10,93.0,1.690909090909091,8.24105617423011,55,854.0,15.527272727272727,0.0,0.0,8,120.0,5.0,3.7660558123767656,7.0588235294117645,7.0588235294117645,17,2,31.0,0.1092733404305764,6,82.0,0.2856611360120087,0,7.0,0.9186283575634115
360.0,6,24.0,0.3809523809523809,8.59762983039879,63,876.0,13.904761904761903,22.0,0.3492063492063492,5,88.0,0.0,6.575050119310703,3.6666666666666665,3.6666666666666665,24,4,46.0,0.2914978752294931,0,39.0,0.5790559234325399,1,3.0,0.6188469187807595
368.0,8,33.0,0.515625,8.694541910023018,64,881.0,13.765625,5.0,0.078125,8,92.0,4.0,4.9188990870357605,4.842105263157895,4.842105263157895,19,3,19.0,0.3855239026307809,3,66.0,0.4218588732129224,2,7.0,0.2883435924949302
376.0,10,54.0,0.782608695652174,7.344983190046159,69,803.0,11.63768115942029,0.0,0.0,8,152.0,60.0,4.103510789664899,6.608695652173913,6.608695652173913,23,1,19.0,0.3061493563195372,2,93.0,0.425324399918335,5,40.0,0.2732334911495027
384.0,8,47.0,0.6911764705882353,7.590938760589584,68,812.0,11.941176470588236,9.0,0.1323529411764706,5,155.0,3.0,6.159210689399953,6.739130434782608,6.739130434782608,23,0,18.0,0.6048877909646118,5,126.0,0.3418058900310573,0,11.0,0.5821112425751586
