step,system_total_stopped,system_total_waiting_time,system_mean_waiting_time,system_mean_speed,system_cars_present,system_accumulated_waiting_time (100),system_accumulated_mean_waiting_time (100),system_accumulated_waiting_time (delta),system_accumulated_mean_waiting_time (delta),agents_total_stopped,agents_total_accumulated_waiting_time (100),agents_total_accumulated_waiting_time (delta),agents_mean_speed,agents_mean_waiting_time (100),agents_mean_waiting_time (delta),agents_cars_present,Col3_1_stopped,Col3_1_accumulated_waiting_time,Col3_1_average_speed,Col3_2_stopped,Col3_2_accumulated_waiting_time,Col3_2_average_speed,Col3_3_stopped,Col3_3_accumulated_waiting_time,Col3_3_average_speed
8.0,1,0.0,0.0,5.116047790343873,4,0.0,0.0,0.0,0.0,1,0.0,0.0,4.505369043862447,0.0,0.0,2,0,0.0,1.0,0,0.0,1.0,1,0.0,0.3268124463580948
16.0,0,0.0,0.0,8.01692360566698,11,0.0,0.0,0.0,0.0,0,0.0,0.0,6.969504840951399,0.0,0.0,3,0,0.0,1.0,0,0.0,0.5441184040775258,0,0.0,0.959419166900201
24.0,3,8.0,0.5,7.701923587749171,16,8.0,0.5,8.0,0.5,2,8.0,8.0,4.139222796222128,2.0,2.0,4,2,8.0,0.0001351782361109,0,0.0,0.9368411773922416,0,0.0,1.0
32.0,5,27.0,1.125,7.479990929577224,24,27.0,1.125,19.0,0.7916666666666666,3,27.0,19.0,3.3638011025436056,4.5,4.5,6,2,24.0,0.2891288943587664,1,3.0,0.2722803810732592,0,0.0,1.0
40.0,5,2.0,0.064516129032258,7.45745482818312,31,48.0,1.5483870967741935,21.0,0.6774193548387096,5,2.0,0.0,4.123062454147797,0.2,0.2,10,3,1.0,0.1863132354868499,2,1.0,0.4581780726300661,0,0.0,0.729724504733074
48.0,5,6.0,0.1578947368421052,8.1676090586038,38,48.0,1.263157894736842,0.0,0.0,4,10.0,8.0,6.008114646945425,0.7692307692307693,0.7692307692307693,13,2,9.0,0.3668436664789019,1,1.0,0.5923401894512178,1,0.0,0.0081330284054561
56.0,9,28.0,0.6666666666666666,8.058530237547368,42,82.0,1.9523809523809523,34.0,0.8095238095238095,7,28.0,18.0,4.476273427377764,2.1538461538461537,2.1538461538461537,13,3,9.0,0.2397193867816249,3,11.0,0.393001698033479,1,8.0,0.4564941414735671
64.0,5,49.0,1.0208333333333333,9.815155947339528,48,128.0,2.6666666666666665,46.0,0.9583333333333334,3,41.0,13.0,8.132795965471198,3.4166666666666665,3.4166666666666665,12,2,25.0,0.5238085929553471,0,0.0,0.8791716079310097,1,16.0,0.3261823861614503
72.0,10,60.0,1.0909090909090908,8.766099674432366,55,166.0,3.018181818181818,38.0,0.6909090909090909,6,44.0,3.0,5.510539343355607,2.933333333333333,2.933333333333333,15,1,8.0,0.4303882716302734,3,10.0,0.4046408811027037,2,26.0,0.5097968713368838
80.0,11,76.0,1.4074074074074074,8.134123172591327,54,202.0,3.740740740740741,36.0,0.6666666666666666,5,39.0,0.0,4.841600983985444,2.7857142857142856,2.7857142857142856,14,1,9.0,0.4603914653507341,4,30.0,0.2355569602841,0,0.0,0.734810148639832
88.0,8,102.0,1.8214285714285716,8.369221541619439,56,265.0,4.732142857142857,63.0,1.125,3,42.0,3.0,7.329671751385037,2.333333333333333,2.333333333333333,18,3,21.0,0.3130469719862684,0,21.0,0.700774911271941,0,0.0,0.6360661382711739
96.0,11,40.0,0.6779661016949152,7.60085564491122,59,290.0,4.915254237288136,25.0,0.423728813559322,8,61.0,19.0,4.5874062215506175,3.05,3.05,20,1,18.0,0.5444736005984535,6,37.0,0.1904547222518041,1,6.0,0.367773907264596
104.0,16,101.0,1.7413793103448276,6.919184924476848,58,369.0,6.362068965517241,79.0,1.362068965517241,13,185.0,124.0,3.553245915598227,7.708333333333333,7.708333333333333,24,2,25.0,0.3370187891446136,11,160.0,0.1432600705676749,0,0.0,0.9358428444686764
112.0,9,53.0,0.8688524590163934,7.560206497059077,61,437.0,7.163934426229508,68.0,1.1147540983606556,8,158.0,0.0,3.8758826370576087,6.869565217391305,6.869565217391305,23,5,44.0,0.2833059539729339,3,114.0,0.2357493066612025,0,0.0,0.905433059023988
120.0,5,87.0,1.359375,10.126427442313364,64,449.0,7.015625,12.0,0.1875,5,105.0,0.0,6.2384810681559655,6.176470588235294,6.176470588235294,17,3,40.0,0.2584897163526914,2,65.0,0.5882379707416185,0,0.0,0.633547534298883
128.0,9,27.0,0.4090909090909091,7.977465388870747,66,454.0,6.878787878787879,5.0,0.0757575757575757,6,52.0,0.0,4.492124391907132,3.0588235294117645,3.0588235294117645,17,3,26.0,0.2755321554544966,3,22.0,0.2772585903084582,0,4.0,0.9229351364774292
136.0,10,59.0,0.8805970149253731,8.784420882708641,67,453.0,6.7611940298507465,0.0,0.0,7,78.0,26.0,6.238950263826675,3.391304347826087,3.391304347826087,23,1,8.0,0.6468320453147474,6,66.0,0.2815344784226108,0,4.0,0.6171918243571514
144.0,13,67.0,1.0634920634920637,7.995855069873994,63,472.0,7.492063492063492,19.0,0.3015873015873015,7,58.0,0.0,5.0415977121038695,3.411764705882353,3.411764705882353,17,2,15.0,0.3839201625232689,4,35.0,0.3888266392825976,1,8.0,0.46769273842206
152.0,14,108.0,1.611940298507463,8.179520194269887,67,525.0,7.835820895522388,53.0,0.7910447761194029,9,126.0,68.0,4.929195865013432,5.727272727272728,5.727272727272728,22,3,29.0,0.2648934098556115,4,72.0,0.3980120257772203,2,25.0,0.3809534466923737
160.0,14,81.0,1.2461538461538462,7.852337535672976,65,454.0,6.984615384615385,0.0,0.0,8,119.0,0.0,5.844122630683793,4.103448275862069,4.103448275862069,29,5,57.0,0.3357294837737416,2,49.0,0.4895608474591764,1,13.0,0.563868923290771
168.0,23,191.0,2.8507462686567164,7.026733791031546,67,574.0,8.567164179104477,120.0,1.791044776119403,19,215.0,96.0,2.205596298024051,7.166666666666667,7.166666666666667,30,7,96.0,0.2105525675615331,9,95.0,0.1109322627999436,3,24.0,0.3677946317689945
176.0,21,252.0,3.652173913043478,7.047726587441185,69,731.0,10.594202898550725,157.0,2.27536231884058,21,368.0,153.0,4.078270259734926,9.945945945945946,9.945945945945946,37,9,192.0,0.2218667495411082,10,167.0,0.234429018905227,2,9.0,0.6974344330686866
184.0,32,452.0,6.848484848484849,4.930060093961387,66,877.0,13.287878787878787,146.0,2.212121212121212,30,574.0,206.0,1.798805481123032,14.35,14.35,40,13,277.0,0.0004803233876038,15,289.0,0.2191088057937422,2,8.0,0.4390375577891704
192.0,11,84.0,1.3125,6.014751842080187,64,1036.0,16.1875,159.0,2.484375,10,343.0,0.0,3.193682553266973,10.71875,10.71875,32,4,187.0,0.211661792835184,4,148.0,0.2334487392273501,2,8.0,0.3163781125670742
200.0,15,149.0,2.2238805970149254,7.392409901347267,67,1136.0,16.955223880597014,100.0,1.492537313432836,14,298.0,0.0,1.8361312277169868,12.956521739130435,12.956521739130435,23,4,141.0,0.0673860275300551,8,136.0,0.1816176795949571,2,21.0,0.0
208.0,16,112.0,1.75,6.384124907962016,64,876.0,13.6875,0.0,0.0,13,275.0,0.0,2.662750491715152,11.0,11.0,25,5,147.0,0.2053893342939719,8,128.0,0.1704286744102007,0,0.0,0.672584120183607
216.0,13,122.0,1.967741935483871,6.645347305991941,62,865.0,13.951612903225806,0.0,0.0,9,277.0,2.0,3.5388548951234307,11.541666666666666,11.541666666666666,24,5,167.0,0.2435351408413648,4,110.0,0.2217355834223333,0,0.0,0.8032327372397274
224.0,19,220.0,3.3846153846153846,7.293480044378322,65,735.0,11.307692307692308,0.0,0.0,15,261.0,0.0,2.6922861095560786,11.347826086956522,11.347826086956522,23,7,145.0,0.1269506512355648,8,112.0,0.1675534426431348,0,4.0,0.986174884282394
232.0,15,216.0,3.724137931034482,7.150221697860949,58,620.0,10.689655172413794,0.0,0.0,14,310.0,49.0,3.5181498052857325,11.923076923076923,11.923076923076923,26,6,143.0,0.2019946844197284,7,159.0,0.3060496097991988,1,8.0,0.4586574284196068
240.0,9,134.0,2.2333333333333334,7.729302395061249,60,667.0,11.116666666666667,47.0,0.7833333333333333,8,230.0,0.0,5.387621764437752,10.0,10.0,23,1,47.0,0.4090754339462336,6,175.0,0.3985512803156227,1,8.0,0.5236475235883974
248.0,14,208.0,3.466666666666667,7.899695345425557,60,729.0,12.15,62.0,1.0333333333333334,13,247.0,17.0,2.4990226747034514,13.0,13.0,19,4,34.0,0.1555717961771905,9,213.0,0.1826411231917334,0,0.0,1.0
256.0,9,27.0,0.4736842105263157,7.162004197494352,57,770.0,13.508771929824562,41.0,0.7192982456140351,5,174.0,0.0,2.155940027871868,10.235294117647058,10.235294117647058,17,2,11.0,0.1583259058246485,3,163.0,0.1727143069476793,0,0.0,1.0
264.0,16,84.0,1.4482758620689655,7.071797774772007,58,794.0,13.689655172413794,24.0,0.4137931034482758,11,223.0,49.0,4.249184260646106,10.136363636363637,10.136363636363637,22,1,3.0,0.6926835606005646,10,219.0,0.1393420125932468,0,1.0,0.8162480753950601
272.0,18,156.0,2.736842105263158,7.278337110010964,57,777.0,13.63157894736842,0.0,0.0,14,301.0,78.0,4.936594251120514,10.379310344827584,10.379310344827584,29,2,13.0,0.5647649053901828,10,279.0,0.3477418804503602,2,9.0,0.2858496397526582
280.0,16,189.0,3.0,7.543822294036092,63,826.0,13.11111111111111,49.0,0.7777777777777778,12,337.0,36.0,4.081008628007325,14.041666666666666,14.041666666666666,24,2,10.0,0.0459637952872965,10,324.0,0.2661803955593095,0,3.0,0.8003285657294326
288.0,17,304.0,5.152542372881356,7.2643401781018255,59,852.0,14.440677966101696,26.0,0.4406779661016949,14,479.0,142.0,3.9236599921455366,19.16,19.16,25,3,32.0,0.2074087384714749,11,441.0,0.288342143052086,0,6.0,0.6695849541894289
296.0,17,185.0,3.0327868852459017,6.278360788369087,61,981.0,16.081967213114755,129.0,2.114754098360656,13,397.0,0.0,3.6553929687671807,14.703703703703704,14.703703703703704,27,5,85.0,0.256212303887873,7,305.0,0.3286702555609745,1,7.0,0.454392859824872
304.0,11,115.0,1.9166666666666667,7.500334322919859,60,999.0,16.65,18.0,0.3,10,390.0,0.0,4.617960288773494,15.6,15.6,25,4,117.0,0.3635572548137102,6,273.0,0.2389632347807983,0,0.0,0.9487073230827352
312.0,17,118.0,1.7878787878787878,8.089100606320535,66,1040.0,15.757575757575758,41.0,0.6212121212121212,15,394.0,4.0,3.9419351834159886,14.592592592592592,14.592592592592592,27,4,40.0,0.2493331224940484,11,351.0,0.2303328194272713,0,3.0,0.5923916275616571
320.0,13,102.0,1.5223880597014925,7.07864775810146,67,939.0,14.014925373134329,0.0,0.0,10,297.0,0.0,4.428409291878421,10.241379310344827,10.241379310344827,29,4,39.0,0.2429301773063364,5,250.0,0.2512615848898857,1,8.0,0.6355358615985822
328.0,9,56.0,0.9333333333333332,7.360279171292076,60,848.0,14.133333333333333,0.0,0.0,7,263.0,0.0,4.182246390480223,13.842105263157896,13.842105263157896,19,2,13.0,0.5103756119749656,5,250.0,0.0269931376180497,0,0.0,0.7078353970111397
336.0,8,77.0,1.2622950819672132,8.106460906756539,61,873.0,14.311475409836063,25.0,0.4098360655737705,6,258.0,0.0,3.650678884230612,13.578947368421051,13.578947368421051,19,5,41.0,0.0798240839701956,1,217.0,0.2651360093218151,0,0.0,0.8860729782288733
344.0,11,98.0,1.6896551724137931,7.689714022281702,58,849.0,14.637931034482758,0.0,0.0,10,256.0,0.0,4.32947418444119,10.666666666666666,10.666666666666666,24,7,105.0,0.2290050590561549,3,146.0,0.288582679015426,0,5.0,0.9538501222455728
352.0,17,169.0,2.864406779661017,7.077590680240485,59,904.0,15.322033898305085,55.0,0.9322033898305084,13,227.0,0.0,3.7385293003686257,8.73076923076923,8.73076923076923,26,7,126.0,0.1837846720758055,5,94.0,0.3853001812824626,1,7.0,0.3687546467490802
360.0,6,27.0,0.4285714285714285,7.995850294701231,63,855.0,13.571428571428571,0.0,0.0,4,59.0,0.0,6.268393827429221,2.565217391304348,2.565217391304348,23,3,38.0,0.2145658495469171,0,19.0,0.6619281344304166,1,2.0,0.6200367624247619
368.0,11,58.0,0.8923076923076924,7.829882151180623,65,862.0,13.261538461538462,7.0,0.1076923076923077,11,100.0,41.0,4.254198787910588,4.166666666666667,4.166666666666667,24,2,39.0,0.3438913359408273,6,55.0,0.1071779483380003,3,6.0,0.4674840700024244
376.0,7,32.0,0.4923076923076923,8.458785823174573,65,729.0,11.215384615384616,0.0,0.0,4,39.0,0.0,5.91948277358435,2.1666666666666665,2.1666666666666665,18,4,28.0,0.2391622394458167,0,8.0,0.587843877796452,0,3.0,0.6550694083126004
384.0,5,33.0,0.5076923076923077,8.261037090414334,65,581.0,8.938461538461539,0.0,0.0,2,38.0,0.0,6.100634790046895,2.375,2.375,16,0,15.0,0.5545351110778347,1,19.0,0.4743720490753357,1,4.0,0.532179274924615
