step,system_total_stopped,system_total_waiting_time,system_mean_waiting_time,system_mean_speed,system_cars_present,system_accumulated_waiting_time (100),system_accumulated_mean_waiting_time (100),system_accumulated_waiting_time (delta),system_accumulated_mean_waiting_time (delta),agents_total_stopped,agents_total_accumulated_waiting_time (100),agents_total_accumulated_waiting_time (delta),agents_mean_speed,agents_mean_waiting_time (100),agents_mean_waiting_time (delta),agents_cars_present,Col8_1_stopped,Col8_1_accumulated_waiting_time,Col8_1_average_speed,Col8_2_stopped,Col8_2_accumulated_waiting_time,Col8_2_average_speed,Col8_3_stopped,Col8_3_accumulated_waiting_time,Col8_3_average_speed,Col8_4_stopped,Col8_4_accumulated_waiting_time,Col8_4_average_speed,Col8_5_stopped,Col8_5_accumulated_waiting_time,Col8_5_average_speed,Col8_6_stopped,Col8_6_accumulated_waiting_time,Col8_6_average_speed,Col8_7_stopped,Col8_7_accumulated_waiting_time,Col8_7_average_speed,Col8_8_stopped,Col8_8_accumulated_waiting_time,Col8_8_average_speed
8.0,1.0,1.0,0.1428571428571428,6.935427637650408,7.0,1.0,0.1428571428571428,1.0,0.1428571428571428,0.0,0.0,0.0,9.58373626219538,0.0,0.0,4.0,0.0,0.0,1.0,0.0,0.0,0.9747362870124042,0.0,0.0,0.5613217849164936,0.0,0.0,0.9730829268395702,0.0,0.0,1.0,0.0,0.0,1.0,0.0,0.0,1.0,0.0,0.0,1.0
16.0,2.0,4.0,0.2857142857142857,7.461200469196081,14.0,5.0,0.3571428571428571,4.0,0.2857142857142857,2.0,5.0,5.0,7.562844736174219,0.5,0.5,10.0,0.0,0.0,1.0,1.0,1.0,0.4058697878285949,0.0,0.0,0.6975508425041043,1.0,4.0,0.333659754375158,0.0,0.0,1.0,0.0,0.0,1.0,0.0,0.0,1.0,0.0,0.0,1.0
24.0,1.0,9.0,0.45,7.842759669698559,20.0,20.0,1.0,15.0,0.75,1.0,11.0,6.0,7.537533551581504,0.7857142857142857,0.7857142857142857,14.0,0.0,0.0,0.224224072790711,1.0,9.0,0.3522828982796708,0.0,0.0,0.7262880127585689,0.0,2.0,0.2997058516333872,0.0,0.0,1.0,0.0,0.0,1.0,0.0,0.0,1.0,0.0,0.0,1.0
32.0,0.0,0.0,0.0,9.111391485149165,25.0,24.0,0.96,4.0,0.16,0.0,3.0,0.0,9.597345269376966,0.1875,0.1875,16.0,0.0,3.0,0.6376279443340322,0.0,0.0,0.6145858998597399,0.0,0.0,0.7625958798918042,0.0,0.0,1.0,0.0,0.0,1.0,0.0,0.0,1.0,0.0,0.0,0.9037559527243272,0.0,0.0,1.0
40.0,3.0,10.0,0.2941176470588235,9.61873983302878,34.0,34.0,1.0,10.0,0.2941176470588235,3.0,13.0,10.0,9.417204920029471,0.5652173913043478,0.5652173913043478,23.0,0.0,3.0,0.9202495507561796,2.0,5.0,0.6861364014007559,0.0,0.0,0.8111616129331235,0.0,0.0,1.0,0.0,0.0,1.0,0.0,0.0,1.0,1.0,5.0,8.245960664339666e-06,0.0,0.0,1.0
48.0,5.0,10.0,0.2564102564102564,8.299059919002117,39.0,44.0,1.1282051282051282,10.0,0.2564102564102564,5.0,10.0,0.0,6.897062814479266,0.4545454545454545,0.4545454545454545,22.0,3.0,7.0,0.2446020190538767,2.0,3.0,0.6034486796575127,0.0,0.0,0.7013041804321286,0.0,0.0,1.0,0.0,0.0,1.0,0.0,0.0,1.0,0.0,0.0,1.0,0.0,0.0,1.0
56.0,7.0,41.0,0.9761904761904762,7.768393293572026,42.0,80.0,1.9047619047619049,36.0,0.8571428571428571,6.0,47.0,37.0,6.897252348605435,1.807692307692308,1.807692307692308,26.0,3.0,34.0,0.3590605370813081,3.0,10.0,0.5438620341143434,0.0,3.0,0.9078420902278052,0.0,0.0,0.9702659127980752,0.0,0.0,1.0,0.0,0.0,1.0,0.0,0.0,1.0,0.0,0.0,1.0
64.0,6.0,63.0,1.431818181818182,7.17300377296786,44.0,130.0,2.9545454545454546,50.0,1.1363636363636365,6.0,80.0,33.0,6.489553155425864,2.7586206896551726,2.7586206896551726,29.0,3.0,58.0,0.465343642991073,2.0,18.0,0.60443388980396,1.0,4.0,0.463372343780586,0.0,0.0,0.8439059706123352,0.0,0.0,1.0,0.0,0.0,1.0,0.0,0.0,1.0,0.0,0.0,1.0
72.0,4.0,11.0,0.2291666666666666,7.731886618543527,48.0,172.0,3.583333333333333,42.0,0.875,3.0,38.0,0.0,6.41275069738825,1.6521739130434785,1.6521739130434785,23.0,0.0,9.0,0.7427697590531591,3.0,23.0,0.3974358976590547,0.0,3.0,0.6836113276283291,0.0,0.0,0.9881068158378749,0.0,0.0,1.0,0.0,3.0,0.8223224419934976,0.0,0.0,1.0,0.0,0.0,1.0
80.0,6.0,27.0,0.54,7.924713126371922,50.0,203.0,4.06,31.0,0.62,6.0,63.0,25.0,6.255537561790242,2.25,2.25,28.0,3.0,28.0,0.4903572927305442,2.0,25.0,0.5879691659692402,1.0,10.0,0.5206804868590917,0.0,0.0,0.6712642510358281,0.0,0.0,1.0,0.0,0.0,0.6284912533031847,0.0,0.0,1.0,0.0,0.0,1.0
88.0,9.0,66.0,1.32,7.690043157854193,50.0,227.0,4.54,24.0,0.48,8.0,106.0,43.0,6.3976609172672125,3.925925925925926,3.925925925925926,27.0,4.0,57.0,0.4397814265635686,2.0,27.0,0.5269888052285515,1.0,18.0,0.7047791740012392,0.0,0.0,0.268621773071553,0.0,0.0,1.0,1.0,4.0,8.776003857071972e-05,0.0,0.0,0.933220211302174,0.0,0.0,1.0
96.0,2.0,6.0,0.1395348837209302,8.777230680235693,43.0,212.0,4.930232558139535,0.0,0.0,2.0,37.0,0.0,8.368998396351012,2.055555555555556,2.055555555555556,18.0,1.0,20.0,0.6100826374386613,1.0,14.0,0.7190360158944781,0.0,3.0,0.9478579468711515,0.0,0.0,0.8915606955588105,0.0,0.0,1.0,0.0,0.0,1.0,0.0,0.0,1.0,0.0,0.0,1.0
104.0,6.0,25.0,0.5434782608695652,8.454983420336237,46.0,240.0,5.217391304347826,28.0,0.6086956521739131,5.0,60.0,23.0,6.41954995582603,3.333333333333333,3.333333333333333,18.0,3.0,39.0,0.4466850748691786,1.0,16.0,0.6245889144406797,1.0,5.0,0.6358108564077519,0.0,0.0,0.8929738035739242,0.0,0.0,1.0,0.0,0.0,1.0,0.0,0.0,1.0,0.0,0.0,1.0
112.0,2.0,2.0,0.0476190476190476,9.021699694510035,42.0,224.0,5.333333333333333,0.0,0.0,1.0,25.0,0.0,8.354264607764023,1.5625,1.5625,16.0,0.0,15.0,0.6521887070915184,1.0,4.0,0.6984250469511232,0.0,3.0,0.9182281397080416,0.0,3.0,0.9765956245908808,0.0,0.0,1.0,0.0,0.0,0.9982739069882682,0.0,0.0,0.5922038993095746,0.0,0.0,1.0
120.0,1.0,2.0,0.0476190476190476,9.79448662905641,42.0,189.0,4.5,0.0,0.0,1.0,14.0,0.0,9.496134306974664,0.7777777777777778,0.7777777777777778,18.0,0.0,3.0,0.9333112208844768,0.0,6.0,0.9139527649585858,0.0,0.0,1.0,0.0,3.0,0.6255008270228442,0.0,0.0,1.0,1.0,2.0,0.4482083313923211,0.0,0.0,0.9210279301789212,0.0,0.0,1.0
128.0,5.0,26.0,0.6046511627906976,8.64724812321204,43.0,183.0,4.255813953488372,0.0,0.0,5.0,38.0,24.0,7.727727172219263,1.6521739130434785,1.6521739130434785,23.0,0.0,3.0,0.8042548065337104,0.0,6.0,0.7991346232006434,0.0,3.0,0.8079436505624344,2.0,8.0,0.1401811960449931,0.0,0.0,1.0,2.0,14.0,0.3216260752810392,1.0,4.0,0.0179948059955992,0.0,0.0,1.0
136.0,4.0,19.0,0.4418604651162791,9.155031381221384,43.0,182.0,4.232558139534884,0.0,0.0,4.0,27.0,0.0,7.573372009598767,1.4210526315789471,1.4210526315789471,19.0,3.0,18.0,0.4915131151710378,0.0,2.0,0.7622519139683097,0.0,0.0,0.8946603165023732,0.0,3.0,0.980200035850894,0.0,0.0,1.0,1.0,4.0,0.4944837125090057,0.0,0.0,1.0,0.0,0.0,1.0
144.0,5.0,13.0,0.3170731707317073,9.18933395899975,41.0,177.0,4.317073170731708,0.0,0.0,4.0,28.0,1.0,7.96032254540406,1.5555555555555556,1.5555555555555556,18.0,1.0,2.0,0.753353183462363,2.0,14.0,0.5297421205746569,0.0,0.0,0.6498325096293209,0.0,3.0,0.9796860482052856,0.0,0.0,1.0,1.0,2.0,0.0010680333501267,0.0,7.0,0.9399831572780336,0.0,0.0,1.0
160.0,3.0,29.0,0.8055555555555556,8.87886253463026,36.0,185.0,5.138888888888889,0.0,0.0,3.0,53.0,14.0,7.718353642700543,3.3125,3.3125,16.0,0.0,7.0,0.9505680672619377,1.0,26.0,0.5892808916823574,1.0,3.0,0.428941914333544,0.0,0.0,1.0,0.0,0.0,1.0,1.0,14.0,0.4474908260167171,0.0,3.0,0.8674066451577601,0.0,0.0,1.0
168.0,1.0,4.0,0.125,10.007751604714414,32.0,174.0,5.4375,0.0,0.0,1.0,22.0,0.0,9.1471025141379,2.2,2.2,10.0,0.0,4.0,0.7201089292821665,0.0,11.0,0.9467832574304044,0.0,0.0,0.909356499722608,0.0,0.0,1.0,0.0,0.0,1.0,1.0,4.0,0.4793131803941363,0.0,3.0,0.9389168061899156,0.0,0.0,1.0
176.0,2.0,0.0,0.0,9.575845524357458,31.0,136.0,4.387096774193548,0.0,0.0,1.0,10.0,0.0,9.015814185371692,0.9090909090909092,0.9090909090909092,11.0,0.0,0.0,0.7603324914275768,1.0,7.0,0.5940159431253685,0.0,3.0,0.909740720006317,0.0,0.0,1.0,0.0,0.0,1.0,0.0,0.0,1.0,0.0,0.0,1.0,0.0,0.0,0.9595945335129747
184.0,4.0,7.0,0.2258064516129032,8.142625711045065,31.0,114.0,3.6774193548387095,0.0,0.0,3.0,27.0,17.0,7.564664464884618,1.4210526315789471,1.4210526315789471,19.0,1.0,0.0,0.6220877927671724,0.0,7.0,0.7276284196408566,2.0,10.0,0.4588468914819503,0.0,0.0,0.5343156305401806,0.0,0.0,1.0,0.0,7.0,0.7101993253819913,0.0,3.0,0.9370993544980144,0.0,0.0,0.9414305913738444
192.0,4.0,15.0,0.46875,8.30702539180729,32.0,111.0,3.46875,0.0,0.0,4.0,26.0,0.0,6.587640872055386,1.7333333333333334,1.7333333333333334,15.0,0.0,0.0,0.911385446100092,3.0,18.0,0.2823124697169951,0.0,3.0,0.7031032712794817,1.0,4.0,0.0001093017800715,0.0,0.0,1.0,0.0,1.0,0.7815640216327477,0.0,0.0,1.0,0.0,0.0,1.0
200.0,2.0,12.0,0.4444444444444444,9.651186309129914,27.0,115.0,4.25925925925926,4.0,0.1481481481481481,2.0,24.0,0.0,9.278832398932892,1.6,1.6,15.0,0.0,3.0,0.865700321082115,0.0,5.0,0.944077996542672,0.0,3.0,0.9344631020900712,0.0,0.0,1.0,0.0,0.0,1.0,2.0,13.0,0.4567022908327788,0.0,0.0,0.0440881469877593,0.0,0.0,0.9300134327803344
208.0,2.0,4.0,0.125,9.41147216252153,32.0,128.0,4.0,13.0,0.40625,2.0,15.0,0.0,9.061099190732124,1.1538461538461535,1.1538461538461535,13.0,0.0,3.0,0.9787810064810883,0.0,5.0,0.6120724010742892,0.0,3.0,0.9321584210459036,0.0,0.0,0.5787336972349771,0.0,0.0,1.0,2.0,4.0,0.0029549109312819,0.0,0.0,1.0,0.0,0.0,0.9490600686165916
216.0,3.0,20.0,0.6060606060606061,8.452153584186586,33.0,106.0,3.212121212121212,0.0,0.0,2.0,33.0,18.0,7.169473686614159,2.0625,2.0625,16.0,0.0,3.0,0.4830458094382138,0.0,5.0,0.7638587978569811,0.0,3.0,0.8541197618518402,0.0,0.0,0.6829858351130771,0.0,0.0,0.4242104203465387,2.0,22.0,0.3309329493760229,0.0,0.0,1.0,0.0,0.0,1.0
224.0,3.0,17.0,0.5483870967741935,7.979812370432997,31.0,104.0,3.3548387096774195,0.0,0.0,3.0,28.0,0.0,6.718911719432612,2.8,2.8,10.0,1.0,11.0,0.4982907255571892,1.0,9.0,0.7568624738612495,0.0,3.0,0.9328649148754938,1.0,5.0,7.820207819535037e-06,0.0,0.0,1.0,0.0,0.0,1.0,0.0,0.0,0.1063325865335407,0.0,0.0,1.0
232.0,2.0,18.0,0.6206896551724138,8.238143258912046,29.0,120.0,4.137931034482759,16.0,0.5517241379310345,2.0,32.0,4.0,7.5466551014398675,2.909090909090909,2.909090909090909,11.0,1.0,22.0,0.5293176099473822,1.0,2.0,0.4504250192650652,0.0,3.0,0.8533105219927635,0.0,0.0,1.0,0.0,0.0,1.0,0.0,2.0,0.961870276582112,0.0,3.0,0.9436104045833108,0.0,0.0,1.0
240.0,3.0,21.0,0.8076923076923077,8.791103599213134,26.0,129.0,4.961538461538462,9.0,0.3461538461538461,3.0,29.0,0.0,7.11407611059369,3.2222222222222223,3.2222222222222223,9.0,0.0,3.0,0.9443924387359646,2.0,16.0,0.4741100777655668,0.0,3.0,0.8886859976780725,0.0,0.0,0.9471632918145882,0.0,0.0,1.0,1.0,7.0,6.498930204648854e-05,0.0,0.0,1.0,0.0,0.0,1.0
248.0,1.0,5.0,0.1923076923076923,8.594549118658826,26.0,144.0,5.538461538461538,15.0,0.5769230769230769,1.0,18.0,0.0,8.175616222882741,2.0,2.0,9.0,0.0,0.0,0.9131059391310236,0.0,0.0,0.8620195254663386,1.0,15.0,0.6989320579675063,0.0,0.0,0.9417188791519936,0.0,0.0,1.0,0.0,3.0,0.957641800718044,0.0,0.0,1.0,0.0,0.0,1.0
256.0,2.0,6.0,0.2307692307692307,8.061465042374582,26.0,122.0,4.6923076923076925,0.0,0.0,2.0,16.0,0.0,6.547758322934636,1.6,1.6,10.0,0.0,0.0,0.9162176688840604,0.0,0.0,0.927679617042458,0.0,7.0,0.619340025849994,1.0,1.0,0.4294939217286448,0.0,0.0,1.0,1.0,8.0,4.762426867021991e-05,0.0,0.0,1.0,0.0,0.0,1.0
264.0,3.0,14.0,0.5185185185185185,7.926651562543285,27.0,109.0,4.037037037037037,0.0,0.0,3.0,21.0,5.0,7.608791786816764,1.75,1.75,12.0,0.0,0.0,0.9258050562106446,1.0,3.0,0.5534248553165169,0.0,4.0,0.8994940384265804,2.0,14.0,0.3252005688307739,0.0,0.0,1.0,0.0,0.0,1.0,0.0,0.0,0.952623328915664,0.0,0.0,1.0
272.0,2.0,11.0,0.3333333333333333,8.248643991547702,33.0,124.0,3.757575757575758,15.0,0.4545454545454545,2.0,21.0,0.0,7.492695314859015,1.2352941176470589,1.2352941176470589,17.0,1.0,0.0,0.4527198356612315,1.0,11.0,0.6059685830785215,0.0,4.0,0.9406796204420887,0.0,3.0,0.6935488654959975,0.0,0.0,1.0,0.0,0.0,0.8980711804277369,0.0,3.0,0.9746169756881417,0.0,0.0,1.0
280.0,9.0,51.0,1.59375,6.835001872475786,32.0,150.0,4.6875,26.0,0.8125,8.0,58.0,37.0,5.559252182183605,3.411764705882353,3.411764705882353,17.0,1.0,7.0,0.7071951843660269,4.0,33.0,0.2684351493520812,0.0,4.0,0.9089965800396234,1.0,8.0,1.5156387776767613e-05,0.0,0.0,0.6314923689343946,2.0,6.0,0.3251202614990978,0.0,0.0,1.0,0.0,0.0,1.0
288.0,5.0,31.0,1.0333333333333334,7.425373651321009,30.0,175.0,5.833333333333333,25.0,0.8333333333333334,5.0,35.0,0.0,5.45423915373293,2.6923076923076925,2.6923076923076925,13.0,1.0,3.0,0.5844501225530137,2.0,16.0,0.3323669023002754,0.0,4.0,0.8983343278402831,0.0,0.0,0.9258085879722788,0.0,0.0,1.0,2.0,12.0,4.352460808474369e-06,0.0,0.0,0.9464104556712164,0.0,0.0,1.0
296.0,2.0,32.0,1.1428571428571428,8.056055172660662,28.0,162.0,5.785714285714286,0.0,0.0,2.0,34.0,0.0,5.494751556501337,2.6153846153846154,2.6153846153846154,13.0,0.0,0.0,0.7312603001159261,2.0,30.0,0.0144677758028858,0.0,4.0,0.9314256657743332,0.0,0.0,0.5139589549780871,0.0,0.0,0.178262130139501,0.0,0.0,1.0,0.0,0.0,1.0,0.0,0.0,1.0
304.0,4.0,17.0,0.6296296296296297,7.098856749376284,27.0,136.0,5.037037037037037,0.0,0.0,4.0,24.0,0.0,4.901605284881762,1.8461538461538465,1.8461538461538465,13.0,2.0,9.0,0.253307509118636,1.0,7.0,0.3254816107592914,1.0,8.0,0.5846862887814682,0.0,0.0,0.8981850464008606,0.0,0.0,0.4053600330667427,0.0,0.0,1.0,0.0,0.0,1.0,0.0,0.0,1.0
312.0,4.0,42.0,1.68,7.866365053165525,25.0,156.0,6.24,20.0,0.8,4.0,52.0,28.0,6.605065774491366,4.0,4.0,13.0,2.0,25.0,0.4907262074627432,0.0,0.0,0.7720097009848074,2.0,27.0,0.5780710086769631,0.0,0.0,0.8994894959158046,0.0,0.0,1.0,0.0,0.0,1.0,0.0,0.0,1.0,0.0,0.0,1.0
320.0,3.0,30.0,1.2,6.952749795374091,25.0,174.0,6.96,18.0,0.72,3.0,41.0,0.0,5.524213729197161,3.1538461538461537,3.1538461538461537,13.0,1.0,21.0,0.477233300366256,0.0,0.0,0.2526225737005264,1.0,16.0,0.5488281350687434,1.0,4.0,0.4388910322161845,0.0,0.0,1.0,0.0,0.0,1.0,0.0,0.0,1.0,0.0,0.0,1.0
328.0,4.0,37.0,1.4230769230769231,8.306381324903377,26.0,172.0,6.615384615384615,0.0,0.0,3.0,44.0,3.0,7.671124375491122,4.888888888888889,4.888888888888889,9.0,1.0,29.0,0.710675412968016,0.0,0.0,0.9204725204862488,2.0,15.0,0.2990912764770153,0.0,0.0,1.0,0.0,0.0,1.0,0.0,0.0,0.9512715013733164,0.0,0.0,1.0,0.0,0.0,1.0
336.0,2.0,5.0,0.1851851851851851,8.466276570932441,27.0,180.0,6.666666666666667,8.0,0.2962962962962963,2.0,13.0,0.0,4.690920357324255,1.3,1.3,10.0,0.0,0.0,0.4607625818799081,1.0,1.0,0.2163827267777362,0.0,3.0,0.8494380511601828,0.0,5.0,0.5889833736346791,0.0,0.0,1.0,1.0,4.0,0.0,0.0,0.0,1.0,0.0,0.0,1.0
344.0,4.0,3.0,0.1111111111111111,7.560417225274187,27.0,155.0,5.7407407407407405,0.0,0.0,1.0,15.0,2.0,6.546661730920732,1.3636363636363635,1.3636363636363635,11.0,0.0,3.0,0.5861023418703923,0.0,4.0,0.9417153932070936,0.0,3.0,0.9160493051650016,1.0,2.0,0.0858855560452882,0.0,0.0,1.0,0.0,3.0,0.9067994934284844,0.0,0.0,0.9950536400601264,0.0,0.0,1.0
352.0,0.0,0.0,0.0,10.00777193915168,29.0,119.0,4.103448275862069,0.0,0.0,0.0,13.0,0.0,10.190201005776954,1.181818181818182,1.181818181818182,11.0,0.0,3.0,0.7872147204741646,0.0,4.0,0.8125583516242305,0.0,3.0,0.917438962154031,0.0,3.0,0.7065331663518363,0.0,0.0,1.0,0.0,0.0,1.0,0.0,0.0,0.9212831704528834,0.0,0.0,1.0
360.0,5.0,9.0,0.2368421052631578,7.783824629751773,38.0,92.0,2.421052631578948,0.0,0.0,5.0,19.0,6.0,6.540864919001425,1.2666666666666666,1.2666666666666666,15.0,2.0,3.0,0.5358638094251101,0.0,4.0,0.8944998211582481,0.0,3.0,0.8735305823344429,2.0,8.0,0.3838653857178145,0.0,0.0,1.0,0.0,0.0,1.0,1.0,1.0,9.97405997160214e-05,0.0,0.0,1.0
368.0,5.0,33.0,0.8048780487804879,7.864684006353914,41.0,123.0,3.0,31.0,0.7560975609756098,5.0,40.0,21.0,6.527769192774731,2.1052631578947367,2.1052631578947367,19.0,0.0,0.0,0.9054780511010032,0.0,4.0,0.6967885051834756,0.0,3.0,0.8381101857028479,5.0,33.0,0.1358721127350071,0.0,0.0,1.0,0.0,0.0,1.0,0.0,0.0,0.9134872187962086,0.0,0.0,1.0
384.0,2.0,12.0,0.2307692307692307,8.133533903296925,52.0,179.0,3.4423076923076925,18.0,0.3461538461538461,2.0,29.0,0.0,8.172050939064226,1.380952380952381,1.380952380952381,21.0,0.0,3.0,0.8692069696266606,1.0,15.0,0.3926965183024465,0.0,1.0,0.8478598274565672,0.0,9.0,0.4265464843078453,0.0,0.0,0.5879815007580249,1.0,1.0,0.0028603452529547,0.0,0.0,1.0,0.0,0.0,1.0
392.0,1.0,8.0,0.1509433962264151,8.6728624210018,53.0,193.0,3.641509433962264,14.0,0.2641509433962264,1.0,19.0,0.0,9.07643908285944,1.3571428571428572,1.3571428571428572,14.0,0.0,3.0,0.7280460815819358,1.0,16.0,0.632645903192711,0.0,0.0,0.9030469001394408,0.0,0.0,1.0,0.0,0.0,1.0,0.0,0.0,1.0,0.0,0.0,0.9858999266813308,0.0,0.0,1.0
400.0,4.0,28.0,0.4912280701754385,7.49600919534443,57.0,209.0,3.6666666666666665,16.0,0.2807017543859649,3.0,41.0,22.0,5.80396370112103,1.9523809523809523,1.9523809523809523,21.0,0.0,3.0,0.793458359082594,2.0,30.0,0.4095147040008229,0.0,3.0,0.8545352009486834,0.0,0.0,1.0,0.0,0.0,0.0205928127494847,0.0,0.0,1.0,1.0,5.0,0.0039046832286418,0.0,0.0,1.0
416.0,5.0,10.0,0.1666666666666666,7.313457122645946,60.0,224.0,3.733333333333333,12.0,0.2,5.0,36.0,2.0,7.256842588990489,1.565217391304348,1.565217391304348,23.0,3.0,17.0,0.5954150645421772,1.0,9.0,0.7426153108959788,0.0,4.0,0.6904362015163067,0.0,0.0,0.9320499745008428,0.0,0.0,1.0,1.0,6.0,0.2994752128996773,0.0,0.0,1.0,0.0,0.0,1.0
424.0,8.0,47.0,0.7833333333333333,6.890378962145221,60.0,244.0,4.066666666666666,20.0,0.3333333333333333,7.0,82.0,46.0,6.5074238480034925,2.6451612903225805,2.6451612903225805,31.0,4.0,45.0,0.3835049190080303,2.0,18.0,0.6518067452564135,0.0,10.0,0.8717760735069527,1.0,2.0,0.4736932431949408,0.0,0.0,1.0,0.0,4.0,0.7462821648509574,0.0,3.0,0.9312804545231674,0.0,0.0,1.0
432.0,11.0,97.0,1.6166666666666667,5.902636315442572,60.0,312.0,5.2,68.0,1.1333333333333333,11.0,145.0,63.0,4.753653776875803,3.918918918918919,3.918918918918919,37.0,7.0,93.0,0.2859693525002114,1.0,28.0,0.8002372328540271,2.0,18.0,0.6015674036883241,1.0,6.0,0.1258455860461508,0.0,0.0,0.1475081848202431,0.0,0.0,0.7549902641934404,0.0,0.0,1.0,0.0,0.0,1.0
440.0,6.0,89.0,1.4126984126984128,6.6407847392951735,63.0,372.0,5.904761904761905,60.0,0.9523809523809524,6.0,120.0,0.0,5.457141688306974,4.0,4.0,30.0,2.0,58.0,0.4735496655937702,1.0,42.0,0.7639875209866861,0.0,4.0,0.4519179576293096,2.0,15.0,0.17742143686337,0.0,0.0,1.0,1.0,1.0,0.0469195053015713,0.0,0.0,1.0,0.0,0.0,1.0
448.0,7.0,21.0,0.328125,7.360793480099068,64.0,383.0,5.984375,11.0,0.171875,6.0,48.0,0.0,6.160108992177464,1.6,1.6,30.0,3.0,21.0,0.3555305941678476,0.0,10.0,0.8132763900526294,2.0,10.0,0.2967963839376258,1.0,4.0,0.2481337552431269,0.0,0.0,1.0,0.0,3.0,0.702184623788062,0.0,0.0,1.0,0.0,0.0,1.0
456.0,4.0,25.0,0.3787878787878788,8.390265271010513,66.0,420.0,6.363636363636363,37.0,0.5606060606060606,4.0,45.0,0.0,6.43660495730159,1.8,1.8,25.0,0.0,3.0,0.9445577850811736,2.0,15.0,0.648728723622984,0.0,4.0,0.862420567470813,2.0,17.0,0.0,0.0,0.0,1.0,0.0,0.0,1.0,0.0,6.0,0.87996400095175,0.0,0.0,1.0
464.0,9.0,44.0,0.6984126984126984,7.556857173040429,63.0,372.0,5.904761904761905,0.0,0.0,9.0,69.0,24.0,5.680207439758756,2.225806451612903,2.225806451612903,31.0,0.0,3.0,0.2061760668672642,7.0,48.0,0.5288554128798639,0.0,4.0,0.9072774814162542,0.0,5.0,0.9881077028945427,0.0,0.0,1.0,0.0,0.0,0.8193784026812576,2.0,9.0,0.3091264848679287,0.0,0.0,1.0
472.0,3.0,5.0,0.081967213114754,7.228118325246176,61.0,374.0,6.131147540983607,2.0,0.0327868852459016,3.0,42.0,0.0,5.367655399796008,1.68,1.68,25.0,0.0,6.0,0.7322610369323438,2.0,22.0,0.4721350181464405,0.0,4.0,0.5540343111671688,0.0,5.0,0.906261198097528,0.0,0.0,1.0,1.0,4.0,0.4154452794017653,0.0,1.0,0.3352173384900598,0.0,0.0,1.0
504.0,5.0,12.0,0.1791044776119403,8.165892221237355,67.0,414.0,6.17910447761194,0.0,0.0,5.0,98.0,0.0,6.2933069557059005,3.5,3.5,28.0,0.0,13.0,0.7206224762013432,5.0,76.0,0.2879019637009228,0.0,0.0,0.6469782354081618,0.0,0.0,0.8510184855699128,0.0,0.0,1.0,0.0,6.0,0.8745149329194695,0.0,3.0,0.4811156890208784,0.0,0.0,1.0
512.0,6.0,26.0,0.3939393939393939,8.00520581754039,66.0,416.0,6.303030303030303,2.0,0.0303030303030303,5.0,91.0,0.0,6.349199613076445,3.5,3.5,26.0,0.0,22.0,0.7535220186132405,3.0,54.0,0.3418489427223716,1.0,6.0,0.5861985778298896,1.0,5.0,0.0,0.0,0.0,1.0,0.0,4.0,0.8900468461207465,0.0,0.0,0.9851344234154806,0.0,0.0,1.0
520.0,6.0,59.0,0.9365079365079364,7.871527500960969,63.0,419.0,6.650793650793651,3.0,0.0476190476190476,5.0,76.0,0.0,7.359330715749999,2.923076923076923,2.923076923076923,26.0,1.0,27.0,0.6665368101022799,4.0,47.0,0.3877307579987323,0.0,0.0,0.8149654675034996,0.0,0.0,0.5859605458838034,0.0,0.0,1.0,0.0,2.0,0.9373697563327608,0.0,0.0,1.0,0.0,0.0,1.0
528.0,9.0,112.0,1.9310344827586208,7.740006838396301,58.0,462.0,7.9655172413793105,43.0,0.7413793103448276,9.0,145.0,69.0,6.4152877032727655,5.178571428571429,5.178571428571429,28.0,1.0,41.0,0.7692673519196145,7.0,94.0,0.1039310334575466,0.0,0.0,0.8482850424854705,0.0,0.0,0.6377894124193675,0.0,0.0,1.0,1.0,3.0,0.4599977854236294,0.0,7.0,0.8188781855517463,0.0,0.0,1.0
536.0,5.0,38.0,0.6333333333333333,8.655985703878283,60.0,523.0,8.716666666666667,61.0,1.0166666666666666,4.0,102.0,0.0,6.699215144163017,4.25,4.25,24.0,1.0,52.0,0.6535616593329483,0.0,37.0,0.5032339328015144,0.0,0.0,0.8067782793372618,2.0,6.0,0.3203133775550143,0.0,0.0,0.9001167355348483,0.0,0.0,1.0,1.0,7.0,6.765763376041217e-06,0.0,0.0,1.0
544.0,2.0,40.0,0.7843137254901961,10.018301499651978,51.0,389.0,7.627450980392157,0.0,0.0,2.0,72.0,0.0,9.922830179267384,3.0,3.0,24.0,2.0,66.0,0.7917512068567115,0.0,0.0,0.928573133076272,0.0,3.0,0.846148733773813,0.0,0.0,1.0,0.0,0.0,1.0,0.0,3.0,0.7288495139912823,0.0,0.0,1.0,0.0,0.0,1.0
552.0,5.0,8.0,0.1538461538461538,8.236897999725077,52.0,303.0,5.826923076923077,0.0,0.0,5.0,35.0,0.0,7.89879065094605,1.1290322580645162,1.1290322580645162,31.0,2.0,27.0,0.6487296072318363,3.0,7.0,0.2535727543417768,0.0,0.0,0.8640275369911443,0.0,0.0,0.7134567517983937,0.0,0.0,1.0,0.0,0.0,0.9921609678387048,0.0,1.0,0.9084621839726968,0.0,0.0,0.981043059674036
560.0,12.0,37.0,0.6166666666666667,7.6335511825263165,60.0,350.0,5.833333333333333,47.0,0.7833333333333333,10.0,73.0,38.0,6.895613705326235,2.147058823529412,2.147058823529412,34.0,6.0,55.0,0.4957786378186627,2.0,11.0,0.4720231502319952,0.0,0.0,0.9977049025678266,1.0,4.0,2.190401574363532e-05,0.0,0.0,0.3505707305152808,0.0,0.0,0.965965418245358,1.0,3.0,0.4774078326323629,0.0,0.0,0.9565325368210787
568.0,5.0,8.0,0.1311475409836065,7.522642704391659,61.0,342.0,5.60655737704918,0.0,0.0,4.0,61.0,0.0,7.262596563341801,1.8484848484848484,1.8484848484848484,33.0,1.0,49.0,0.6063685349206542,1.0,5.0,0.5461004625199646,0.0,0.0,0.0674745772569339,0.0,0.0,0.4637079692564578,0.0,0.0,1.0,2.0,7.0,0.0008037886104402,0.0,0.0,1.0,0.0,0.0,1.0
576.0,8.0,42.0,0.6885245901639344,8.756638363196833,61.0,383.0,6.278688524590164,41.0,0.6721311475409836,7.0,58.0,0.0,7.83298147678218,2.230769230769231,2.230769230769231,26.0,3.0,38.0,0.6502420815237229,4.0,15.0,0.395162743890199,0.0,0.0,1.0,0.0,0.0,1.0,0.0,0.0,1.0,0.0,5.0,0.9572521873281192,0.0,0.0,1.0,0.0,0.0,1.0
584.0,3.0,6.0,0.1034482758620689,8.19389300419437,58.0,297.0,5.120689655172414,0.0,0.0,2.0,43.0,0.0,6.57626381671222,1.8695652173913044,1.8695652173913044,23.0,0.0,27.0,0.4820475486152472,1.0,3.0,0.4129401478128945,0.0,0.0,1.0,0.0,0.0,1.0,0.0,0.0,1.0,1.0,6.0,0.0001191975128238,0.0,7.0,0.81803442771584,0.0,0.0,1.0
592.0,0.0,0.0,0.0,8.76451489818087,47.0,211.0,4.48936170212766,0.0,0.0,0.0,21.0,0.0,8.214233620977948,0.9130434782608696,0.9130434782608696,23.0,0.0,16.0,0.5746413730573583,0.0,0.0,0.8723269329169828,0.0,0.0,0.9139283561316908,0.0,0.0,0.6402202235179385,0.0,0.0,1.0,0.0,5.0,0.8158042863327266,0.0,0.0,0.0200447774649071,0.0,0.0,1.0
600.0,3.0,13.0,0.3095238095238095,7.306503049807433,42.0,156.0,3.7142857142857135,0.0,0.0,3.0,26.0,5.0,5.48893412721467,1.238095238095238,1.238095238095238,21.0,0.0,10.0,0.4541294836209285,1.0,2.0,0.2650505773364054,0.0,0.0,0.931165003256532,1.0,3.0,0.3181097016847141,0.0,0.0,1.0,0.0,0.0,1.0,1.0,11.0,0.4647900296519698,0.0,0.0,1.0
608.0,4.0,15.0,0.3571428571428571,7.732968407349758,42.0,174.0,4.142857142857143,18.0,0.4285714285714285,4.0,23.0,0.0,7.115571045730668,1.0952380952380951,1.0952380952380951,21.0,3.0,15.0,0.4124041481319516,0.0,0.0,0.6796571099987638,0.0,0.0,0.8943369014271461,0.0,0.0,0.8657482316179156,0.0,0.0,1.0,0.0,0.0,0.7520743861102422,1.0,8.0,0.5047568023831417,0.0,0.0,1.0
616.0,6.0,47.0,1.0217391304347827,8.521930267635705,46.0,203.0,4.413043478260869,29.0,0.6304347826086957,6.0,55.0,32.0,7.988433272080419,2.5,2.5,22.0,5.0,46.0,0.5317539180161907,0.0,0.0,0.8680444102629675,0.0,0.0,0.8788125639672566,0.0,0.0,1.0,0.0,0.0,1.0,1.0,9.0,0.4860994577692719,0.0,0.0,0.2392945993236299,0.0,0.0,1.0
624.0,1.0,0.0,0.0,9.268143370858729,45.0,206.0,4.5777777777777775,3.0,0.0666666666666666,1.0,34.0,0.0,9.216105120862004,1.619047619047619,1.619047619047619,21.0,1.0,34.0,0.6263503973514565,0.0,0.0,0.677024610693041,0.0,0.0,0.9106323285984804,0.0,0.0,1.0,0.0,0.0,1.0,0.0,0.0,0.9972233681276405,0.0,0.0,1.0,0.0,0.0,1.0
632.0,6.0,25.0,0.5319148936170213,9.028503990284127,47.0,218.0,4.638297872340425,12.0,0.2553191489361702,5.0,42.0,8.0,8.8969905428432,1.5555555555555556,1.5555555555555556,27.0,5.0,36.0,0.6155060216640906,0.0,0.0,0.6189623485728986,0.0,3.0,0.9231290667521118,0.0,0.0,1.0,0.0,0.0,1.0,0.0,0.0,1.0,0.0,3.0,0.928595966716981,0.0,0.0,1.0
640.0,4.0,6.0,0.12,8.51467079115464,50.0,190.0,3.8,0.0,0.0,3.0,25.0,0.0,7.972062094788205,0.8333333333333334,0.8333333333333334,30.0,1.0,21.0,0.6169351392241745,2.0,4.0,0.3656614128830677,0.0,0.0,0.9636403809315236,0.0,0.0,0.9350294539434316,0.0,0.0,1.0,0.0,0.0,1.0,0.0,0.0,1.0,0.0,0.0,1.0
648.0,5.0,25.0,0.4716981132075472,9.732514789782416,53.0,205.0,3.867924528301887,15.0,0.2830188679245283,4.0,36.0,11.0,9.04088137363166,1.2857142857142858,1.2857142857142858,28.0,4.0,36.0,0.5813918351899128,0.0,0.0,0.9417339178200662,0.0,0.0,0.9316788123924378,0.0,0.0,0.9005560023272281,0.0,0.0,1.0,0.0,0.0,1.0,0.0,0.0,1.0,0.0,0.0,1.0
656.0,3.0,5.0,0.1,7.890542464022686,50.0,177.0,3.54,0.0,0.0,3.0,49.0,13.0,6.991436650861634,1.5806451612903225,1.5806451612903225,31.0,1.0,46.0,0.5838151126471742,1.0,1.0,0.2486479410074035,0.0,0.0,0.008586049217008,1.0,2.0,0.4737713884447898,0.0,0.0,1.0,0.0,0.0,1.0,0.0,0.0,1.0,0.0,0.0,1.0
664.0,2.0,1.0,0.0188679245283018,8.425644271371182,53.0,169.0,3.188679245283019,0.0,0.0,2.0,16.0,0.0,7.377982349932347,0.5333333333333333,0.5333333333333333,30.0,2.0,15.0,0.4883433792019329,0.0,0.0,0.6353671295609733,0.0,0.0,1.0,0.0,1.0,0.5552238393232436,0.0,0.0,1.0,0.0,0.0,1.0,0.0,0.0,0.9628451935667172,0.0,0.0,1.0
672.0,7.0,35.0,0.660377358490566,9.389343843805255,53.0,125.0,2.358490566037736,0.0,0.0,7.0,49.0,33.0,8.548172494207124,1.5806451612903225,1.5806451612903225,31.0,5.0,42.0,0.5807324663196762,0.0,0.0,0.9362824107606154,0.0,0.0,1.0,1.0,4.0,0.7558137951065712,0.0,0.0,1.0,0.0,0.0,1.0,1.0,3.0,2.094598110361654e-05,0.0,0.0,1.0
688.0,9.0,50.0,0.9090909090909092,7.559634037266758,55.0,213.0,3.872727272727273,56.0,1.018181818181818,9.0,75.0,0.0,5.583863882097567,2.272727272727273,2.272727272727273,33.0,8.0,70.0,0.296977696244169,1.0,0.0,0.5941231464190743,0.0,2.0,0.6012109564198742,0.0,0.0,0.982118262570455,0.0,0.0,1.0,0.0,3.0,0.9179241237609884,0.0,0.0,1.0,0.0,0.0,1.0
696.0,12.0,127.0,2.351851851851852,8.0971715648027,54.0,280.0,5.185185185185185,67.0,1.2407407407407407,12.0,131.0,56.0,5.12077857185986,4.678571428571429,4.678571428571429,28.0,12.0,127.0,0.2872873084511498,0.0,0.0,0.7430268777539792,0.0,0.0,0.6886394773142962,0.0,0.0,1.0,0.0,0.0,1.0,0.0,0.0,0.2586357738302099,0.0,4.0,0.0718190665930128,0.0,0.0,1.0
704.0,9.0,85.0,1.7346938775510203,7.911456138206969,49.0,252.0,5.142857142857143,0.0,0.0,9.0,150.0,19.0,6.231222975916526,5.357142857142857,5.357142857142857,28.0,8.0,147.0,0.372989531209919,1.0,0.0,0.7157248431882358,0.0,3.0,0.9730862594623344,0.0,0.0,1.0,0.0,0.0,0.9330181990503218,0.0,0.0,1.0,0.0,0.0,1.0,0.0,0.0,1.0
712.0,7.0,24.0,0.5,7.82910407018401,48.0,287.0,5.979166666666667,35.0,0.7291666666666666,7.0,116.0,0.0,6.346898106784204,3.625,3.625,32.0,4.0,107.0,0.3921157818493209,2.0,3.0,0.6071010450977027,0.0,3.0,0.9273438869981856,0.0,0.0,1.0,0.0,0.0,1.0,0.0,0.0,1.0,1.0,3.0,0.5970936605116145,0.0,0.0,1.0
720.0,5.0,28.0,0.5957446808510638,8.262388418005981,47.0,250.0,5.319148936170213,0.0,0.0,5.0,82.0,0.0,6.702994168719924,2.9285714285714284,2.9285714285714284,28.0,5.0,82.0,0.4045374223490006,0.0,0.0,0.7887724059712737,0.0,0.0,1.0,0.0,0.0,1.0,0.0,0.0,1.0,0.0,0.0,1.0,0.0,0.0,0.9662972547054592,0.0,0.0,1.0
728.0,9.0,73.0,1.5208333333333333,7.924555922262769,48.0,192.0,4.0,0.0,0.0,7.0,86.0,4.0,7.18493015392334,2.774193548387097,2.774193548387097,31.0,6.0,86.0,0.527073212459695,0.0,0.0,0.7490437979097313,1.0,0.0,0.0,0.0,0.0,0.5755336558258658,0.0,0.0,1.0,0.0,0.0,1.0,0.0,0.0,1.0,0.0,0.0,1.0
736.0,11.0,124.0,2.2962962962962963,8.067242098455704,54.0,214.0,3.962962962962963,22.0,0.4074074074074074,10.0,129.0,43.0,7.474201053994955,3.4864864864864864,3.4864864864864864,37.0,9.0,129.0,0.4940579204180164,1.0,0.0,0.6734181122656558,0.0,0.0,0.942609049919608,0.0,0.0,1.0,0.0,0.0,1.0,0.0,0.0,0.934553347586772,0.0,0.0,1.0,0.0,0.0,1.0
744.0,17.0,197.0,3.517857142857143,7.380052057752145,56.0,249.0,4.446428571428571,35.0,0.625,17.0,205.0,76.0,6.194751961559773,5.0,5.0,41.0,16.0,197.0,0.3360210639824258,0.0,0.0,0.89819708374538,0.0,0.0,0.9866137214257954,0.0,0.0,1.0,0.0,0.0,1.0,1.0,5.0,0.4650059862989669,0.0,3.0,0.9945382104719382,0.0,0.0,1.0
752.0,13.0,74.0,1.2333333333333334,7.11872999886732,60.0,355.0,5.916666666666667,106.0,1.7666666666666666,13.0,173.0,0.0,6.074383543880521,4.023255813953488,4.023255813953488,43.0,10.0,165.0,0.3861605114366517,1.0,2.0,0.700398700001974,0.0,0.0,0.6510537315441963,0.0,0.0,1.0,0.0,0.0,1.0,2.0,6.0,0.2763704786069049,0.0,0.0,1.0,0.0,0.0,1.0
760.0,9.0,114.0,1.7014925373134329,9.008392365742957,67.0,422.0,6.298507462686567,67.0,1.0,9.0,122.0,0.0,7.68067897999876,3.05,3.05,40.0,9.0,115.0,0.4776042446970713,0.0,1.0,0.7886528905762571,0.0,0.0,0.955043142679278,0.0,0.0,1.0,0.0,0.0,1.0,0.0,3.0,0.3039725465943689,0.0,3.0,0.9756968079715224,0.0,0.0,1.0
768.0,9.0,75.0,1.1538461538461535,8.100356577296964,65.0,315.0,4.846153846153846,0.0,0.0,9.0,145.0,23.0,6.794110109641211,3.717948717948718,3.717948717948718,39.0,8.0,142.0,0.4287135445047123,1.0,3.0,0.7480273236810157,0.0,0.0,0.8972530629480191,0.0,0.0,0.7138480009831352,0.0,0.0,1.0,0.0,0.0,1.0,0.0,0.0,1.0,0.0,0.0,1.0
776.0,11.0,51.0,0.864406779661017,6.880676691411629,59.0,312.0,5.288135593220339,0.0,0.0,10.0,123.0,0.0,4.834404603795449,3.6176470588235294,3.6176470588235294,34.0,8.0,120.0,0.3278555225123929,0.0,0.0,0.8539983848287079,1.0,2.0,0.0001160362107001,1.0,1.0,0.4734565424608261,0.0,0.0,1.0,0.0,0.0,1.0,0.0,0.0,1.0,0.0,0.0,1.0
784.0,6.0,17.0,0.2698412698412698,7.764058704360406,63.0,342.0,5.428571428571429,30.0,0.4761904761904761,6.0,112.0,0.0,6.202125452574954,3.111111111111111,3.111111111111111,36.0,3.0,97.0,0.4550205507138185,3.0,14.0,0.3545466871416714,0.0,0.0,0.977198314997608,0.0,1.0,0.9219224640985152,0.0,0.0,1.0,0.0,0.0,1.0,0.0,0.0,1.0,0.0,0.0,1.0
792.0,14.0,68.0,1.0,6.290176823295649,68.0,331.0,4.867647058823529,0.0,0.0,12.0,148.0,36.0,4.784688373379713,3.609756097560976,3.609756097560976,41.0,7.0,92.0,0.290652590701271,5.0,53.0,0.4049690780967643,0.0,0.0,0.9966594785943323,0.0,3.0,0.8320625469269807,0.0,0.0,0.2193159982466082,0.0,0.0,1.0,0.0,0.0,1.0,0.0,0.0,1.0
800.0,13.0,80.0,1.1111111111111112,6.596989548812517,72.0,369.0,5.125,38.0,0.5277777777777778,13.0,158.0,10.0,4.590965477999571,3.590909090909091,3.590909090909091,44.0,6.0,83.0,0.3408635186725631,7.0,65.0,0.2561594854805181,0.0,3.0,0.8940471762790478,0.0,7.0,0.7924818130252996,0.0,0.0,1.0,0.0,0.0,1.0,0.0,0.0,1.0,0.0,0.0,1.0
808.0,9.0,103.0,1.3376623376623376,7.102076023797172,77.0,381.0,4.9480519480519485,12.0,0.1558441558441558,9.0,163.0,5.0,5.603490206765388,3.7906976744186047,3.7906976744186047,43.0,6.0,119.0,0.3159435730521504,3.0,36.0,0.5224337157804224,0.0,3.0,0.8173324104329683,0.0,5.0,0.807074886957575,0.0,0.0,1.0,0.0,0.0,1.0,0.0,0.0,0.972250618096964,0.0,0.0,1.0
816.0,11.0,151.0,1.9113924050632911,7.560677646372116,79.0,389.0,4.924050632911392,8.0,0.1012658227848101,10.0,182.0,19.0,6.086075502560745,3.9565217391304346,3.9565217391304346,46.0,7.0,166.0,0.4382715578395625,3.0,8.0,0.4369758401891431,0.0,3.0,0.9166935522295306,0.0,5.0,0.8615267382056486,0.0,0.0,0.6059067304842575,0.0,0.0,1.0,0.0,0.0,1.0,0.0,0.0,1.0
824.0,12.0,52.0,0.6190476190476191,6.566662053535008,84.0,389.0,4.630952380952381,0.0,0.0,11.0,126.0,0.0,5.426508097989601,2.423076923076923,2.423076923076923,52.0,5.0,81.0,0.4521915641591588,6.0,42.0,0.2941349666083807,0.0,3.0,0.9311805700880428,0.0,0.0,0.94348713053148,0.0,0.0,0.6738113303323163,0.0,0.0,1.0,0.0,0.0,1.0,0.0,0.0,1.0
832.0,16.0,88.0,1.011494252873563,6.991955893471957,87.0,443.0,5.091954022988506,54.0,0.6206896551724138,15.0,125.0,0.0,5.24545158635144,2.4038461538461537,2.4038461538461537,52.0,10.0,86.0,0.3675715856654409,4.0,32.0,0.3221230549858193,0.0,3.0,0.8390164216884306,1.0,4.0,0.4816480607783435,0.0,0.0,1.0,0.0,0.0,1.0,0.0,0.0,1.0,0.0,0.0,1.0
840.0,23.0,140.0,1.5217391304347827,6.841343120185795,92.0,438.0,4.760869565217392,0.0,0.0,22.0,208.0,83.0,5.970572951923648,3.3015873015873014,3.3015873015873014,63.0,10.0,126.0,0.4895772839997063,9.0,73.0,0.291928605845463,3.0,9.0,0.5284797683105809,0.0,0.0,0.477200677206957,0.0,0.0,1.0,0.0,0.0,1.0,0.0,0.0,1.0,0.0,0.0,1.0
848.0,17.0,96.0,1.0666666666666669,6.260939502635292,90.0,501.0,5.566666666666666,63.0,0.7,15.0,301.0,93.0,5.099487900918484,4.777777777777778,4.777777777777778,63.0,8.0,178.0,0.4256523995248273,6.0,106.0,0.1869307112778522,1.0,17.0,0.5007210806052477,0.0,0.0,0.0158460507104172,0.0,0.0,1.0,0.0,0.0,0.9724812479411784,0.0,0.0,1.0,0.0,0.0,1.0
856.0,11.0,46.0,0.4893617021276595,6.908788277211248,94.0,597.0,6.351063829787234,96.0,1.0212765957446808,11.0,274.0,0.0,5.14222657529266,4.566666666666666,4.566666666666666,60.0,8.0,179.0,0.2442893640784255,3.0,87.0,0.5113969785705873,0.0,8.0,0.695470058893352,0.0,0.0,0.9733043399275592,0.0,0.0,0.9372045969875488,0.0,0.0,1.0,0.0,0.0,1.0,0.0,0.0,0.9789656204887442
864.0,17.0,101.0,1.1222222222222222,6.931525060431364,90.0,631.0,7.011111111111111,34.0,0.3777777777777777,17.0,289.0,15.0,4.461202357503468,5.666666666666667,5.666666666666667,51.0,12.0,212.0,0.2598466533496712,4.0,70.0,0.4415881963363464,0.0,3.0,0.7347456511696697,1.0,4.0,2.04724266250814e-05,0.0,0.0,1.0,0.0,0.0,1.0,0.0,0.0,1.0,0.0,0.0,1.0
872.0,18.0,175.0,1.9886363636363635,6.538626353970128,88.0,665.0,7.556818181818182,34.0,0.3863636363636363,18.0,341.0,52.0,4.719503063102645,5.779661016949152,5.779661016949152,59.0,14.0,280.0,0.3140739705625396,3.0,54.0,0.2089953134730878,1.0,6.0,0.7217455193103003,0.0,1.0,0.9125406674406074,0.0,0.0,1.0,0.0,0.0,1.0,0.0,0.0,1.0,0.0,0.0,1.0
880.0,19.0,75.0,0.8823529411764706,6.103960881754285,85.0,707.0,8.31764705882353,42.0,0.4941176470588235,18.0,340.0,0.0,4.447643333163121,6.181818181818182,6.181818181818182,55.0,10.0,259.0,0.3245875772459928,6.0,73.0,0.1321880402831577,1.0,3.0,0.7761671395984585,1.0,4.0,0.0002858723571858,0.0,1.0,0.4613804029872257,0.0,0.0,1.0,0.0,0.0,1.0,0.0,0.0,1.0
888.0,24.0,234.0,2.8536585365853657,6.092267706512977,82.0,822.0,10.024390243902438,115.0,1.4024390243902438,22.0,410.0,70.0,4.302252480213046,7.735849056603773,7.735849056603773,53.0,17.0,298.0,0.1979211336102965,5.0,109.0,0.3450294446877591,0.0,3.0,0.9486163517890724,0.0,0.0,0.9439398730107535,0.0,0.0,1.0,0.0,0.0,1.0,0.0,0.0,1.0,0.0,0.0,1.0
896.0,28.0,263.0,3.2875,5.121721873978766,80.0,881.0,11.0125,59.0,0.7375,27.0,521.0,111.0,2.8589214647649537,10.01923076923077,10.01923076923077,52.0,19.0,359.0,0.1778341810397644,7.0,158.0,0.275367926984986,0.0,3.0,0.5622888271358617,1.0,1.0,0.0037511362707796,0.0,0.0,1.0,0.0,0.0,1.0,0.0,0.0,1.0,0.0,0.0,1.0
904.0,24.0,249.0,2.929411764705882,5.810687841980224,85.0,1032.0,12.141176470588237,151.0,1.776470588235294,23.0,563.0,42.0,3.957497614026481,10.62264150943396,10.62264150943396,53.0,19.0,430.0,0.1698671281309495,4.0,128.0,0.3909527603177468,0.0,0.0,0.6558632498955623,0.0,0.0,0.948004153688093,0.0,0.0,0.8034254886346041,0.0,5.0,0.8384269507252793,0.0,0.0,0.7948726024253159,0.0,0.0,1.0
912.0,14.0,69.0,0.7931034482758621,7.191735088695955,87.0,1052.0,12.091954022988508,20.0,0.2298850574712643,14.0,458.0,0.0,5.244070327368693,9.541666666666666,9.541666666666666,48.0,10.0,373.0,0.2550670380492982,4.0,85.0,0.469872083296049,0.0,0.0,0.8506600552644752,0.0,0.0,0.6792879626999092,0.0,0.0,1.0,0.0,0.0,1.0,0.0,0.0,0.5658788851844542,0.0,0.0,1.0
920.0,11.0,45.0,0.4891304347826087,7.6468194231460895,92.0,1060.0,11.521739130434783,8.0,0.0869565217391304,11.0,429.0,0.0,5.557635661197822,8.58,8.58,50.0,7.0,373.0,0.2432184321861223,3.0,53.0,0.5768812490011889,1.0,3.0,0.7173595024214563,0.0,0.0,0.8998321562444797,0.0,0.0,1.0,0.0,0.0,0.9866089544436588,0.0,0.0,1.0,0.0,0.0,1.0
928.0,10.0,52.0,0.6046511627906976,7.076102852489463,86.0,843.0,9.80232558139535,0.0,0.0,10.0,406.0,0.0,5.143531080870402,8.285714285714286,8.285714285714286,49.0,6.0,356.0,0.2597944568596376,2.0,41.0,0.5369656540263342,1.0,7.0,0.786986950274264,0.0,0.0,1.0,0.0,0.0,1.0,1.0,2.0,0.6293584582435544,0.0,0.0,1.0,0.0,0.0,1.0
936.0,14.0,98.0,1.195121951219512,6.54820728815458,82.0,845.0,10.304878048780488,2.0,0.024390243902439,14.0,459.0,53.0,4.9369730005758425,8.826923076923077,8.826923076923077,52.0,9.0,420.0,0.3177864804752565,3.0,21.0,0.4202867395514654,1.0,7.0,0.7529265000711232,0.0,1.0,0.9459718918849682,0.0,0.0,0.43752434891712,1.0,10.0,0.4688370036417377,0.0,0.0,1.0,0.0,0.0,1.0
944.0,22.0,197.0,2.345238095238096,5.5285537434180405,84.0,842.0,10.023809523809524,0.0,0.0,22.0,551.0,92.0,3.5983462500819914,10.39622641509434,10.39622641509434,53.0,12.0,484.0,0.2365653014433528,6.0,43.0,0.296383312977616,4.0,24.0,0.4044355882042377,0.0,0.0,0.9379367290679936,0.0,0.0,1.0,0.0,0.0,1.0,0.0,0.0,1.0,0.0,0.0,1.0
952.0,20.0,250.0,2.8735632183908044,6.309943771361021,87.0,989.0,11.367816091954024,147.0,1.6896551724137931,20.0,625.0,74.0,5.241896407491024,11.160714285714286,11.160714285714286,56.0,15.0,504.0,0.3210229489416278,5.0,83.0,0.2707845579037586,0.0,21.0,0.7881521877974356,0.0,0.0,0.9528823584648812,0.0,0.0,1.0,0.0,0.0,1.0,0.0,17.0,0.9412483385088792,0.0,0.0,1.0
960.0,14.0,69.0,0.696969696969697,6.880919417967049,99.0,1107.0,11.181818181818182,118.0,1.1919191919191918,13.0,526.0,0.0,5.557978302459939,9.06896551724138,9.06896551724138,58.0,11.0,510.0,0.2752913162647482,1.0,2.0,0.5982615665510652,1.0,8.0,0.7404455996772422,0.0,3.0,0.8500777987011838,0.0,0.0,1.0,0.0,0.0,1.0,0.0,3.0,0.1828033106171659,0.0,0.0,1.0
968.0,17.0,75.0,0.7281553398058253,7.030223308394239,103.0,1126.0,10.932038834951456,19.0,0.1844660194174757,15.0,534.0,8.0,5.827453678545743,8.090909090909092,8.090909090909092,66.0,9.0,497.0,0.3596479552900332,6.0,29.0,0.4350038800486221,0.0,8.0,0.7929663406651014,0.0,0.0,0.769671457611428,0.0,0.0,1.0,0.0,0.0,0.8535514388805765,0.0,0.0,1.0,0.0,0.0,1.0
976.0,14.0,87.0,0.8613861386138614,6.27757412224548,101.0,1123.0,11.11881188118812,0.0,0.0,14.0,452.0,0.0,5.041028191347982,6.647058823529412,6.647058823529412,68.0,6.0,378.0,0.2593958540768109,3.0,46.0,0.532992015890673,2.0,15.0,0.6811545752649111,2.0,10.0,0.405833349130581,0.0,0.0,1.0,1.0,3.0,0.6094136727231355,0.0,0.0,1.0,0.0,0.0,1.0
984.0,17.0,175.0,1.7676767676767675,6.668231574653999,99.0,1137.0,11.484848484848484,14.0,0.1414141414141414,17.0,449.0,0.0,5.595952831139531,7.126984126984127,7.126984126984127,63.0,9.0,350.0,0.4109654249800322,5.0,72.0,0.5140642940969596,3.0,27.0,0.4139906620032652,0.0,0.0,0.6995280654407109,0.0,0.0,1.0,0.0,0.0,1.0,0.0,0.0,1.0,0.0,0.0,1.0
992.0,17.0,194.0,2.020833333333333,6.214478567045185,96.0,1165.0,12.135416666666666,28.0,0.2916666666666667,15.0,497.0,48.0,4.995825965538902,8.423728813559322,8.423728813559322,59.0,13.0,436.0,0.3127873842613295,2.0,37.0,0.4718978147724932,0.0,19.0,0.6711653549903339,0.0,0.0,0.9378043211384068,0.0,0.0,1.0,0.0,0.0,0.9661402807805884,0.0,5.0,0.9617730942845978,0.0,0.0,1.0
1000.0,25.0,132.0,1.4505494505494505,5.756708080100904,91.0,1199.0,13.175824175824175,34.0,0.3736263736263736,24.0,529.0,32.0,4.136828411915059,9.120689655172416,9.120689655172416,58.0,16.0,447.0,0.2575154864031547,4.0,54.0,0.4862099920459947,1.0,11.0,0.7140407300088106,0.0,0.0,1.0,0.0,0.0,1.0,1.0,5.0,0.0,2.0,12.0,0.1896857286370723,0.0,0.0,1.0
1016.0,23.0,184.0,1.936842105263158,6.76383821151618,95.0,1483.0,15.610526315789471,135.0,1.4210526315789471,23.0,508.0,0.0,4.944387737141722,8.758620689655173,8.758620689655173,58.0,18.0,450.0,0.2412195908697987,0.0,17.0,0.7956244443732167,4.0,29.0,0.4182579925982689,0.0,6.0,0.847361965516131,0.0,0.0,1.0,1.0,6.0,0.4922083600222727,0.0,0.0,1.0,0.0,0.0,1.0
1024.0,23.0,264.0,2.7216494845360826,6.943098153619308,97.0,1577.0,16.257731958762886,94.0,0.9690721649484536,20.0,549.0,41.0,4.9578080431825775,10.166666666666666,10.166666666666666,54.0,15.0,510.0,0.3361128655743703,0.0,8.0,0.9048588142421644,2.0,18.0,0.3601365272306225,2.0,7.0,0.4682236894603347,0.0,0.0,1.0,1.0,6.0,0.4664290109667264,0.0,0.0,1.0,0.0,0.0,1.0
1032.0,21.0,157.0,1.6881720430107527,6.550770897825152,93.0,1355.0,14.56989247311828,0.0,0.0,19.0,503.0,0.0,4.922969525213252,9.314814814814817,9.314814814814817,54.0,12.0,448.0,0.3509183405668339,0.0,8.0,0.6929311526700185,4.0,21.0,0.3920249547051277,3.0,23.0,0.2505012917013894,0.0,0.0,1.0,0.0,0.0,0.928243438230748,0.0,3.0,0.940945102214128,0.0,0.0,1.0
1040.0,16.0,151.0,1.6236559139784943,7.982271727139004,93.0,1382.0,14.86021505376344,27.0,0.2903225806451613,16.0,414.0,0.0,6.966229363902228,7.811320754716981,7.811320754716981,53.0,11.0,336.0,0.4591620232820755,1.0,12.0,0.6948774203759285,0.0,0.0,0.7855060071030311,4.0,60.0,0.3075629008504626,0.0,0.0,1.0,0.0,3.0,0.9048397210750976,0.0,3.0,0.9426043650562396,0.0,0.0,1.0
1048.0,13.0,78.0,0.8125,7.76840863666208,96.0,1302.0,13.5625,0.0,0.0,12.0,352.0,0.0,6.518575452666709,6.6415094339622645,6.6415094339622645,53.0,9.0,315.0,0.4281039921032001,2.0,23.0,0.5690044774009843,0.0,0.0,0.8369670211762765,1.0,14.0,0.567422078980108,0.0,0.0,1.0,0.0,0.0,0.9108416788893868,0.0,0.0,0.9471616708831287,0.0,0.0,1.0
1056.0,12.0,72.0,0.7058823529411765,7.646754689537532,102.0,1209.0,11.852941176470589,0.0,0.0,9.0,328.0,0.0,6.8104074693558765,5.754385964912281,5.754385964912281,57.0,5.0,286.0,0.4602033578618026,3.0,34.0,0.4644456714779219,0.0,0.0,0.81962840515155,0.0,7.0,0.7016183215323768,0.0,0.0,1.0,0.0,0.0,0.5157033039619384,1.0,1.0,0.0023924139476365,0.0,0.0,1.0
1064.0,12.0,82.0,0.7884615384615384,7.736318064776133,104.0,928.0,8.923076923076923,0.0,0.0,11.0,256.0,0.0,6.674140586991033,4.7407407407407405,4.7407407407407405,54.0,4.0,177.0,0.4872299176611065,3.0,52.0,0.3765229917423772,0.0,0.0,0.8495826224139317,2.0,17.0,0.4894970964625094,0.0,0.0,1.0,2.0,10.0,0.2884730429509352,0.0,0.0,1.0,0.0,0.0,1.0
1072.0,12.0,69.0,0.6509433962264151,6.754232297340298,106.0,979.0,9.235849056603774,51.0,0.4811320754716981,12.0,210.0,0.0,5.191909291794072,4.117647058823529,4.117647058823529,51.0,7.0,150.0,0.3423076070168292,1.0,16.0,0.4351058007909907,1.0,4.0,0.7978182258651905,2.0,30.0,0.0102767233444409,0.0,0.0,0.95264339011793,1.0,10.0,0.0,0.0,0.0,1.0,0.0,0.0,1.0
1080.0,11.0,49.0,0.4622641509433962,6.865197918527777,106.0,847.0,7.990566037735849,0.0,0.0,9.0,146.0,0.0,6.287051775782826,2.6545454545454548,2.6545454545454548,55.0,5.0,92.0,0.3645758384975049,2.0,19.0,0.311949334284188,0.0,5.0,0.7966149645993977,1.0,9.0,0.6921477350002692,0.0,0.0,0.9783597445164752,1.0,18.0,0.0,0.0,3.0,0.9417387428494226,0.0,0.0,1.0
1088.0,9.0,43.0,0.4056603773584906,6.932997295806088,106.0,694.0,6.547169811320755,0.0,0.0,6.0,95.0,0.0,5.70206335129523,2.021276595744681,2.021276595744681,47.0,5.0,91.0,0.3341513157869271,0.0,3.0,0.715266979294711,0.0,0.0,0.6847889806309155,0.0,0.0,0.6514455267513177,0.0,0.0,0.9837400067097448,0.0,0.0,1.0,1.0,1.0,0.0008698084590271,0.0,0.0,1.0
1096.0,15.0,88.0,0.8148148148148148,6.85570314295094,108.0,684.0,6.333333333333333,0.0,0.0,14.0,163.0,68.0,5.739430299803988,3.1346153846153846,3.1346153846153846,52.0,13.0,149.0,0.2842128213789565,0.0,3.0,0.95905937422595,1.0,8.0,0.7823648797944074,0.0,0.0,0.9097455931731327,0.0,0.0,0.6387647389350299,0.0,0.0,1.0,0.0,3.0,0.4741252801299221,0.0,0.0,1.0
1104.0,16.0,109.0,1.028301886792453,6.641291568287698,106.0,750.0,7.075471698113208,66.0,0.6226415094339622,14.0,192.0,29.0,4.563975917050051,4.085106382978723,4.085106382978723,47.0,13.0,184.0,0.2782687379061209,0.0,3.0,0.6342156937408246,1.0,5.0,0.5111105257066216,0.0,0.0,0.9046021547223768,0.0,0.0,1.0,0.0,0.0,1.0,0.0,0.0,1.0,0.0,0.0,1.0
1112.0,24.0,115.0,1.0952380952380951,6.176053613057275,105.0,829.0,7.895238095238096,79.0,0.7523809523809524,22.0,336.0,144.0,4.400142804184368,6.339622641509434,6.339622641509434,53.0,16.0,288.0,0.2847914654228629,0.0,10.0,0.8264842591809,6.0,35.0,0.2121233852849752,0.0,0.0,0.8966077813239338,0.0,0.0,0.7087516253434474,0.0,3.0,0.9952363513025267,0.0,0.0,1.0,0.0,0.0,1.0
1120.0,20.0,145.0,1.479591836734694,6.1153431668339415,98.0,883.0,9.010204081632653,54.0,0.5510204081632653,20.0,446.0,110.0,4.802224878338342,8.415094339622641,8.415094339622641,53.0,17.0,369.0,0.2757565741556049,0.0,6.0,0.9482524652065152,2.0,44.0,0.3974426684096637,1.0,24.0,0.5662353002347177,0.0,0.0,0.922315480843438,0.0,0.0,0.971042005954884,0.0,3.0,0.7894702023319433,0.0,0.0,1.0
1136.0,10.0,53.0,0.5638297872340425,6.256114965942039,94.0,953.0,10.138297872340424,1.0,0.0106382978723404,10.0,367.0,0.0,4.362445970994199,7.057692307692308,7.057692307692308,52.0,6.0,317.0,0.2794999432397012,1.0,12.0,0.6412472952420796,0.0,0.0,0.7239653051878552,2.0,26.0,0.4293426074915428,0.0,0.0,1.0,0.0,3.0,0.5069019999437983,1.0,9.0,0.6333054219554205,0.0,0.0,1.0
1144.0,5.0,19.0,0.2159090909090909,7.095449787070496,88.0,866.0,9.840909090909092,0.0,0.0,5.0,308.0,0.0,5.048879645967729,6.695652173913044,6.695652173913044,46.0,2.0,287.0,0.338595215754839,0.0,6.0,0.939427197893937,0.0,0.0,0.6848574963353178,0.0,0.0,0.846534506750448,0.0,0.0,0.7699171815059995,3.0,15.0,0.0045221427354142,0.0,0.0,0.8871684534617059,0.0,0.0,1.0
1152.0,3.0,6.0,0.075,6.484463590480146,80.0,753.0,9.4125,0.0,0.0,1.0,302.0,0.0,5.234798428906649,6.711111111111111,6.711111111111111,45.0,1.0,277.0,0.2966094615031509,0.0,6.0,0.8879294177566679,0.0,3.0,0.9438204534856508,0.0,0.0,0.688075651545124,0.0,2.0,0.984808802302326,0.0,14.0,0.3107927954363009,0.0,0.0,1.0,0.0,0.0,1.0
1160.0,3.0,10.0,0.1234567901234567,7.293161497814275,81.0,660.0,8.148148148148149,0.0,0.0,1.0,244.0,0.0,6.147027616776758,5.083333333333333,5.083333333333333,48.0,0.0,214.0,0.3993987954385398,0.0,6.0,0.8960250207785952,0.0,11.0,0.9339446704977904,1.0,6.0,0.0356823615858206,0.0,0.0,0.5926553930106955,0.0,0.0,1.0,0.0,7.0,0.8364643033312048,0.0,0.0,1.0
1168.0,1.0,2.0,0.0266666666666666,6.954835505439274,75.0,490.0,6.533333333333333,0.0,0.0,1.0,197.0,0.0,5.637591211946564,4.282608695652174,4.282608695652174,46.0,1.0,177.0,0.3724606451853235,0.0,10.0,0.8874668692354056,0.0,10.0,0.6256895600295513,0.0,0.0,0.9620800560618304,0.0,0.0,1.0,0.0,0.0,1.0,0.0,0.0,0.3224820312187744,0.0,0.0,1.0
1176.0,4.0,18.0,0.2278481012658227,7.555655833849477,79.0,479.0,6.063291139240507,0.0,0.0,3.0,132.0,0.0,6.3571822211993325,3.0,3.0,44.0,3.0,122.0,0.4482982883058043,0.0,7.0,0.856861002087004,0.0,3.0,0.4927730400786213,0.0,0.0,0.7087872626073893,0.0,0.0,1.0,0.0,0.0,1.0,0.0,0.0,0.9915797365472336,0.0,0.0,1.0
1184.0,3.0,37.0,0.4683544303797468,7.949799544246701,79.0,432.0,5.468354430379747,0.0,0.0,3.0,130.0,0.0,6.815076632618813,2.9545454545454546,2.9545454545454546,44.0,2.0,117.0,0.4836191299243795,0.0,7.0,0.9372822326584918,0.0,3.0,0.8079821781170956,1.0,3.0,0.6188498110054204,0.0,0.0,1.0,0.0,0.0,0.948453991283071,0.0,0.0,1.0,0.0,0.0,1.0
1192.0,8.0,63.0,0.7875,7.77146564398172,80.0,389.0,4.8625,0.0,0.0,6.0,119.0,0.0,6.747902320703475,2.7045454545454546,2.7045454545454546,44.0,5.0,105.0,0.4997350959225234,0.0,4.0,0.8816364869666978,1.0,10.0,0.6337248671845527,0.0,0.0,1.0,0.0,0.0,1.0,0.0,0.0,0.4168279456770614,0.0,0.0,1.0,0.0,0.0,1.0
1200.0,7.0,24.0,0.2962962962962963,7.580232071807777,81.0,357.0,4.407407407407407,0.0,0.0,6.0,86.0,0.0,6.664891218297403,1.9111111111111112,1.9111111111111112,45.0,5.0,68.0,0.4772250851665719,0.0,7.0,0.7809737094822546,0.0,3.0,0.9426134679072108,0.0,2.0,0.9275941058977536,0.0,0.0,1.0,1.0,6.0,0.0,0.0,0.0,1.0,0.0,0.0,1.0
1208.0,8.0,21.0,0.2560975609756097,7.200631751758492,82.0,307.0,3.7439024390243913,0.0,0.0,7.0,94.0,8.0,6.503515737103234,1.88,1.88,50.0,7.0,84.0,0.4178416435671589,0.0,7.0,0.9305901653878575,0.0,3.0,0.906571115077397,0.0,0.0,0.8300545503544302,0.0,0.0,1.0,0.0,0.0,0.9791127503759758,0.0,0.0,1.0,0.0,0.0,1.0
1216.0,12.0,69.0,0.7931034482758621,7.02033187236066,87.0,383.0,4.402298850574713,76.0,0.8735632183908046,11.0,162.0,68.0,5.347705494326147,3.176470588235294,3.176470588235294,51.0,10.0,147.0,0.3419965057330557,0.0,4.0,0.7216126110448919,0.0,3.0,0.4577264166682186,1.0,5.0,0.5720336072360633,0.0,0.0,0.986306423395786,0.0,0.0,0.919342399664172,0.0,3.0,0.9112537503620464,0.0,0.0,1.0
1224.0,15.0,112.0,1.2584269662921348,6.772904598465592,89.0,469.0,5.269662921348314,86.0,0.9662921348314608,15.0,242.0,80.0,4.678230759721103,4.481481481481482,4.481481481481482,54.0,13.0,221.0,0.2936867317764474,0.0,4.0,0.8712708696834873,2.0,17.0,0.030311595879027,0.0,0.0,0.7397035306706711,0.0,0.0,1.0,0.0,0.0,0.9021141556504744,0.0,0.0,0.7437245766148731,0.0,0.0,1.0
1232.0,14.0,127.0,1.443181818181818,6.117061764540984,88.0,539.0,6.125,70.0,0.7954545454545454,14.0,308.0,66.0,4.40670976063478,5.310344827586207,5.310344827586207,58.0,10.0,284.0,0.2802455712851315,0.0,4.0,0.8888915979860573,0.0,10.0,0.6757608293826448,3.0,9.0,0.2060540174074299,0.0,0.0,1.0,0.0,0.0,0.7812033246053389,1.0,1.0,0.1729455014496402,0.0,0.0,1.0
1240.0,11.0,158.0,1.7752808988764044,6.311910476946185,89.0,588.0,6.606741573033708,49.0,0.550561797752809,11.0,320.0,12.0,4.542088926872735,5.517241379310345,5.517241379310345,58.0,9.0,298.0,0.2793782157796944,0.0,0.0,0.7942884047712998,0.0,0.0,0.9538140211447166,1.0,11.0,0.3914670284324976,0.0,0.0,1.0,0.0,6.0,0.3813016997342384,1.0,5.0,0.0,0.0,0.0,1.0
1248.0,14.0,226.0,2.539325842696629,6.453017046483247,89.0,602.0,6.764044943820225,14.0,0.1573033707865168,13.0,407.0,87.0,4.017588721266046,7.140350877192983,7.140350877192983,57.0,11.0,380.0,0.1899923315850666,0.0,0.0,0.6373160321293189,0.0,0.0,0.1052058046297247,1.0,11.0,0.6575500713461748,0.0,0.0,1.0,0.0,3.0,0.9096368336640772,1.0,13.0,0.6571007659549398,0.0,0.0,1.0
1256.0,19.0,288.0,3.272727272727273,5.508774509158727,88.0,707.0,8.034090909090908,105.0,1.193181818181818,18.0,483.0,76.0,3.65468713213268,8.625,8.625,56.0,15.0,476.0,0.20188552306623,0.0,0.0,0.7834135662849979,0.0,0.0,0.7467312102393159,1.0,3.0,0.3373314215903986,0.0,0.0,1.0,0.0,0.0,1.0,2.0,4.0,0.3379917074343105,0.0,0.0,1.0
1264.0,10.0,35.0,0.3977272727272727,5.727794122226752,88.0,800.0,9.090909090909092,93.0,1.056818181818182,9.0,353.0,0.0,3.63386429499289,6.660377358490566,6.660377358490566,53.0,8.0,336.0,0.191526431178281,0.0,6.0,0.67290377169406,0.0,0.0,0.8004127893679382,0.0,0.0,0.4087549055712376,0.0,0.0,1.0,0.0,0.0,0.8718416757924061,1.0,11.0,0.1029001590318737,0.0,0.0,1.0
1272.0,11.0,32.0,0.3720930232558139,6.363122129837019,86.0,821.0,9.546511627906977,21.0,0.2441860465116279,10.0,325.0,0.0,4.483917506194174,6.5,6.5,50.0,8.0,303.0,0.1816212659902186,0.0,10.0,0.808666061149212,0.0,3.0,0.91166201615826,0.0,0.0,0.4739635318317929,0.0,0.0,1.0,2.0,6.0,0.0002330178468023,0.0,3.0,0.5398345013335746,0.0,0.0,1.0
1280.0,9.0,30.0,0.3409090909090909,6.955903847867528,88.0,824.0,9.363636363636363,3.0,0.034090909090909,8.0,255.0,0.0,4.160910613893152,5.795454545454546,5.795454545454546,44.0,7.0,254.0,0.269795509665341,0.0,0.0,0.8284720578734395,1.0,1.0,0.3056343203193752,0.0,0.0,1.0,0.0,0.0,1.0,0.0,0.0,0.6572285082917546,0.0,0.0,1.0,0.0,0.0,1.0
1288.0,7.0,31.0,0.348314606741573,7.445061349093873,89.0,797.0,8.955056179775282,0.0,0.0,5.0,240.0,0.0,5.889444396837247,4.8,4.8,50.0,2.0,202.0,0.3932404320169793,1.0,14.0,0.6225809006416358,0.0,0.0,0.8172200658203558,0.0,0.0,0.990176859795634,0.0,0.0,1.0,2.0,17.0,0.2290231367126138,0.0,7.0,0.9193601373915524,0.0,0.0,1.0
1296.0,8.0,78.0,0.9873417721518988,7.195080859488271,79.0,548.0,6.936708860759493,0.0,0.0,8.0,274.0,34.0,5.76607269805319,5.48,5.48,50.0,3.0,201.0,0.3520180591388536,1.0,22.0,0.6597255104601264,0.0,1.0,0.939061912926392,0.0,0.0,0.9663653629324196,0.0,0.0,1.0,4.0,50.0,0.2864752433699891,0.0,0.0,1.0,0.0,0.0,1.0
1304.0,4.0,57.0,0.75,7.462637395567874,76.0,559.0,7.355263157894737,11.0,0.1447368421052631,4.0,229.0,0.0,6.003339130384577,4.673469387755102,4.673469387755102,49.0,1.0,151.0,0.4615506020644144,1.0,30.0,0.6491590542414067,0.0,0.0,0.9599610256540522,2.0,7.0,0.4730761002783562,0.0,0.0,1.0,0.0,41.0,0.2296123095874503,0.0,0.0,1.0,0.0,0.0,1.0
1312.0,8.0,97.0,1.3108108108108107,7.873436257461561,74.0,562.0,7.594594594594595,3.0,0.0405405405405405,7.0,185.0,0.0,6.804796234595369,4.204545454545454,4.204545454545454,44.0,1.0,96.0,0.5067512669593429,4.0,44.0,0.1785643077907939,0.0,7.0,0.5671909512581572,2.0,22.0,0.4673541882712251,0.0,0.0,1.0,0.0,3.0,0.7897242439925422,0.0,13.0,0.7898710360031873,0.0,0.0,1.0
1320.0,8.0,20.0,0.2702702702702703,7.873421464766674,74.0,497.0,6.716216216216216,0.0,0.0,6.0,89.0,0.0,6.919963822157683,2.3421052631578947,2.3421052631578947,38.0,3.0,64.0,0.5006848715881741,1.0,18.0,0.772387116344524,0.0,0.0,1.0,2.0,7.0,0.265931469783956,0.0,0.0,1.0,0.0,0.0,1.0,0.0,0.0,0.5770792500342721,0.0,0.0,1.0
1328.0,7.0,33.0,0.4285714285714285,8.659012443631958,77.0,519.0,6.740259740259741,22.0,0.2857142857142857,6.0,107.0,18.0,7.211486103907084,2.8157894736842106,2.8157894736842106,38.0,2.0,59.0,0.4574776988822653,1.0,19.0,0.7842098002963339,0.0,0.0,0.9994374157592424,2.0,23.0,0.5164887337135742,0.0,0.0,1.0,0.0,3.0,0.9409459155158284,1.0,3.0,0.4998646747405085,0.0,0.0,1.0
1336.0,8.0,29.0,0.4202898550724637,7.73284990914948,69.0,448.0,6.492753623188406,0.0,0.0,7.0,115.0,8.0,6.071260669066973,3.1944444444444446,3.1944444444444446,36.0,4.0,66.0,0.423900758632724,1.0,30.0,0.6965783679735825,0.0,0.0,0.9696559894403396,1.0,8.0,0.4688755637281708,0.0,0.0,1.0,0.0,0.0,0.9064685001536028,1.0,11.0,0.0,0.0,0.0,1.0
1344.0,7.0,43.0,0.6515151515151515,8.309457374728233,66.0,484.0,7.333333333333333,36.0,0.5454545454545454,7.0,157.0,42.0,6.142666084241631,4.617647058823529,4.617647058823529,34.0,5.0,106.0,0.4020369614105497,1.0,37.0,0.7336116375655012,0.0,3.0,0.9192576402724514,0.0,7.0,0.5375224376824024,0.0,0.0,1.0,1.0,4.0,0.0,0.0,0.0,0.7614826718959996,0.0,0.0,1.0
1352.0,10.0,57.0,0.8507462686567164,7.803120526546214,67.0,535.0,7.985074626865671,51.0,0.7611940298507462,10.0,209.0,52.0,5.673937893906455,6.333333333333333,6.333333333333333,33.0,5.0,154.0,0.4321142264420918,1.0,35.0,0.7279909353977292,0.0,0.0,0.9012404461463088,3.0,16.0,0.3329916276180314,0.0,0.0,1.0,0.0,0.0,0.9079364529338996,1.0,4.0,0.0,0.0,0.0,1.0
1360.0,7.0,48.0,0.75,8.051889774113397,64.0,572.0,8.9375,37.0,0.578125,7.0,189.0,0.0,6.647482230485721,5.727272727272728,5.727272727272728,33.0,6.0,137.0,0.4269937568130522,1.0,43.0,0.7074217159091221,0.0,3.0,0.7963711363696362,0.0,0.0,0.5375157553159429,0.0,0.0,1.0,0.0,3.0,0.9800154230910504,0.0,3.0,0.9156816035405017,0.0,0.0,1.0
1368.0,4.0,52.0,0.8,8.60590261360741,65.0,597.0,9.184615384615384,25.0,0.3846153846153846,4.0,137.0,0.0,6.919477502086256,5.48,5.48,25.0,2.0,75.0,0.5180894433020357,1.0,51.0,0.6730441495873658,0.0,0.0,0.9385768671299516,1.0,8.0,0.0,0.0,0.0,1.0,0.0,3.0,0.1320600830129082,0.0,0.0,0.9056360824319792,0.0,0.0,1.0
1384.0,8.0,35.0,0.5147058823529411,8.42371362886276,68.0,540.0,7.9411764705882355,0.0,0.0,7.0,70.0,14.0,6.0490036748345055,2.9166666666666665,2.9166666666666665,24.0,3.0,36.0,0.4719766599404456,2.0,25.0,0.4464601260668522,0.0,0.0,0.9989478559206396,0.0,0.0,0.4706626325454008,0.0,0.0,1.0,1.0,4.0,0.4295383990517714,1.0,5.0,0.4049477269018291,0.0,0.0,0.9250260828724476
1400.0,5.0,16.0,0.2318840579710145,8.36459034470453,69.0,363.0,5.260869565217392,0.0,0.0,3.0,51.0,0.0,8.584902525139588,2.125,2.125,24.0,1.0,37.0,0.7566401859496951,0.0,9.0,0.5753137624928417,0.0,3.0,0.6216584295141095,1.0,1.0,0.6727759004589464,0.0,0.0,1.0,1.0,1.0,0.0008848379486104,0.0,0.0,0.9271956228214318,0.0,0.0,1.0
1408.0,6.0,34.0,0.5230769230769231,8.031502485505191,65.0,329.0,5.061538461538461,0.0,0.0,6.0,59.0,8.0,6.592573216545473,2.269230769230769,2.269230769230769,26.0,4.0,37.0,0.4998527930399897,2.0,20.0,0.4758022801352892,0.0,0.0,0.9102081664502574,0.0,2.0,0.543971602945412,0.0,0.0,0.4022337311559152,0.0,0.0,0.8571769323825378,0.0,0.0,1.0,0.0,0.0,1.0
1416.0,6.0,39.0,0.65,8.151691586251953,60.0,303.0,5.05,0.0,0.0,4.0,59.0,0.0,7.933873525209213,2.8095238095238093,2.8095238095238093,21.0,1.0,44.0,0.6247971221081262,0.0,1.0,0.9968797868211208,0.0,3.0,0.9792650841854068,3.0,8.0,0.4084529429111211,0.0,0.0,1.0,0.0,0.0,1.0,0.0,3.0,0.6934496686265457,0.0,0.0,1.0
1424.0,6.0,19.0,0.3392857142857143,7.243991508453802,56.0,278.0,4.964285714285714,0.0,0.0,6.0,47.0,0.0,5.399372036252372,1.88,1.88,25.0,4.0,27.0,0.4398700916370902,0.0,1.0,0.9672365235622314,0.0,0.0,0.8860175344497382,2.0,19.0,0.3244322081808725,0.0,0.0,0.0969574866256244,0.0,0.0,0.6927990012463083,0.0,0.0,0.948161960235216,0.0,0.0,1.0
1440.0,6.0,13.0,0.26,7.965179390138473,50.0,291.0,5.82,0.0,0.0,5.0,55.0,0.0,6.356355150714307,2.391304347826087,2.391304347826087,23.0,0.0,24.0,0.8165082199156947,0.0,1.0,0.9085165079793912,0.0,0.0,0.963498211004754,3.0,11.0,0.2452866717747341,0.0,0.0,0.4578006449794763,1.0,17.0,0.3370419977297749,1.0,2.0,0.0015873119103419,0.0,0.0,1.0
1448.0,4.0,15.0,0.3,8.841584839886307,50.0,292.0,5.84,1.0,0.02,4.0,40.0,0.0,7.760361710659071,2.2222222222222223,2.2222222222222223,18.0,1.0,10.0,0.7962911256107665,1.0,1.0,0.4359345896171058,0.0,0.0,0.9488971460500342,1.0,11.0,0.2186878172416562,0.0,0.0,0.5269708634217027,1.0,15.0,0.5108639505546541,0.0,3.0,0.9417914549246488,0.0,0.0,1.0
1456.0,9.0,28.0,0.5490196078431373,7.800318287363906,51.0,316.0,6.196078431372549,24.0,0.4705882352941176,6.0,51.0,11.0,6.351913384438996,2.3181818181818183,2.3181818181818183,22.0,2.0,19.0,0.5382871944543511,0.0,1.0,0.9386145797003068,0.0,0.0,0.88559172012839,1.0,13.0,0.0,0.0,0.0,0.2378134279022418,2.0,14.0,0.4529255881302697,1.0,4.0,0.5277825838557508,0.0,0.0,1.0
1472.0,0.0,0.0,0.0,9.579527857677911,46.0,267.0,5.804347826086956,0.0,0.0,0.0,17.0,0.0,10.282706927297175,1.0,1.0,17.0,0.0,3.0,0.8315598592449805,0.0,0.0,0.9135649200954756,0.0,0.0,0.9845966202568952,0.0,1.0,0.9689047549812848,0.0,0.0,1.0,0.0,0.0,0.8160524190911832,0.0,13.0,0.7901732790129923,0.0,0.0,1.0
1480.0,2.0,10.0,0.238095238095238,8.589456288858004,42.0,193.0,4.595238095238095,0.0,0.0,2.0,13.0,0.0,6.0535443357597165,0.9285714285714286,0.9285714285714286,14.0,0.0,3.0,0.5274542747152229,1.0,5.0,4.5682614652428205e-05,0.0,0.0,0.8637026005935263,0.0,0.0,1.0,0.0,0.0,1.0,1.0,5.0,0.2612791856738568,0.0,0.0,0.6382215905160887,0.0,0.0,1.0
1488.0,5.0,35.0,0.8536585365853658,7.516127160876119,41.0,187.0,4.560975609756097,0.0,0.0,5.0,49.0,36.0,6.067446982809949,3.0625,3.0625,16.0,4.0,32.0,0.436052680246725,1.0,13.0,0.0,0.0,0.0,0.9443001993806182,0.0,0.0,1.0,0.0,0.0,1.0,0.0,4.0,0.8701925650869501,0.0,0.0,1.0,0.0,0.0,1.0
1496.0,3.0,42.0,1.0,7.965589481291362,42.0,217.0,5.166666666666667,30.0,0.7142857142857143,3.0,72.0,23.0,7.451182125553798,3.789473684210526,3.789473684210526,19.0,2.0,39.0,0.5929316864274989,1.0,21.0,0.459656515634772,0.0,0.0,0.9660662991541588,0.0,0.0,1.0,0.0,0.0,1.0,0.0,8.0,0.8195320792280478,0.0,4.0,0.9507913809366544,0.0,0.0,1.0
1504.0,3.0,10.0,0.2564102564102564,8.991474266483777,39.0,222.0,5.6923076923076925,5.0,0.1282051282051282,2.0,31.0,0.0,9.915070971604054,1.8235294117647056,1.8235294117647056,17.0,2.0,28.0,0.7165533531290053,0.0,3.0,0.900830239738846,0.0,0.0,1.0,0.0,0.0,0.8110607754128984,0.0,0.0,1.0,0.0,0.0,1.0,0.0,0.0,0.8055298641234829,0.0,0.0,1.0
1512.0,2.0,8.0,0.2162162162162162,8.810889160653726,37.0,208.0,5.621621621621622,0.0,0.0,2.0,37.0,6.0,8.430374063346779,2.176470588235294,2.176470588235294,17.0,0.0,20.0,0.7758811290967713,0.0,6.0,0.9041294956954538,0.0,0.0,1.0,2.0,8.0,0.4299491663505422,0.0,0.0,1.0,0.0,0.0,1.0,0.0,3.0,0.4505679211086592,0.0,0.0,1.0
1520.0,3.0,14.0,0.3783783783783784,8.92750773145883,37.0,192.0,5.1891891891891895,0.0,0.0,3.0,41.0,4.0,8.523621893908105,2.7333333333333334,2.7333333333333334,15.0,2.0,28.0,0.7088180151094815,0.0,3.0,0.9439025448140984,0.0,0.0,1.0,1.0,7.0,0.6422224340961845,0.0,0.0,1.0,0.0,3.0,0.910387995748686,0.0,0.0,1.0,0.0,0.0,1.0
1528.0,3.0,23.0,0.6388888888888888,8.880392517962798,36.0,194.0,5.388888888888889,2.0,0.0555555555555555,3.0,47.0,6.0,8.216756317941966,2.238095238095238,2.238095238095238,21.0,1.0,36.0,0.7586827203690691,0.0,0.0,0.0076282024103572,0.0,0.0,0.9818522985190202,1.0,3.0,0.7610400894600973,0.0,0.0,0.7902911602986846,1.0,8.0,0.3158188416293105,0.0,0.0,1.0,0.0,0.0,1.0
1536.0,1.0,10.0,0.2857142857142857,8.684243272108503,35.0,199.0,5.685714285714286,5.0,0.1428571428571428,1.0,17.0,0.0,8.08816620797576,0.8947368421052632,0.8947368421052632,19.0,0.0,7.0,0.7588759567324898,0.0,0.0,0.9691796963139424,0.0,0.0,0.0136059042495096,1.0,10.0,0.5542981462100336,0.0,0.0,1.0,0.0,0.0,0.9245641880285512,0.0,0.0,1.0,0.0,0.0,1.0
1544.0,2.0,9.0,0.2571428571428571,9.533503051590715,35.0,204.0,5.828571428571428,5.0,0.1428571428571428,2.0,25.0,8.0,8.351857829562107,1.7857142857142858,1.7857142857142858,14.0,1.0,10.0,0.6495722614177183,0.0,3.0,0.6398069749926648,0.0,3.0,0.9224644646314184,1.0,2.0,0.4727861649507809,0.0,0.0,0.5838085215963053,0.0,0.0,1.0,0.0,7.0,0.878250867986671,0.0,0.0,1.0
1552.0,2.0,10.0,0.3333333333333333,9.425092161769712,30.0,138.0,4.6,0.0,0.0,2.0,16.0,0.0,7.54242009919705,2.2857142857142856,2.2857142857142856,7.0,1.0,6.0,0.5811566186639301,1.0,10.0,0.4837511150483453,0.0,0.0,1.0,0.0,0.0,1.0,0.0,0.0,0.4365532900139263,0.0,0.0,1.0,0.0,0.0,0.9791282306683196,0.0,0.0,1.0
1560.0,0.0,0.0,0.0,9.60488385991226,30.0,114.0,3.8,0.0,0.0,0.0,9.0,0.0,9.194581618603369,1.0,1.0,9.0,0.0,6.0,0.8253698333221762,0.0,3.0,0.6734369637368539,0.0,0.0,0.942733369453208,0.0,0.0,1.0,0.0,0.0,1.0,0.0,0.0,1.0,0.0,0.0,1.0,0.0,0.0,1.0
1568.0,0.0,0.0,0.0,8.831778810678037,31.0,97.0,3.129032258064516,0.0,0.0,0.0,7.0,0.0,8.732016110868866,0.4375,0.4375,16.0,0.0,3.0,0.8774778543086194,0.0,3.0,0.9146165269540748,0.0,0.0,0.8158601583065312,0.0,0.0,0.4412951832299934,0.0,0.0,1.0,0.0,1.0,0.7507294784806106,0.0,0.0,1.0,0.0,0.0,1.0
1576.0,4.0,8.0,0.2758620689655172,6.822633440452718,29.0,81.0,2.793103448275862,0.0,0.0,4.0,17.0,10.0,6.433392589785607,0.8947368421052632,0.8947368421052632,19.0,1.0,4.0,0.6465637493042021,2.0,9.0,0.5170568331797094,0.0,3.0,0.6063250417498939,0.0,0.0,0.8721794882629762,0.0,0.0,1.0,1.0,1.0,0.4558163447727676,0.0,0.0,1.0,0.0,0.0,1.0
1584.0,4.0,18.0,0.5454545454545454,7.381585562624111,33.0,110.0,3.333333333333333,29.0,0.8787878787878788,2.0,28.0,11.0,8.210473101560027,1.4736842105263157,1.4736842105263157,19.0,1.0,12.0,0.6859313753009354,0.0,7.0,0.8586357589053175,0.0,0.0,0.7998981327203138,0.0,0.0,0.6698259521821909,0.0,0.0,1.0,1.0,9.0,0.0,0.0,0.0,0.9596739968256688,0.0,0.0,1.0
1592.0,6.0,24.0,0.6486486486486487,7.790483348093532,37.0,140.0,3.783783783783784,30.0,0.8108108108108109,6.0,37.0,9.0,6.704456626074792,1.85,1.85,20.0,2.0,19.0,0.6475856505422056,1.0,3.0,0.7472575607379426,0.0,3.0,0.9120266334712585,2.0,9.0,0.3051707417932098,0.0,0.0,1.0,0.0,0.0,1.0,1.0,3.0,2.968274393242628e-05,0.0,0.0,1.0
1600.0,2.0,6.0,0.1463414634146341,9.054300832588408,41.0,162.0,3.951219512195122,22.0,0.5365853658536586,1.0,18.0,0.0,8.917904152750852,0.9,0.9,20.0,1.0,9.0,0.7045898099616301,0.0,3.0,0.8039186579825884,0.0,3.0,0.8976066021161888,0.0,0.0,0.929717839818431,0.0,0.0,1.0,0.0,0.0,1.0,0.0,3.0,0.9985512498065652,0.0,0.0,1.0
1608.0,3.0,5.0,0.1111111111111111,8.158794736350563,45.0,169.0,3.755555555555556,7.0,0.1555555555555555,2.0,14.0,0.0,7.161543761848112,0.7368421052631579,0.7368421052631579,19.0,0.0,0.0,0.5537983794330369,1.0,5.0,0.6929207404483999,0.0,3.0,0.984936429367992,0.0,0.0,1.0,0.0,0.0,1.0,0.0,0.0,0.9115908888284544,1.0,6.0,0.0001119485807627,0.0,0.0,1.0
1616.0,4.0,7.0,0.1555555555555555,8.505408307958751,45.0,150.0,3.333333333333333,0.0,0.0,3.0,12.0,0.0,7.534024707397821,0.6666666666666666,0.6666666666666666,18.0,2.0,7.0,0.6887353137705401,1.0,2.0,0.6998202567443013,0.0,3.0,0.9151472572460349,0.0,0.0,1.0,0.0,0.0,1.0,0.0,0.0,0.8444527062481227,0.0,0.0,1.0,0.0,0.0,1.0
1624.0,3.0,12.0,0.25,9.255711868369543,48.0,168.0,3.5,18.0,0.375,3.0,34.0,22.0,8.615644486349876,1.619047619047619,1.619047619047619,21.0,0.0,10.0,0.910889452428706,3.0,15.0,0.4729187502556353,0.0,6.0,0.8271613018275046,0.0,0.0,0.9774078045218412,0.0,0.0,1.0,0.0,3.0,0.7797715869275514,0.0,0.0,0.9520795464425802,0.0,0.0,1.0
1632.0,0.0,0.0,0.0,10.750575142962884,46.0,156.0,3.391304347826087,0.0,0.0,0.0,23.0,0.0,10.741851420333042,1.4375,1.4375,16.0,0.0,10.0,0.9627485252785956,0.0,3.0,0.8890166364820292,0.0,10.0,0.9040552069145574,0.0,0.0,0.7829264956779178,0.0,0.0,1.0,0.0,0.0,1.0,0.0,0.0,0.97766713676737,0.0,0.0,1.0
1640.0,0.0,0.0,0.0,9.802995934930715,46.0,135.0,2.9347826086956523,0.0,0.0,0.0,13.0,0.0,9.2424141191725,0.9285714285714286,0.9285714285714286,14.0,0.0,7.0,0.9519537340094044,0.0,0.0,0.8026842992379124,0.0,3.0,0.9322222802021644,0.0,0.0,0.7240173154032573,0.0,0.0,1.0,0.0,0.0,1.0,0.0,3.0,0.4976057376494307,0.0,0.0,1.0
1648.0,1.0,0.0,0.0,9.960376649137402,46.0,107.0,2.3260869565217392,0.0,0.0,1.0,7.0,0.0,8.063976848565023,0.5,0.5,14.0,1.0,3.0,0.6941029346164923,0.0,0.0,0.740908544555797,0.0,4.0,0.889738290849945,0.0,0.0,0.6788754684596251,0.0,0.0,0.6638651352211836,0.0,0.0,1.0,0.0,0.0,1.0,0.0,0.0,1.0
1656.0,3.0,16.0,0.32,9.51040579149944,50.0,119.0,2.38,12.0,0.24,3.0,24.0,17.0,8.409669082156586,1.411764705882353,1.411764705882353,17.0,0.0,3.0,0.9685523555263024,3.0,16.0,0.3510607633408291,0.0,4.0,0.943993879749443,0.0,0.0,0.9302715467836062,0.0,0.0,1.0,0.0,0.0,1.0,0.0,1.0,0.7223656740455278,0.0,0.0,1.0
1664.0,4.0,18.0,0.4285714285714285,7.861083893289855,42.0,91.0,2.1666666666666665,0.0,0.0,3.0,24.0,0.0,5.711513586792953,1.8461538461538465,1.8461538461538465,13.0,1.0,12.0,0.6936246008617603,1.0,8.0,0.5148170773455215,0.0,1.0,0.5852615306353801,1.0,3.0,0.0073594109051453,0.0,0.0,1.0,0.0,0.0,1.0,0.0,0.0,0.9116265269836392,0.0,0.0,1.0
1672.0,5.0,44.0,0.9361702127659576,8.222443011878626,47.0,129.0,2.74468085106383,38.0,0.8085106382978723,5.0,57.0,33.0,7.8373759931392195,3.0,3.0,19.0,2.0,27.0,0.5692211198471249,1.0,16.0,0.7085207507565692,1.0,8.0,0.7086955477641358,0.0,0.0,0.9035763436156736,0.0,0.0,1.0,0.0,2.0,0.9284886932207104,1.0,4.0,0.0001186609951409,0.0,0.0,1.0
1680.0,6.0,78.0,1.625,8.041720902265853,48.0,170.0,3.5416666666666665,41.0,0.8541666666666666,6.0,91.0,34.0,7.836241922955748,4.136363636363637,4.136363636363637,22.0,2.0,43.0,0.6855526614088837,2.0,29.0,0.3941279461430085,2.0,19.0,0.5946271707547165,0.0,0.0,1.0,0.0,0.0,0.9793827752841036,0.0,0.0,0.9259077294968234,0.0,0.0,1.0,0.0,0.0,1.0
1688.0,6.0,49.0,0.9607843137254902,7.58952413211359,51.0,198.0,3.882352941176471,28.0,0.5490196078431373,5.0,59.0,0.0,6.288998316035337,2.95,2.95,20.0,3.0,56.0,0.4513282035903553,2.0,0.0,0.4213845607587735,0.0,3.0,0.6588705113340838,0.0,0.0,1.0,0.0,0.0,1.0,0.0,0.0,0.6155973118239155,0.0,0.0,1.0,0.0,0.0,1.0
1696.0,1.0,4.0,0.0701754385964912,9.524987091184697,57.0,212.0,3.719298245614035,14.0,0.2456140350877192,1.0,27.0,0.0,9.552734459717456,0.9642857142857144,0.9642857142857144,28.0,1.0,18.0,0.7911020138187509,0.0,6.0,0.8057845400148552,0.0,1.0,0.9234054093538548,0.0,0.0,1.0,0.0,0.0,1.0,0.0,2.0,0.8486766634479705,0.0,0.0,0.9139145582878632,0.0,0.0,1.0
1704.0,5.0,12.0,0.2033898305084746,9.055112137440474,59.0,213.0,3.610169491525424,1.0,0.0169491525423728,5.0,32.0,5.0,8.292566681754298,0.9696969696969696,0.9696969696969696,33.0,0.0,12.0,0.8654036569229278,1.0,6.0,0.6513698618007039,0.0,1.0,0.9193727329570432,1.0,1.0,0.4576356510756401,0.0,0.0,1.0,2.0,10.0,0.0001018359665272,1.0,2.0,0.2404324921838075,0.0,0.0,1.0
1712.0,7.0,28.0,0.4912280701754385,7.755061106591341,57.0,166.0,2.912280701754386,0.0,0.0,7.0,46.0,14.0,6.9103997123975605,1.4838709677419355,1.4838709677419355,31.0,4.0,30.0,0.4310048514684383,2.0,11.0,0.5932508268471309,1.0,5.0,0.7180786709442144,0.0,0.0,0.964393917131691,0.0,0.0,1.0,0.0,0.0,1.0,0.0,0.0,0.9392018002802884,0.0,0.0,0.98786712525127
1720.0,3.0,20.0,0.3508771929824561,8.678039212879904,57.0,188.0,3.298245614035088,22.0,0.3859649122807017,3.0,52.0,6.0,7.798523897507163,1.625,1.625,32.0,1.0,28.0,0.5645825143845722,0.0,7.0,0.6867139086955995,2.0,14.0,0.6313874233125093,0.0,0.0,0.9309557918774728,0.0,0.0,1.0,0.0,0.0,0.976842240166382,0.0,3.0,0.9778835968998604,0.0,0.0,0.9893923423101972
1728.0,5.0,34.0,0.6538461538461539,8.901337659135626,52.0,202.0,3.8846153846153846,14.0,0.2692307692307692,5.0,56.0,4.0,7.893161654455997,1.9310344827586208,1.9310344827586208,29.0,1.0,30.0,0.8118371137770064,3.0,22.0,0.5641506320168722,1.0,4.0,0.4854568985057104,0.0,0.0,0.9391121040441688,0.0,0.0,0.9670752067559418,0.0,0.0,1.0,0.0,0.0,1.0,0.0,0.0,1.0
1736.0,1.0,0.0,0.0,8.191041097790167,55.0,208.0,3.7818181818181817,6.0,0.109090909090909,0.0,26.0,0.0,7.786893512138631,1.04,1.04,25.0,0.0,18.0,0.6239093545898176,0.0,8.0,0.6302159263781886,0.0,0.0,0.9130838214025055,0.0,0.0,0.5748055446830627,0.0,0.0,1.0,0.0,0.0,1.0,0.0,0.0,1.0,0.0,0.0,1.0
1744.0,6.0,28.0,0.509090909090909,8.590745630026683,55.0,209.0,3.8,1.0,0.0181818181818181,5.0,43.0,17.0,8.511174932095932,1.6538461538461535,1.6538461538461535,26.0,2.0,26.0,0.7907590804573857,0.0,4.0,0.9149021760239008,1.0,4.0,0.6397124066479855,2.0,9.0,0.3088981613934145,0.0,0.0,1.0,0.0,0.0,1.0,0.0,0.0,1.0,0.0,0.0,1.0
1752.0,2.0,1.0,0.0178571428571428,8.317066999566302,56.0,193.0,3.446428571428572,0.0,0.0,1.0,29.0,0.0,8.032295900514757,1.0740740740740742,1.0740740740740742,27.0,1.0,17.0,0.701573803550986,0.0,4.0,0.9068724543380832,0.0,5.0,0.930836055750662,0.0,3.0,0.2605312282728868,0.0,0.0,1.0,0.0,0.0,1.0,0.0,0.0,0.9074760521135916,0.0,0.0,1.0
1760.0,1.0,0.0,0.0,8.112852819133758,52.0,127.0,2.4423076923076925,0.0,0.0,0.0,14.0,0.0,6.13061867100796,0.6086956521739131,0.6086956521739131,23.0,0.0,5.0,0.3933153748785404,0.0,4.0,0.739634323633849,0.0,5.0,0.7231540379775993,0.0,0.0,0.4670090506426703,0.0,0.0,1.0,0.0,0.0,1.0,0.0,0.0,1.0,0.0,0.0,1.0
1768.0,5.0,18.0,0.3396226415094339,9.326248668496495,53.0,121.0,2.2830188679245285,0.0,0.0,5.0,33.0,19.0,6.462220290041247,1.736842105263158,1.736842105263158,19.0,0.0,3.0,0.499695274437075,1.0,8.0,0.7516255411832762,1.0,11.0,0.703928995357776,3.0,11.0,0.0004052664551222,0.0,0.0,1.0,0.0,0.0,1.0,0.0,0.0,1.0,0.0,0.0,1.0
1776.0,4.0,30.0,0.625,8.942497312336975,48.0,105.0,2.1875,0.0,0.0,4.0,51.0,18.0,6.807237560046041,2.6842105263157894,2.6842105263157894,19.0,1.0,10.0,0.6743997367893776,2.0,18.0,0.5823530068029413,1.0,16.0,0.617620364299878,0.0,7.0,0.3494244829434091,0.0,0.0,1.0,0.0,0.0,0.9639204764918108,0.0,0.0,0.9562152142051488,0.0,0.0,1.0
1800.0,9.0,65.0,1.2037037037037035,7.768318914396938,54.0,199.0,3.685185185185185,27.0,0.5,9.0,83.0,44.0,6.537181498389254,3.1923076923076925,3.1923076923076925,26.0,2.0,18.0,0.5876836969857568,5.0,51.0,0.3706729128321808,0.0,9.0,0.9278295220027044,2.0,5.0,0.5310075583211781,0.0,0.0,1.0,0.0,0.0,1.0,0.0,0.0,0.7999716507233003,0.0,0.0,1.0
1808.0,3.0,7.0,0.1228070175438596,7.696406033077083,57.0,237.0,4.157894736842105,38.0,0.6666666666666666,2.0,54.0,0.0,6.63566006032959,2.076923076923077,2.076923076923077,26.0,0.0,7.0,0.8725561345585282,1.0,27.0,0.3673871072154762,0.0,5.0,0.9353617998088736,1.0,10.0,0.3177807050816044,0.0,0.0,1.0,0.0,1.0,0.7336789698384327,0.0,4.0,0.7335950150238174,0.0,0.0,1.0
1824.0,5.0,11.0,0.1964285714285714,7.689634400488449,56.0,211.0,3.767857142857143,0.0,0.0,4.0,26.0,0.0,5.751353513954652,1.0833333333333333,1.0833333333333333,24.0,0.0,11.0,0.559682213150275,1.0,3.0,0.5372250551288826,0.0,1.0,0.7812436080733871,3.0,11.0,0.305122686551922,0.0,0.0,1.0,0.0,0.0,0.5386145441133644,0.0,0.0,1.0,0.0,0.0,1.0
1832.0,11.0,58.0,1.0175438596491229,6.810308324664849,57.0,264.0,4.631578947368421,53.0,0.9298245614035088,11.0,101.0,75.0,3.713563749427275,4.391304347826087,4.391304347826087,23.0,8.0,49.0,0.156094374463574,1.0,15.0,0.4203865254411319,0.0,7.0,0.9522822788530612,0.0,19.0,0.4356811890878934,0.0,0.0,1.0,2.0,11.0,8.52686167483236e-06,0.0,0.0,1.0,0.0,0.0,1.0
1840.0,2.0,16.0,0.2807017543859649,7.822537725327052,57.0,271.0,4.754385964912281,7.0,0.1228070175438596,1.0,43.0,0.0,7.568390787185349,2.388888888888889,2.388888888888889,18.0,1.0,41.0,0.4412961314605986,0.0,2.0,0.7419661980234061,0.0,0.0,0.920207462788968,0.0,0.0,0.7846119022401582,0.0,0.0,1.0,0.0,0.0,1.0,0.0,0.0,0.970325168098098,0.0,0.0,1.0
1848.0,6.0,36.0,0.5901639344262295,8.841017641951057,61.0,282.0,4.622950819672131,11.0,0.180327868852459,3.0,41.0,0.0,7.850224573630515,2.411764705882353,2.411764705882353,17.0,1.0,25.0,0.6329094510499135,0.0,2.0,0.8649344269666561,0.0,0.0,0.99086819925095,0.0,0.0,0.9797175886332742,0.0,0.0,1.0,0.0,0.0,0.9074398078459276,2.0,14.0,0.4317822034151766,0.0,0.0,1.0
1856.0,5.0,16.0,0.2666666666666666,8.344844285329026,60.0,215.0,3.583333333333333,0.0,0.0,2.0,18.0,0.0,7.548225375508526,1.125,1.125,16.0,1.0,1.0,0.681988610504778,0.0,2.0,0.693864697659391,0.0,0.0,0.988786769893946,0.0,0.0,0.9569234729695202,0.0,0.0,1.0,0.0,0.0,0.913102905494556,1.0,15.0,0.1343023639943009,0.0,0.0,1.0
1864.0,7.0,44.0,0.6875,7.60090208399593,64.0,222.0,3.46875,7.0,0.109375,4.0,50.0,32.0,8.361972300517834,2.083333333333333,2.083333333333333,24.0,0.0,0.0,0.9098655473966912,1.0,10.0,0.6706715974551689,0.0,4.0,0.9436226551654424,1.0,7.0,0.6106808267762408,0.0,0.0,1.0,1.0,7.0,0.6000855399102792,1.0,22.0,0.6479765614675035,0.0,0.0,1.0
1872.0,2.0,16.0,0.2461538461538461,7.966153095108563,65.0,227.0,3.4923076923076923,5.0,0.0769230769230769,2.0,41.0,0.0,6.699856122725596,1.7083333333333333,1.7083333333333333,24.0,0.0,0.0,0.6862682517393586,0.0,0.0,0.9114447408063724,0.0,2.0,0.950282956308835,1.0,11.0,0.4241305855109685,0.0,0.0,0.4717403201991653,0.0,20.0,0.2700457443044727,1.0,8.0,0.4650415936893016,0.0,0.0,1.0
1880.0,1.0,4.0,0.0597014925373134,8.997643031713046,67.0,216.0,3.2238805970149254,0.0,0.0,1.0,25.0,0.0,8.96026738394648,1.3157894736842106,1.3157894736842106,19.0,0.0,0.0,0.9222968639444546,1.0,4.0,0.6073509190856723,0.0,0.0,0.8426422324050682,0.0,0.0,0.8697852199028813,0.0,0.0,0.1524302671150724,0.0,14.0,0.6943560434730097,0.0,7.0,0.8663116648323413,0.0,0.0,1.0
1888.0,4.0,10.0,0.1515151515151515,9.361609262252983,66.0,203.0,3.075757575757576,0.0,0.0,3.0,16.0,0.0,8.483076133617045,0.8421052631578947,0.8421052631578947,19.0,0.0,3.0,0.8785555764828323,1.0,0.0,0.5568081823452381,0.0,0.0,0.9564818459257686,0.0,0.0,0.91758844055955,0.0,0.0,0.5042385857657063,1.0,7.0,0.0,1.0,6.0,0.6207788341165245,0.0,0.0,1.0
1896.0,2.0,3.0,0.046875,8.838847523362588,64.0,179.0,2.796875,0.0,0.0,2.0,15.0,0.0,8.29422375512364,0.625,0.625,24.0,0.0,3.0,0.9029032450540893,1.0,0.0,0.7370691437027164,1.0,3.0,0.0919103299656103,0.0,9.0,0.5285307060670301,0.0,0.0,0.5738263593327578,0.0,0.0,1.0,0.0,0.0,0.264096808901513,0.0,0.0,1.0
1904.0,2.0,1.0,0.0169491525423728,9.211393878814311,59.0,165.0,2.796610169491525,0.0,0.0,2.0,18.0,3.0,9.463909508772735,0.6666666666666666,0.6666666666666666,27.0,0.0,0.0,0.8055189547488577,2.0,1.0,0.6125327671560299,0.0,0.0,0.8246037473915683,0.0,14.0,0.7653340896268446,0.0,0.0,0.9263491210190996,0.0,3.0,0.9362748404961256,0.0,0.0,0.9088858690321512,0.0,0.0,1.0
1912.0,6.0,24.0,0.4067796610169492,8.453186820217947,59.0,150.0,2.542372881355932,0.0,0.0,6.0,25.0,7.0,7.231585372620581,0.925925925925926,0.925925925925926,27.0,1.0,8.0,0.8038572731592325,3.0,9.0,0.3991862142322274,0.0,0.0,0.7014928505835765,1.0,6.0,0.4974624278515102,0.0,0.0,1.0,0.0,0.0,0.9337070981098003,1.0,2.0,0.0204940183701471,0.0,0.0,1.0
1920.0,3.0,5.0,0.0833333333333333,8.89392818374069,60.0,177.0,2.95,27.0,0.45,2.0,15.0,0.0,9.055474111224914,0.6,0.6,25.0,0.0,9.0,0.8591757857546604,0.0,1.0,0.5917084588422442,0.0,0.0,0.994630195931118,0.0,0.0,0.6559308465772763,0.0,0.0,1.0,2.0,5.0,0.0012019401144578,0.0,0.0,0.9421494246101116,0.0,0.0,1.0
1944.0,6.0,33.0,0.6111111111111112,7.206990941348319,54.0,309.0,5.722222222222222,71.0,1.3148148148148149,6.0,90.0,0.0,5.219291549067698,3.2142857142857144,3.2142857142857144,28.0,2.0,21.0,0.4153966658577384,1.0,41.0,0.3178578962883115,0.0,3.0,0.6234955610005903,2.0,18.0,0.3029868534763607,0.0,0.0,1.0,1.0,7.0,0.001098737626219,0.0,0.0,0.7193510299168976,0.0,0.0,1.0
1952.0,13.0,94.0,1.7407407407407407,7.473584405236271,54.0,359.0,6.648148148148148,50.0,0.925925925925926,13.0,160.0,70.0,5.470166456465544,5.0,5.0,32.0,2.0,44.0,0.7248793211185028,7.0,69.0,0.189943588970837,0.0,4.0,0.990032047541234,3.0,35.0,0.2225582060607762,0.0,0.0,1.0,0.0,0.0,0.6841599092168198,1.0,8.0,0.4966619841176259,0.0,0.0,1.0
1960.0,5.0,14.0,0.2592592592592592,7.877737785614768,54.0,356.0,6.592592592592593,0.0,0.0,5.0,72.0,0.0,6.8749900195268845,2.4827586206896552,2.4827586206896552,29.0,0.0,17.0,0.7636210911516847,4.0,41.0,0.3421520863451617,0.0,7.0,0.8416543357355453,0.0,7.0,0.2032433955147776,0.0,0.0,1.0,1.0,0.0,0.4429749089823182,0.0,0.0,1.0,0.0,0.0,1.0
1968.0,2.0,5.0,0.0847457627118644,9.103729859225448,59.0,346.0,5.864406779661017,0.0,0.0,2.0,44.0,0.0,8.498300363977574,1.5714285714285714,1.5714285714285714,28.0,1.0,24.0,0.7906579728341628,1.0,15.0,0.594521340800485,0.0,5.0,0.9042011790759592,0.0,0.0,1.0,0.0,0.0,1.0,0.0,0.0,0.2635629103845476,0.0,0.0,0.7307243189685793,0.0,0.0,1.0
1976.0,4.0,6.0,0.1016949152542373,8.66627657890447,59.0,284.0,4.813559322033898,0.0,0.0,2.0,16.0,0.0,9.323048133306486,0.6153846153846154,0.6153846153846154,26.0,1.0,10.0,0.8044794236508748,1.0,1.0,0.6563297024506175,0.0,5.0,0.8239319023561676,0.0,0.0,1.0,0.0,0.0,1.0,0.0,0.0,1.0,0.0,0.0,0.9143119321853086,0.0,0.0,1.0
1984.0,4.0,20.0,0.3278688524590163,8.678167457689737,61.0,296.0,4.852459016393443,12.0,0.1967213114754098,4.0,41.0,25.0,8.053036775939278,1.3225806451612905,1.3225806451612905,31.0,3.0,25.0,0.5080067113347893,1.0,1.0,0.6342870481625319,0.0,8.0,0.9074429450976844,0.0,3.0,0.9260185607627646,0.0,1.0,0.624298742877019,0.0,0.0,1.0,0.0,3.0,0.884337652827,0.0,0.0,1.0
1992.0,1.0,21.0,0.3818181818181818,8.880612718098856,55.0,246.0,4.472727272727273,0.0,0.0,1.0,43.0,2.0,9.16632976838045,1.303030303030303,1.303030303030303,33.0,1.0,31.0,0.668038889590967,0.0,0.0,0.9113942197896528,0.0,9.0,0.8695233117926214,0.0,3.0,0.7254769505067338,0.0,0.0,1.0,0.0,0.0,1.0,0.0,0.0,1.0,0.0,0.0,1.0
2000.0,8.0,23.0,0.4339622641509434,8.406713512676562,53.0,251.0,4.735849056603773,5.0,0.0943396226415094,7.0,40.0,0.0,7.367433526570476,1.3793103448275863,1.3793103448275863,29.0,6.0,28.0,0.5572205443256604,0.0,0.0,0.8584428492312247,0.0,5.0,0.8765244438711842,1.0,7.0,0.3533803011675759,0.0,0.0,1.0,0.0,0.0,1.0,0.0,0.0,1.0,0.0,0.0,1.0
2008.0,13.0,96.0,1.8461538461538465,7.14943963242615,52.0,268.0,5.153846153846154,17.0,0.3269230769230769,13.0,113.0,73.0,6.133620706886342,3.2285714285714286,3.2285714285714286,35.0,10.0,85.0,0.351842141610497,0.0,0.0,0.9669129329721112,0.0,5.0,0.8123665866459732,3.0,23.0,0.3843647048587517,0.0,0.0,0.9839620540280756,0.0,0.0,0.9471665557561756,0.0,0.0,1.0,0.0,0.0,1.0
2016.0,10.0,156.0,3.0588235294117645,7.068627418016953,51.0,326.0,6.392156862745098,58.0,1.1372549019607845,10.0,175.0,62.0,6.209192806500399,5.645161290322581,5.645161290322581,31.0,10.0,165.0,0.3635164451524819,0.0,0.0,0.908829189299208,0.0,7.0,0.8527569328020299,0.0,3.0,0.8889314977274593,0.0,0.0,1.0,0.0,0.0,0.0856943397595953,0.0,0.0,0.9244827951292752,0.0,0.0,1.0
2024.0,4.0,19.0,0.38,7.489446887237348,50.0,330.0,6.6,4.0,0.08,4.0,138.0,0.0,6.373752738343824,4.928571428571429,4.928571428571429,28.0,2.0,122.0,0.4681111304184761,0.0,0.0,0.888595866145572,0.0,7.0,0.7537397849999854,0.0,0.0,0.8708958041103795,0.0,0.0,1.0,1.0,8.0,0.0,1.0,1.0,0.4756837474116152,0.0,0.0,1.0
2032.0,3.0,6.0,0.12,9.546023823674409,50.0,337.0,6.74,7.0,0.14,3.0,11.0,0.0,7.72648898463274,0.5789473684210527,0.5789473684210527,19.0,1.0,2.0,0.6742379061293473,1.0,0.0,0.4359881201347182,0.0,5.0,0.880131818777154,0.0,0.0,1.0,0.0,0.0,0.8008089275155724,0.0,0.0,1.0,1.0,4.0,0.0,0.0,0.0,1.0
2040.0,2.0,17.0,0.3863636363636363,8.781533015069177,44.0,211.0,4.795454545454546,0.0,0.0,2.0,23.0,12.0,6.705552489499039,1.0952380952380951,1.0952380952380951,21.0,2.0,17.0,0.6186178673549109,0.0,0.0,0.7765502104885823,0.0,3.0,0.4556356050819398,0.0,0.0,0.8409202404342833,0.0,0.0,1.0,0.0,0.0,0.9571896306676816,0.0,3.0,0.8691759736564589,0.0,0.0,1.0
2056.0,6.0,20.0,0.4761904761904761,7.748227750315653,42.0,224.0,5.333333333333333,30.0,0.7142857142857143,5.0,53.0,19.0,6.188372166678891,2.789473684210526,2.789473684210526,19.0,3.0,19.0,0.4737695908385123,0.0,3.0,0.8757190574372755,1.0,27.0,0.3664325253170483,1.0,4.0,5.180090144101645e-05,0.0,0.0,1.0,0.0,0.0,0.8920231199249158,0.0,0.0,1.0,0.0,0.0,1.0
2064.0,4.0,15.0,0.3125,9.051855765435413,48.0,244.0,5.083333333333333,20.0,0.4166666666666667,4.0,35.0,0.0,7.881817586608424,1.5909090909090908,1.5909090909090908,22.0,0.0,16.0,0.8398501128546144,2.0,11.0,0.6477809242277828,1.0,5.0,0.4116492789720073,0.0,0.0,0.9801993926916136,0.0,0.0,1.0,1.0,3.0,0.2218440672337554,0.0,0.0,0.9326500205911324,0.0,0.0,1.0
2072.0,8.0,35.0,0.7446808510638298,8.04077264384045,47.0,235.0,5.0,0.0,0.0,7.0,48.0,13.0,5.264315551069977,2.2857142857142856,2.2857142857142856,21.0,1.0,19.0,0.5187365157015091,4.0,25.0,0.2209387483636998,0.0,0.0,0.9078787555813002,1.0,1.0,0.0004214681279912,0.0,0.0,1.0,0.0,0.0,0.965984429156172,1.0,3.0,0.5679246238835954,0.0,0.0,1.0
2080.0,5.0,30.0,0.6521739130434783,8.520576036790928,46.0,262.0,5.695652173913044,27.0,0.5869565217391305,4.0,54.0,6.0,7.279632978543242,2.7,2.7,20.0,2.0,20.0,0.6412501495849751,0.0,16.0,0.1613305837192508,0.0,0.0,0.9202055862238666,0.0,4.0,0.9214578108822972,0.0,0.0,1.0,0.0,0.0,1.0,2.0,14.0,0.2252805444672563,0.0,0.0,1.0
2088.0,3.0,32.0,0.7111111111111111,9.294443896372089,45.0,252.0,5.6,0.0,0.0,3.0,51.0,0.0,8.494314210943642,2.6842105263157894,2.6842105263157894,19.0,0.0,11.0,0.7249513839861457,0.0,8.0,0.7116842520826858,0.0,0.0,0.9482809704177848,1.0,2.0,0.6931387883129047,0.0,0.0,1.0,0.0,0.0,1.0,2.0,30.0,0.0,0.0,0.0,1.0
2096.0,6.0,65.0,1.3829787234042554,9.319945433526334,47.0,217.0,4.617021276595745,0.0,0.0,5.0,87.0,36.0,8.942309802908293,3.3461538461538463,3.3461538461538463,26.0,0.0,14.0,0.8122517276574038,2.0,17.0,0.5806995560449678,0.0,0.0,0.971351637525306,1.0,10.0,0.0,0.0,0.0,0.6500207584953711,0.0,0.0,0.8589635432637499,2.0,46.0,0.0,0.0,0.0,1.0
2104.0,6.0,13.0,0.25,7.3704976498317185,52.0,202.0,3.8846153846153846,0.0,0.0,5.0,30.0,0.0,5.653127390304936,1.3636363636363635,1.3636363636363635,22.0,2.0,21.0,0.433522517959156,2.0,5.0,0.0344589936941723,0.0,0.0,0.9194216498799191,0.0,0.0,0.7156676235549294,0.0,0.0,0.908148012291788,1.0,4.0,0.0,0.0,0.0,1.0,0.0,0.0,1.0
2112.0,6.0,36.0,0.6545454545454545,8.271568010519186,55.0,257.0,4.672727272727273,55.0,1.0,6.0,57.0,27.0,7.488183891100303,2.28,2.28,25.0,6.0,52.0,0.4371318332006914,0.0,1.0,0.8076488457943416,0.0,3.0,0.901055204648477,0.0,0.0,0.4172830003942161,0.0,0.0,0.779195618717464,0.0,0.0,1.0,0.0,1.0,0.679045329165637,0.0,0.0,1.0
2120.0,11.0,106.0,1.8928571428571428,7.96051184936234,56.0,316.0,5.642857142857143,59.0,1.0535714285714286,10.0,128.0,71.0,5.954089541714552,4.923076923076923,4.923076923076923,26.0,7.0,112.0,0.3954330915784219,0.0,1.0,0.934395053337739,0.0,3.0,0.922746529804111,0.0,0.0,0.5818602897166154,0.0,0.0,1.0,0.0,0.0,1.0,3.0,12.0,0.2273309845269822,0.0,0.0,1.0
2128.0,4.0,23.0,0.4259259259259259,7.82218989083537,54.0,338.0,6.25925925925926,22.0,0.4074074074074074,4.0,99.0,0.0,7.587343440579477,4.125,4.125,24.0,2.0,80.0,0.5855125490155033,2.0,7.0,0.1692662240429405,0.0,6.0,0.7865174075713719,0.0,0.0,0.9525449155078096,0.0,0.0,1.0,0.0,0.0,0.94295799551639,0.0,6.0,0.2532951373563078,0.0,0.0,1.0
2136.0,5.0,42.0,0.7636363636363637,8.171280845043437,55.0,332.0,6.036363636363636,0.0,0.0,4.0,67.0,0.0,7.871815432741007,3.35,3.35,20.0,2.0,51.0,0.6023833463856161,0.0,8.0,0.9723938482879008,0.0,3.0,0.7497092789383689,1.0,1.0,0.2513460020922541,0.0,0.0,1.0,1.0,4.0,0.0,0.0,0.0,1.0,0.0,0.0,1.0
2144.0,11.0,98.0,1.8148148148148149,8.541823739691537,54.0,359.0,6.648148148148148,27.0,0.5,11.0,126.0,59.0,6.917648132220219,4.064516129032258,4.064516129032258,31.0,4.0,71.0,0.5770163520680263,0.0,5.0,0.9532340609012389,2.0,15.0,0.5609428257656954,4.0,23.0,0.406183395432212,0.0,0.0,0.3232088226937249,1.0,12.0,0.6394748824032351,0.0,0.0,1.0,0.0,0.0,1.0
2160.0,9.0,59.0,1.2826086956521738,8.010244968734785,46.0,404.0,8.782608695652174,0.0,0.0,8.0,98.0,16.0,5.509178469400775,4.9,4.9,20.0,3.0,49.0,0.5063950101199798,0.0,4.0,0.93033864325064,2.0,13.0,0.3310537644122768,3.0,32.0,0.3752802832415466,0.0,0.0,1.0,0.0,0.0,1.0,0.0,0.0,1.0,0.0,0.0,1.0
2168.0,1.0,4.0,0.0952380952380952,8.288383716936222,42.0,337.0,8.023809523809524,0.0,0.0,1.0,64.0,0.0,7.143476236334926,3.555555555555556,3.555555555555556,18.0,0.0,10.0,0.706542787285462,0.0,4.0,0.9755181458764236,0.0,17.0,0.5154039483291016,1.0,30.0,0.0250329181517233,0.0,0.0,1.0,0.0,0.0,1.0,0.0,3.0,0.9269630651321048,0.0,0.0,1.0
2176.0,7.0,34.0,0.8095238095238095,7.944882842943945,42.0,374.0,8.904761904761905,37.0,0.8809523809523809,7.0,94.0,30.0,5.032470126176263,4.947368421052632,4.947368421052632,19.0,2.0,21.0,0.5695229901148828,0.0,4.0,0.9429090056130338,2.0,25.0,0.2982259597285125,2.0,35.0,1.228668654025176e-05,0.0,0.0,0.1148973391547828,0.0,0.0,1.0,1.0,9.0,0.0,0.0,0.0,1.0
2192.0,4.0,36.0,0.8372093023255814,8.910529199128517,43.0,358.0,8.325581395348838,0.0,0.0,4.0,62.0,26.0,8.160761327611082,2.8181818181818183,2.8181818181818183,22.0,1.0,12.0,0.4553719476184265,0.0,5.0,0.8861323241560874,3.0,42.0,0.5782240365888779,0.0,3.0,0.95747954051268,0.0,0.0,1.0,0.0,0.0,0.949002632149082,0.0,0.0,1.0,0.0,0.0,1.0
2200.0,3.0,28.0,0.717948717948718,7.973655299868822,39.0,326.0,8.35897435897436,0.0,0.0,2.0,46.0,0.0,7.367425323119162,2.3,2.3,20.0,1.0,6.0,0.7215715641001219,0.0,7.0,0.90708834798842,1.0,33.0,0.4233273795159463,0.0,0.0,0.5875323959904906,0.0,0.0,1.0,0.0,0.0,1.0,0.0,0.0,1.0,0.0,0.0,1.0
2208.0,9.0,64.0,1.6842105263157894,6.925050476875163,38.0,349.0,9.18421052631579,23.0,0.6052631578947368,9.0,93.0,47.0,5.695840984360994,3.576923076923077,3.576923076923077,26.0,1.0,8.0,0.5361675892879517,0.0,13.0,0.953795996672592,7.0,64.0,0.1070023570857798,1.0,8.0,0.5226945282406429,0.0,0.0,1.0,0.0,0.0,1.0,0.0,0.0,0.964610175054582,0.0,0.0,1.0
2216.0,8.0,94.0,2.35,7.259870455685508,40.0,407.0,10.175,58.0,1.45,6.0,123.0,30.0,6.252482159600361,5.590909090909091,5.590909090909091,22.0,0.0,3.0,0.7788074023212835,0.0,13.0,0.6059283505509728,6.0,104.0,0.0438702426969905,0.0,0.0,0.6851979114541226,0.0,0.0,1.0,0.0,0.0,1.0,0.0,3.0,0.964612542583367,0.0,0.0,1.0
2224.0,9.0,109.0,2.725,7.506905845223153,40.0,418.0,10.45,11.0,0.275,9.0,144.0,21.0,6.375578704685982,5.538461538461538,5.538461538461538,26.0,1.0,4.0,0.7120667553476571,1.0,27.0,0.7667898979600826,6.0,107.0,0.1382763837437809,1.0,6.0,0.4939068613450271,0.0,0.0,0.2705053667486863,0.0,0.0,0.6787641998681685,0.0,0.0,1.0,0.0,0.0,1.0
2240.0,7.0,32.0,0.8,7.629380977766663,40.0,466.0,11.65,34.0,0.85,4.0,37.0,0.0,3.581620779178143,3.083333333333333,3.083333333333333,12.0,4.0,23.0,0.0069250151041871,0.0,14.0,0.8407590669392422,0.0,0.0,0.3088134310254257,0.0,0.0,1.0,0.0,0.0,0.1399135538204525,0.0,0.0,1.0,0.0,0.0,0.475977740900249,0.0,0.0,1.0
2248.0,0.0,0.0,0.0,9.514536947078067,37.0,400.0,10.81081081081081,0.0,0.0,0.0,57.0,20.0,8.29233336992406,4.071428571428571,4.071428571428571,14.0,0.0,22.0,0.4639768951413791,0.0,30.0,0.9175409941883116,0.0,5.0,0.7201644294585418,0.0,0.0,1.0,0.0,0.0,1.0,0.0,0.0,1.0,0.0,0.0,0.9118781830536544,0.0,0.0,1.0
2256.0,0.0,0.0,0.0,10.87767002712443,31.0,273.0,8.806451612903226,0.0,0.0,0.0,31.0,0.0,9.7935399686632,2.583333333333333,2.583333333333333,12.0,0.0,1.0,0.988104957121949,0.0,30.0,0.8927809991934533,0.0,0.0,0.7352752706039668,0.0,0.0,1.0,0.0,0.0,1.0,0.0,0.0,1.0,0.0,0.0,1.0,0.0,0.0,1.0
2264.0,0.0,0.0,0.0,9.135030498582484,23.0,148.0,6.434782608695652,0.0,0.0,0.0,35.0,4.0,8.114589770752286,2.1875,2.1875,16.0,0.0,3.0,0.5461346866793965,0.0,29.0,0.7473033837668015,0.0,3.0,0.7426117120761326,0.0,0.0,0.9978810758258708,0.0,0.0,1.0,0.0,0.0,1.0,0.0,0.0,1.0,0.0,0.0,1.0
2280.0,4.0,26.0,0.896551724137931,8.123368797943849,29.0,162.0,5.586206896551724,3.0,0.1034482758620689,4.0,59.0,16.0,7.05906225567171,3.4705882352941178,3.4705882352941178,17.0,1.0,19.0,0.4700661894098366,2.0,33.0,0.6635261678247536,0.0,0.0,0.9200284838384608,1.0,3.0,0.0001372369904529,0.0,0.0,0.4694763444561406,0.0,0.0,1.0,0.0,4.0,0.9918050447175726,0.0,0.0,1.0
2296.0,0.0,0.0,0.0,9.96028077969316,38.0,152.0,4.0,0.0,0.0,0.0,17.0,0.0,9.577909013402357,0.8095238095238095,0.8095238095238095,21.0,0.0,4.0,0.8372043248736413,0.0,13.0,0.780858664972268,0.0,0.0,0.5252296643816554,0.0,0.0,0.981929357118222,0.0,0.0,1.0,0.0,0.0,1.0,0.0,0.0,1.0,0.0,0.0,1.0
2304.0,3.0,7.0,0.1627906976744186,8.888701929347096,43.0,147.0,3.4186046511627906,0.0,0.0,3.0,27.0,10.0,8.526068125982707,1.0384615384615383,1.0384615384615383,26.0,1.0,7.0,0.7076883399757846,1.0,14.0,0.7487581520434812,0.0,0.0,0.7812068018451778,0.0,0.0,0.9264263616105762,0.0,0.0,1.0,1.0,6.0,0.458809672141737,0.0,0.0,1.0,0.0,0.0,0.9355886936023736
2320.0,7.0,25.0,0.4901960784313725,7.89112178211134,51.0,214.0,4.196078431372549,43.0,0.8431372549019608,5.0,33.0,8.0,7.344739504081974,1.32,1.32,25.0,0.0,4.0,0.5812137816102243,2.0,11.0,0.6878020199218978,1.0,4.0,0.6401991851253851,0.0,0.0,0.9310151054487384,0.0,0.0,1.0,2.0,14.0,0.0001096239514306,0.0,0.0,1.0,0.0,0.0,1.0
2328.0,7.0,38.0,0.7307692307692307,7.844666865777859,52.0,214.0,4.115384615384615,0.0,0.0,7.0,49.0,16.0,6.664265724679532,1.75,1.75,28.0,0.0,3.0,0.702185042054875,3.0,29.0,0.5087839710243908,4.0,17.0,0.537123291090232,0.0,0.0,1.0,0.0,0.0,1.0,0.0,0.0,0.9591274932569162,0.0,0.0,1.0,0.0,0.0,1.0
2336.0,3.0,11.0,0.1964285714285714,8.230605526916847,56.0,225.0,4.017857142857143,11.0,0.1964285714285714,3.0,45.0,0.0,7.814355275234242,1.3235294117647058,1.3235294117647058,34.0,1.0,9.0,0.596320556794549,1.0,13.0,0.6786587914264914,1.0,20.0,0.5701705198291958,0.0,0.0,0.9508300711255177,0.0,0.0,0.3958937764010631,0.0,0.0,0.8519771829075228,0.0,3.0,0.8929675112069884,0.0,0.0,1.0
2344.0,2.0,11.0,0.1864406779661017,8.793087995197022,59.0,241.0,4.084745762711864,16.0,0.2711864406779661,2.0,36.0,0.0,8.041135558300132,1.125,1.125,32.0,1.0,15.0,0.748812315690775,0.0,4.0,0.7950411109441161,0.0,12.0,0.5629185095382793,0.0,0.0,0.987641305724142,0.0,0.0,1.0,1.0,5.0,0.4564691429942628,0.0,0.0,1.0,0.0,0.0,1.0
2352.0,2.0,15.0,0.2586206896551724,8.425225242551855,58.0,210.0,3.6206896551724137,0.0,0.0,2.0,43.0,7.0,7.54455174058482,1.34375,1.34375,32.0,2.0,27.0,0.5333294474833844,0.0,4.0,0.8981570985949169,0.0,9.0,0.6961954333320808,0.0,0.0,0.5625375726162833,0.0,0.0,1.0,0.0,0.0,1.0,0.0,3.0,0.0180733470152905,0.0,0.0,1.0
2360.0,2.0,5.0,0.0847457627118644,9.043544909343224,59.0,202.0,3.4237288135593222,0.0,0.0,2.0,27.0,0.0,9.20192692369422,0.7297297297297297,0.7297297297297297,37.0,2.0,8.0,0.7037487161121321,0.0,4.0,0.891949805977155,0.0,8.0,0.8222795249610058,0.0,3.0,0.925759921254717,0.0,0.0,1.0,0.0,0.0,0.9257625159164982,0.0,4.0,0.9505986703822904,0.0,0.0,0.9333665140057268
2368.0,0.0,0.0,0.0,8.782777330559666,62.0,210.0,3.3870967741935485,8.0,0.1290322580645161,0.0,19.0,0.0,8.045313204070762,0.4634146341463415,0.4634146341463415,41.0,0.0,4.0,0.7016407335932597,0.0,4.0,0.8786400892041049,0.0,8.0,0.7201234719578161,0.0,3.0,0.6622890882397204,0.0,0.0,1.0,0.0,0.0,0.9563716860074511,0.0,0.0,1.0,0.0,0.0,1.0
2376.0,9.0,30.0,0.4615384615384615,7.980679232817447,65.0,218.0,3.353846153846154,8.0,0.123076923076923,9.0,51.0,32.0,7.148017703006067,1.108695652173913,1.108695652173913,46.0,7.0,31.0,0.4706374473580562,0.0,6.0,0.88396186444807,0.0,8.0,0.7812627786478604,1.0,5.0,0.6621265431483999,0.0,0.0,1.0,1.0,1.0,0.0050774594903116,0.0,0.0,1.0,0.0,0.0,1.0
2384.0,5.0,43.0,0.6231884057971014,8.44570324448772,69.0,270.0,3.9130434782608696,52.0,0.7536231884057971,5.0,82.0,31.0,7.847725438510292,1.64,1.64,50.0,4.0,59.0,0.5367781797507107,0.0,9.0,0.8604611432581004,0.0,5.0,0.8266981888636362,0.0,0.0,0.8638406192175702,0.0,0.0,0.2460573994876075,1.0,9.0,0.4559669071460553,0.0,0.0,1.0,0.0,0.0,1.0
2392.0,8.0,25.0,0.3378378378378378,7.697419860654477,74.0,280.0,3.783783783783784,10.0,0.1351351351351351,8.0,70.0,0.0,7.109472097859338,1.320754716981132,1.320754716981132,53.0,4.0,48.0,0.5174764653745008,1.0,13.0,0.7684036044141527,2.0,6.0,0.646403637579482,1.0,2.0,0.0003897205887567,0.0,1.0,0.9800018250629784,0.0,0.0,1.0,0.0,0.0,1.0,0.0,0.0,1.0
2400.0,10.0,40.0,0.5,7.081147121127724,80.0,351.0,4.3875,71.0,0.8875,9.0,88.0,18.0,6.567730790887135,1.660377358490566,1.660377358490566,53.0,4.0,51.0,0.4828977121207045,0.0,5.0,0.7944611660423547,5.0,29.0,0.4513051241645389,0.0,0.0,0.8941557752826528,0.0,0.0,1.0,0.0,0.0,1.0,0.0,3.0,0.946181480107322,0.0,0.0,1.0
2408.0,8.0,34.0,0.419753086419753,6.979039033507242,81.0,363.0,4.481481481481482,12.0,0.1481481481481481,6.0,91.0,3.0,6.337390026057903,1.6545454545454543,1.6545454545454543,55.0,3.0,45.0,0.4471927575369053,1.0,4.0,0.7759928967345793,1.0,33.0,0.4947965600462942,0.0,0.0,0.7692544819907061,0.0,0.0,1.0,0.0,0.0,0.3102514721965905,1.0,9.0,0.0,0.0,0.0,1.0
2416.0,8.0,36.0,0.4390243902439024,7.0325039210202185,82.0,379.0,4.621951219512195,16.0,0.1951219512195122,7.0,92.0,1.0,6.083899858121886,1.803921568627451,1.803921568627451,51.0,6.0,61.0,0.3690490449102566,0.0,19.0,0.8320475210409487,1.0,12.0,0.3704384747681178,0.0,0.0,0.6288495512966147,0.0,0.0,0.9261688012790092,0.0,0.0,0.0369156155677853,0.0,0.0,1.0,0.0,0.0,1.0
2424.0,14.0,64.0,0.8205128205128205,6.019194391305054,78.0,463.0,5.935897435897436,84.0,1.0769230769230769,14.0,133.0,41.0,4.164857434122273,2.66,2.66,50.0,6.0,76.0,0.1923432204121694,3.0,30.0,0.6195300830901361,3.0,15.0,0.2300561375547826,1.0,5.0,0.4650173058108323,0.0,0.0,1.0,1.0,7.0,0.0,0.0,0.0,1.0,0.0,0.0,1.0
2440.0,15.0,167.0,2.256756756756757,6.424621037300176,74.0,605.0,8.175675675675675,44.0,0.5945945945945946,15.0,263.0,68.0,4.635251090909715,5.595744680851064,5.595744680851064,47.0,6.0,150.0,0.4338049759443261,8.0,77.0,0.4121338062896039,0.0,13.0,0.7510262447673725,0.0,0.0,1.0,0.0,0.0,1.0,1.0,23.0,0.0,0.0,0.0,1.0,0.0,0.0,1.0
2448.0,10.0,63.0,0.8181818181818182,7.736100917021629,77.0,691.0,8.974025974025974,86.0,1.1168831168831168,9.0,178.0,0.0,6.499682288540924,3.869565217391304,3.869565217391304,46.0,4.0,81.0,0.6006758581822531,5.0,88.0,0.5149338196884076,0.0,9.0,0.8793916215262616,0.0,0.0,0.8722792574819185,0.0,0.0,1.0,0.0,0.0,0.7533483700981457,0.0,0.0,0.9378220577857918,0.0,0.0,1.0
2456.0,7.0,69.0,0.8846153846153846,8.121771854102944,78.0,724.0,9.282051282051285,33.0,0.4230769230769231,7.0,192.0,14.0,7.1340102413424775,4.085106382978723,4.085106382978723,47.0,4.0,78.0,0.540121299060917,3.0,96.0,0.6853018455459943,0.0,15.0,0.9193791660874464,0.0,0.0,0.1089318383336474,0.0,0.0,1.0,0.0,0.0,1.0,0.0,3.0,0.988027924338117,0.0,0.0,1.0
2464.0,8.0,124.0,1.631578947368421,8.015733068397566,76.0,680.0,8.947368421052632,0.0,0.0,8.0,218.0,26.0,7.281154204958118,4.037037037037037,4.037037037037037,54.0,4.0,88.0,0.5715222123245269,3.0,106.0,0.712793733146029,0.0,12.0,0.8698830578246469,1.0,7.0,0.4214392267508606,0.0,0.0,1.0,0.0,5.0,0.7976788229089324,0.0,0.0,1.0,0.0,0.0,1.0
2472.0,6.0,16.0,0.2051282051282051,7.6950312897491875,78.0,661.0,8.474358974358974,0.0,0.0,4.0,77.0,0.0,7.496786491119115,1.4807692307692308,1.4807692307692308,52.0,2.0,23.0,0.5646698942389593,1.0,28.0,0.7466086676979342,0.0,12.0,0.9063888969952668,0.0,0.0,0.2597376284062695,0.0,0.0,1.0,1.0,11.0,0.5670265784934119,0.0,3.0,0.8452544110381773,0.0,0.0,1.0
2480.0,8.0,48.0,0.5783132530120482,8.066767356706928,83.0,715.0,8.614457831325302,54.0,0.6506024096385542,7.0,92.0,15.0,6.727777952902368,2.1904761904761907,2.1904761904761907,42.0,3.0,30.0,0.6073529343036993,3.0,36.0,0.6564623739599655,0.0,19.0,0.8324663101622893,0.0,0.0,0.9110498372343212,0.0,0.0,0.112146965519827,1.0,7.0,0.4533083758997019,0.0,0.0,1.0,0.0,0.0,1.0
2488.0,10.0,93.0,1.1923076923076923,8.111798265979674,78.0,616.0,7.897435897435898,0.0,0.0,10.0,144.0,52.0,6.672338402339035,3.2,3.2,45.0,5.0,58.0,0.5587833531395423,4.0,63.0,0.6450242006566971,0.0,22.0,0.8661461157566996,1.0,1.0,0.3807757107137841,0.0,0.0,1.0,0.0,0.0,1.0,0.0,0.0,1.0,0.0,0.0,1.0
2496.0,9.0,105.0,1.5,7.33334561362192,70.0,605.0,8.642857142857142,0.0,0.0,9.0,148.0,4.0,6.4826847825580405,3.2888888888888888,3.2888888888888888,45.0,6.0,103.0,0.5301330415970098,3.0,25.0,0.4843339268860879,0.0,16.0,0.8941745197579015,0.0,1.0,0.5336954109192958,0.0,0.0,0.4426681566302236,0.0,0.0,1.0,0.0,3.0,0.7870319721991162,0.0,0.0,1.0
2504.0,4.0,10.0,0.1351351351351351,8.178388437500777,74.0,657.0,8.878378378378379,52.0,0.7027027027027027,4.0,110.0,0.0,7.03748186905683,2.682926829268293,2.682926829268293,41.0,1.0,50.0,0.6415939522945269,3.0,37.0,0.3762917141472128,0.0,23.0,0.8814028717982622,0.0,0.0,1.0,0.0,0.0,1.0,0.0,0.0,1.0,0.0,0.0,1.0,0.0,0.0,1.0
2512.0,9.0,52.0,0.7323943661971831,8.46292877937539,71.0,668.0,9.408450704225352,11.0,0.1549295774647887,9.0,110.0,0.0,7.612969199487506,2.4444444444444446,2.4444444444444446,45.0,4.0,35.0,0.6422386723926415,4.0,48.0,0.4652990415194408,1.0,27.0,0.7977981623911141,0.0,0.0,0.6671101319706018,0.0,0.0,0.4523809696592182,0.0,0.0,1.0,0.0,0.0,0.9271794250652023,0.0,0.0,1.0
2528.0,10.0,71.0,1.0289855072463767,7.767906394377066,69.0,661.0,9.579710144927535,16.0,0.2318840579710145,9.0,108.0,0.0,6.902846541977355,2.347826086956522,2.347826086956522,46.0,2.0,16.0,0.6331069812159676,5.0,47.0,0.1412203499425347,2.0,45.0,0.732488545557538,0.0,0.0,1.0,0.0,0.0,0.963767934238855,0.0,0.0,0.8083209337591878,0.0,0.0,1.0,0.0,0.0,0.985287803789354
2536.0,8.0,38.0,0.5671641791044776,8.320249742158147,67.0,711.0,10.611940298507465,50.0,0.746268656716418,8.0,110.0,2.0,6.4159018314373,3.055555555555556,3.055555555555556,36.0,6.0,31.0,0.4256845684950119,0.0,41.0,0.2109215947942939,1.0,32.0,0.8228774937367128,0.0,0.0,1.0,0.0,0.0,1.0,1.0,4.0,0.0,0.0,2.0,0.9180805073155884,0.0,0.0,0.9424794438197216
2544.0,3.0,6.0,0.0983606557377049,8.465906544978129,61.0,626.0,10.262295081967212,0.0,0.0,2.0,70.0,0.0,7.1543418539106245,2.1875,2.1875,32.0,2.0,47.0,0.5512402230273863,0.0,0.0,1.0,0.0,20.0,0.8666663123590163,0.0,0.0,1.0,0.0,0.0,1.0,0.0,3.0,0.6592145141236722,0.0,0.0,0.4676504446422719,0.0,0.0,0.0079410819403144
2552.0,2.0,9.0,0.1578947368421052,9.120873635081091,57.0,619.0,10.859649122807015,0.0,0.0,2.0,42.0,0.0,7.246915181126367,1.5555555555555556,1.5555555555555556,27.0,2.0,29.0,0.5018669421902476,0.0,0.0,0.9624038923126196,0.0,13.0,0.8648919884365011,0.0,0.0,0.9058010942596204,0.0,0.0,0.6170598542618113,0.0,0.0,0.8895995728528759,0.0,0.0,1.0,0.0,0.0,1.0
2560.0,5.0,43.0,0.8431372549019608,8.48726203015467,51.0,574.0,11.254901960784316,0.0,0.0,5.0,66.0,24.0,7.033304201860164,2.2758620689655173,2.2758620689655173,29.0,5.0,50.0,0.5022913839610944,0.0,0.0,0.9137373933837712,0.0,13.0,0.7104862635031476,0.0,0.0,0.0705987920525326,0.0,0.0,1.0,0.0,3.0,0.9414974250171004,0.0,0.0,0.911543339649687,0.0,0.0,1.0
2568.0,2.0,5.0,0.1136363636363636,8.177453402122238,44.0,515.0,11.704545454545457,0.0,0.0,2.0,24.0,0.0,7.1540526842762855,1.0434782608695652,1.0434782608695652,23.0,0.0,3.0,0.660949078011006,0.0,3.0,0.7665511839723922,0.0,13.0,0.885560253922482,0.0,0.0,1.0,0.0,0.0,1.0,0.0,0.0,1.0,2.0,5.0,0.0069503854667921,0.0,0.0,1.0
2576.0,2.0,15.0,0.3947368421052631,9.208425660057664,38.0,461.0,12.13157894736842,0.0,0.0,2.0,24.0,0.0,7.576659823591989,1.3333333333333333,1.3333333333333333,18.0,2.0,15.0,0.514403986837832,0.0,3.0,0.9846631948179456,0.0,6.0,0.8269564034593618,0.0,0.0,1.0,0.0,0.0,1.0,0.0,0.0,1.0,0.0,0.0,1.0,0.0,0.0,1.0
2584.0,2.0,15.0,0.3846153846153846,8.828274796676995,39.0,407.0,10.435897435897436,0.0,0.0,1.0,19.0,0.0,7.485002875167777,1.2666666666666666,1.2666666666666666,15.0,1.0,16.0,0.6854527364275553,0.0,0.0,1.0,0.0,3.0,0.768025793927767,0.0,0.0,1.0,0.0,0.0,0.4339612388309481,0.0,0.0,1.0,0.0,0.0,1.0,0.0,0.0,1.0
2592.0,1.0,6.0,0.1621621621621621,9.113753036728577,37.0,379.0,10.243243243243244,0.0,0.0,1.0,18.0,0.0,8.601564506763136,1.125,1.125,16.0,1.0,15.0,0.7593920041014975,0.0,0.0,1.0,0.0,3.0,0.8158640923238503,0.0,0.0,1.0,0.0,0.0,0.4571174861522981,0.0,0.0,1.0,0.0,0.0,1.0,0.0,0.0,1.0
2600.0,0.0,0.0,0.0,9.348344225706803,35.0,322.0,9.2,0.0,0.0,0.0,13.0,0.0,9.509090020085775,0.8666666666666667,0.8666666666666667,15.0,0.0,8.0,0.9164320165322818,0.0,2.0,0.8278752744427458,0.0,3.0,0.8484795898833859,0.0,0.0,1.0,0.0,0.0,1.0,0.0,0.0,1.0,0.0,0.0,0.659533441168923,0.0,0.0,1.0
2608.0,1.0,0.0,0.0,9.465462248730129,36.0,252.0,7.0,0.0,0.0,1.0,10.0,0.0,8.732558062912728,0.7692307692307693,0.7692307692307693,13.0,0.0,8.0,0.9201795288111309,1.0,2.0,0.4949548480500128,0.0,0.0,0.8513704157109021,0.0,0.0,1.0,0.0,0.0,1.0,0.0,0.0,1.0,0.0,0.0,1.0,0.0,0.0,1.0
2616.0,3.0,9.0,0.25,8.40589796351931,36.0,245.0,6.805555555555555,0.0,0.0,3.0,22.0,12.0,7.724253562019967,1.2222222222222223,1.2222222222222223,18.0,2.0,14.0,0.5847908332483329,0.0,2.0,0.7735021284902182,1.0,3.0,0.6023447705606212,0.0,0.0,0.9824569282708084,0.0,0.0,1.0,0.0,3.0,0.5024140448344094,0.0,0.0,1.0,0.0,0.0,1.0
2624.0,4.0,33.0,0.8461538461538461,7.828436137877661,39.0,225.0,5.769230769230769,0.0,0.0,4.0,43.0,21.0,6.82588853474781,1.8695652173913044,1.8695652173913044,23.0,2.0,30.0,0.6419452540240178,1.0,7.0,0.4455586060669125,0.0,0.0,0.8317569030150247,0.0,0.0,0.3703325403264759,0.0,0.0,1.0,1.0,6.0,1.1319032399168398e-05,0.0,0.0,1.0,0.0,0.0,1.0
2632.0,0.0,0.0,0.0,9.500125046488114,39.0,154.0,3.948717948717949,0.0,0.0,0.0,16.0,0.0,9.591057721326091,0.8421052631578947,0.8421052631578947,19.0,0.0,14.0,0.6925659634413156,0.0,2.0,0.7776868198622825,0.0,0.0,0.8842677841101729,0.0,0.0,1.0,0.0,0.0,0.6617883667912732,0.0,0.0,1.0,0.0,0.0,1.0,0.0,0.0,1.0
2640.0,4.0,16.0,0.4324324324324324,9.156704635113892,37.0,157.0,4.243243243243243,3.0,0.081081081081081,4.0,31.0,15.0,7.823655597518599,1.9375,1.9375,16.0,0.0,10.0,0.951880033480298,4.0,18.0,0.45095585823999,0.0,0.0,0.7895815623076052,0.0,0.0,1.0,0.0,0.0,1.0,0.0,0.0,1.0,0.0,3.0,0.9579592082064456,0.0,0.0,1.0
2648.0,3.0,23.0,0.696969696969697,8.066024585124188,33.0,148.0,4.484848484848484,0.0,0.0,2.0,41.0,10.0,6.5040204193739735,2.5625,2.5625,16.0,0.0,13.0,0.5439769617057424,2.0,24.0,0.452730396434971,0.0,3.0,0.9055350385945216,0.0,1.0,0.9503692751928012,0.0,0.0,1.0,0.0,0.0,1.0,0.0,0.0,1.0,0.0,0.0,1.0
2656.0,1.0,4.0,0.125,7.677101387008346,32.0,158.0,4.9375,10.0,0.3125,1.0,17.0,0.0,7.6049354328596435,1.2142857142857142,1.2142857142857142,14.0,0.0,3.0,0.924190408000337,1.0,11.0,0.4768235113114624,0.0,3.0,0.5670449048568836,0.0,0.0,0.6843894351239573,0.0,0.0,1.0,0.0,0.0,1.0,0.0,0.0,1.0,0.0,0.0,1.0
2664.0,3.0,23.0,0.696969696969697,7.797941120880974,33.0,172.0,5.212121212121212,14.0,0.4242424242424242,3.0,38.0,21.0,6.512501231404363,2.111111111111111,2.111111111111111,18.0,0.0,3.0,0.7171446805135304,1.0,14.0,0.5630585649013945,2.0,21.0,0.5699443209685332,0.0,0.0,0.543137242788645,0.0,0.0,1.0,0.0,0.0,0.9572347099175336,0.0,0.0,1.0,0.0,0.0,1.0
2672.0,3.0,17.0,0.53125,8.18714141310282,32.0,170.0,5.3125,0.0,0.0,3.0,35.0,0.0,7.548787995863502,1.9444444444444444,1.9444444444444444,18.0,2.0,17.0,0.5355088051407944,0.0,2.0,0.8561062192913087,0.0,10.0,0.8951680005038329,0.0,0.0,1.0,0.0,0.0,1.0,1.0,6.0,0.0178353080111764,0.0,0.0,0.9522710725863652,0.0,0.0,1.0
2680.0,4.0,13.0,0.4333333333333333,8.696728211340918,30.0,157.0,5.233333333333333,0.0,0.0,4.0,31.0,0.0,7.439172430883648,1.7222222222222223,1.7222222222222223,18.0,0.0,3.0,0.9580740394429248,2.0,8.0,0.5578660160096974,1.0,13.0,0.7137936752927999,0.0,0.0,0.780977169282333,0.0,0.0,1.0,1.0,7.0,0.0,0.0,0.0,1.0,0.0,0.0,1.0
2688.0,7.0,42.0,1.2352941176470589,8.013972840911165,34.0,196.0,5.764705882352941,39.0,1.1470588235294117,7.0,65.0,34.0,6.66003914216048,2.6,2.6,25.0,0.0,3.0,0.9613640056694416,4.0,36.0,0.2052244174743694,2.0,19.0,0.5901436484446105,1.0,4.0,0.5745255027313982,0.0,0.0,0.5653437839588646,0.0,0.0,1.0,0.0,3.0,0.9112091676161066,0.0,0.0,1.0
2696.0,6.0,42.0,1.3125,7.618569856493737,32.0,187.0,5.84375,0.0,0.0,5.0,65.0,0.0,7.278051022527936,3.25,3.25,20.0,0.0,3.0,0.7405095700538203,2.0,25.0,0.4508620509633242,0.0,15.0,0.8280877678934686,3.0,19.0,0.2377204998794426,0.0,0.0,1.0,0.0,0.0,0.9341828838972032,0.0,3.0,0.9069066283463968,0.0,0.0,1.0
2704.0,2.0,6.0,0.1764705882352941,8.018111092260657,34.0,196.0,5.764705882352941,9.0,0.2647058823529412,2.0,39.0,0.0,6.972467504286041,1.8571428571428568,1.8571428571428568,21.0,1.0,15.0,0.6770930048968581,0.0,0.0,0.5846605225841456,0.0,13.0,0.8106405242926883,0.0,10.0,0.2133428160854434,0.0,0.0,1.0,1.0,1.0,0.4856175189894672,0.0,0.0,1.0,0.0,0.0,1.0
2712.0,3.0,11.0,0.2894736842105263,8.831504463933001,38.0,210.0,5.526315789473684,14.0,0.3684210526315789,3.0,37.0,0.0,8.371996689874134,1.608695652173913,1.608695652173913,23.0,1.0,11.0,0.7678308594024705,0.0,0.0,0.6706723257867919,1.0,17.0,0.724829706202331,0.0,0.0,0.2899540075469798,0.0,0.0,1.0,1.0,9.0,0.4532645150360186,0.0,0.0,1.0,0.0,0.0,1.0
2720.0,0.0,0.0,0.0,10.028207458420349,38.0,208.0,5.473684210526316,0.0,0.0,0.0,17.0,0.0,10.32644869591337,0.8947368421052632,0.8947368421052632,19.0,0.0,3.0,0.920030832632874,0.0,1.0,0.9570783932154424,0.0,13.0,0.8861217625554414,0.0,0.0,0.860920768066809,0.0,0.0,1.0,0.0,0.0,0.5258651065635324,0.0,0.0,0.9224712465528052,0.0,0.0,1.0
2728.0,5.0,20.0,0.4878048780487805,8.97981143154007,41.0,228.0,5.560975609756097,20.0,0.4878048780487805,5.0,42.0,25.0,8.138527334474915,1.826086956521739,1.826086956521739,23.0,2.0,11.0,0.6647912045584833,0.0,1.0,0.9070157133668352,1.0,15.0,0.674988151392879,1.0,3.0,0.4580168568486128,0.0,0.0,0.5961132456284672,1.0,7.0,0.0,0.0,5.0,0.9575037727933112,0.0,0.0,1.0
2744.0,3.0,18.0,0.36,9.241739280213013,50.0,249.0,4.98,26.0,0.52,3.0,31.0,17.0,7.838347754576593,1.3478260869565215,1.3478260869565215,23.0,2.0,10.0,0.6512379155956542,0.0,1.0,0.7983012238646091,0.0,6.0,0.7787986814006048,1.0,8.0,0.0,0.0,0.0,0.216770344266588,0.0,3.0,0.9293428587835478,0.0,3.0,0.9599564224924936,0.0,0.0,1.0
2752.0,2.0,4.0,0.0769230769230769,10.02787981498271,52.0,225.0,4.326923076923077,0.0,0.0,2.0,15.0,0.0,9.492531324217865,0.7894736842105263,0.7894736842105263,19.0,0.0,0.0,0.8722486003172555,1.0,4.0,0.6987947233797949,0.0,6.0,0.9053565635501456,1.0,1.0,0.4835259328624234,0.0,0.0,1.0,0.0,4.0,0.9863603327897904,0.0,0.0,0.9411810753466052,0.0,0.0,1.0
2760.0,6.0,28.0,0.56,9.33870079964265,50.0,170.0,3.4,0.0,0.0,5.0,43.0,28.0,8.457206968599632,1.6538461538461535,1.6538461538461535,26.0,1.0,6.0,0.7626110952067784,3.0,21.0,0.2092250759872684,0.0,9.0,0.9340824211170144,0.0,1.0,0.460380424164813,0.0,0.0,1.0,0.0,2.0,0.9497153534938358,1.0,4.0,0.4989533990139424,0.0,0.0,1.0
2768.0,9.0,61.0,1.2448979591836735,7.31653894012401,49.0,194.0,3.959183673469388,24.0,0.4897959183673469,8.0,71.0,28.0,5.8026354478560505,2.958333333333333,2.958333333333333,24.0,0.0,2.0,0.7531689177672104,3.0,45.0,0.3602227856464986,1.0,8.0,0.3879504672011138,3.0,12.0,0.2341389762809306,0.0,0.0,1.0,1.0,4.0,6.339325496743163e-05,0.0,0.0,1.0,0.0,0.0,1.0
2776.0,7.0,89.0,1.934782608695652,7.851030240908704,46.0,256.0,5.565217391304348,62.0,1.3478260869565215,7.0,113.0,42.0,7.322752947214066,4.035714285714286,4.035714285714286,28.0,1.0,4.0,0.7897726192854471,3.0,69.0,0.4547160094412614,0.0,0.0,1.0,2.0,25.0,0.3672429226970139,0.0,0.0,1.0,1.0,15.0,0.7027311810004857,0.0,0.0,0.954614092800384,0.0,0.0,1.0
2784.0,5.0,40.0,0.8695652173913043,7.288249618425314,46.0,291.0,6.326086956521739,35.0,0.7608695652173914,4.0,63.0,0.0,2.952625116428451,4.2,4.2,15.0,0.0,0.0,0.3725351723350718,1.0,29.0,0.6155134308223611,0.0,0.0,1.0,3.0,34.0,0.1647783534763509,0.0,0.0,1.0,0.0,0.0,0.0140241963827571,0.0,0.0,1.0,0.0,0.0,1.0
2792.0,11.0,78.0,1.7333333333333334,7.318850776965162,45.0,338.0,7.511111111111111,47.0,1.0444444444444445,10.0,116.0,53.0,5.629692390109232,4.296296296296297,4.296296296296297,27.0,2.0,14.0,0.593448913299051,1.0,6.0,0.4636482365646354,0.0,8.0,0.8962228726823412,6.0,74.0,0.0083782452780672,0.0,0.0,1.0,1.0,11.0,0.4821050519393141,0.0,3.0,0.8503363544331723,0.0,0.0,1.0
2800.0,3.0,14.0,0.3414634146341463,7.527439372507022,41.0,343.0,8.365853658536585,5.0,0.1219512195121951,2.0,83.0,0.0,6.730001773315156,4.611111111111111,4.611111111111111,18.0,0.0,0.0,0.9562135012603236,0.0,0.0,0.9402266183181082,1.0,13.0,0.5583787298325681,1.0,64.0,0.165826960807056,0.0,0.0,1.0,0.0,6.0,0.3189451566942662,0.0,0.0,1.0,0.0,0.0,1.0
2808.0,4.0,22.0,0.5238095238095238,8.1657732134031,42.0,329.0,7.833333333333333,0.0,0.0,4.0,39.0,0.0,7.608988528766234,1.95,1.95,20.0,0.0,0.0,0.8397376790480952,1.0,0.0,0.603702290161452,3.0,36.0,0.4857172573507238,0.0,0.0,1.0,0.0,0.0,0.6280536193623747,0.0,0.0,0.4153235516248643,0.0,3.0,0.8072942322631184,0.0,0.0,1.0
2816.0,6.0,62.0,1.55,6.762404195397801,40.0,328.0,8.2,0.0,0.0,6.0,76.0,37.0,6.114506739011578,4.222222222222222,4.222222222222222,18.0,2.0,11.0,0.3990500650491974,0.0,0.0,0.8513949510334452,4.0,65.0,0.4029548787724942,0.0,0.0,1.0,0.0,0.0,1.0,0.0,0.0,0.9677701214766716,0.0,0.0,0.684128043352137,0.0,0.0,1.0
2824.0,3.0,14.0,0.3255813953488372,6.958302663835328,43.0,366.0,8.511627906976743,38.0,0.8837209302325582,3.0,61.0,0.0,6.812320636332831,3.05,3.05,20.0,1.0,8.0,0.60762699339637,0.0,0.0,0.9125873977524674,0.0,42.0,0.7144741095716943,0.0,0.0,1.0,0.0,0.0,0.5678137208143411,0.0,4.0,0.926977619302189,2.0,7.0,0.306181647626926,0.0,0.0,1.0
2832.0,7.0,33.0,0.7021276595744681,7.405465696291996,47.0,393.0,8.361702127659575,27.0,0.574468085106383,6.0,76.0,15.0,7.126451997784711,3.3043478260869565,3.3043478260869565,23.0,2.0,16.0,0.711567394777386,1.0,0.0,0.5790609928544829,2.0,50.0,0.6693787100981143,0.0,0.0,1.0,0.0,0.0,0.2825163182393415,0.0,0.0,0.8592803468371193,1.0,10.0,0.0,0.0,0.0,1.0
2840.0,5.0,55.0,1.3095238095238095,7.385601245880996,42.0,388.0,9.238095238095235,0.0,0.0,5.0,101.0,25.0,7.331967425405741,4.809523809523809,4.809523809523809,21.0,3.0,35.0,0.6214420605649629,0.0,0.0,0.4809486056426499,2.0,66.0,0.6538885976211543,0.0,0.0,1.0,0.0,0.0,1.0,0.0,0.0,1.0,0.0,0.0,0.9326661371621934,0.0,0.0,1.0
2848.0,4.0,29.0,0.7073170731707317,7.516412945562093,41.0,365.0,8.902439024390244,0.0,0.0,4.0,48.0,0.0,7.893740953707807,2.4,2.4,20.0,2.0,19.0,0.6814294165514924,2.0,11.0,0.2818507024040206,0.0,11.0,0.9557554511140388,0.0,0.0,0.7938410780079285,0.0,0.0,1.0,0.0,7.0,0.9158503291788452,0.0,0.0,0.723545353095955,0.0,0.0,1.0
2856.0,2.0,13.0,0.3333333333333333,8.268743884463408,39.0,376.0,9.64102564102564,11.0,0.282051282051282,2.0,44.0,0.0,7.781430560561289,1.9130434782608696,1.9130434782608696,23.0,0.0,7.0,0.7964857314084114,1.0,18.0,0.6880841566547602,0.0,11.0,0.9117253928690204,0.0,2.0,0.9861355518457968,0.0,0.0,1.0,1.0,6.0,0.4670247173707918,0.0,0.0,1.0,0.0,0.0,1.0
2864.0,2.0,11.0,0.2682926829268293,8.153286671593557,41.0,352.0,8.585365853658537,0.0,0.0,2.0,35.0,0.0,7.944952877075493,1.5909090909090908,1.5909090909090908,22.0,2.0,18.0,0.6720796498130838,0.0,7.0,0.6963637191439838,0.0,8.0,0.8826503786811984,0.0,0.0,1.0,0.0,0.0,1.0,0.0,2.0,0.3214323221932746,0.0,0.0,0.967018182617888,0.0,0.0,1.0
2872.0,4.0,11.0,0.2894736842105263,8.23595805179608,38.0,303.0,7.973684210526316,0.0,0.0,3.0,33.0,0.0,7.678775722445978,1.736842105263158,1.736842105263158,19.0,1.0,8.0,0.581484179923427,0.0,7.0,0.6679616697052411,1.0,9.0,0.6795966056994147,0.0,0.0,1.0,0.0,0.0,1.0,1.0,7.0,0.484746745009327,0.0,2.0,0.9168312162445228,0.0,0.0,1.0
2880.0,4.0,22.0,0.5945945945945946,7.095987696118908,37.0,271.0,7.324324324324325,0.0,0.0,3.0,30.0,0.0,6.090398972209138,2.142857142857143,2.142857142857143,14.0,1.0,7.0,0.5878663322063168,0.0,4.0,0.7316820588969662,0.0,1.0,0.8751685539834042,0.0,0.0,1.0,0.0,0.0,1.0,2.0,18.0,0.0702623398458735,0.0,0.0,1.0,0.0,0.0,1.0
2888.0,2.0,20.0,0.5405405405405406,8.451216886562985,37.0,253.0,6.837837837837838,0.0,0.0,2.0,33.0,3.0,8.718760629450363,1.8333333333333333,1.8333333333333333,18.0,2.0,25.0,0.6939506239985794,0.0,4.0,0.6625770958103538,0.0,3.0,0.8978178522254958,0.0,0.0,1.0,0.0,0.0,1.0,0.0,1.0,0.846559539816362,0.0,0.0,1.0,0.0,0.0,1.0
2896.0,3.0,7.0,0.2,7.677299319228643,35.0,218.0,6.228571428571429,0.0,0.0,3.0,21.0,0.0,7.128701876576487,1.105263157894737,1.105263157894737,19.0,0.0,2.0,0.6385779912213193,1.0,8.0,0.630132854001599,2.0,6.0,0.3260750177606747,0.0,0.0,1.0,0.0,0.0,1.0,0.0,1.0,0.4837973241617144,0.0,4.0,0.943859679912061,0.0,0.0,1.0
2904.0,10.0,65.0,1.911764705882353,7.073785839027813,34.0,238.0,7.0,20.0,0.5882352941176471,10.0,75.0,54.0,5.370920050618297,3.571428571428572,3.571428571428572,21.0,3.0,20.0,0.5525202870303701,3.0,23.0,0.2205258540260974,2.0,22.0,0.5269652249595727,0.0,0.0,0.927746022508472,0.0,0.0,1.0,2.0,10.0,0.0012762658183426,0.0,0.0,1.0,0.0,0.0,1.0
2912.0,4.0,8.0,0.2424242424242424,7.218238535904879,33.0,254.0,7.696969696969697,16.0,0.4848484848484848,4.0,23.0,0.0,6.442498549858027,1.6428571428571428,1.6428571428571428,14.0,2.0,12.0,0.5433524703990791,0.0,4.0,0.9306943530718914,2.0,7.0,0.2818598928726795,0.0,0.0,0.6359456517007077,0.0,0.0,1.0,0.0,0.0,1.0,0.0,0.0,1.0,0.0,0.0,1.0
2920.0,3.0,25.0,0.7575757575757576,9.19296720137711,33.0,261.0,7.909090909090909,7.0,0.2121212121212121,3.0,44.0,21.0,9.41550531117842,2.933333333333333,2.933333333333333,15.0,2.0,29.0,0.7252102100375223,0.0,0.0,1.0,0.0,2.0,0.8585335919442917,1.0,6.0,0.6778248176533215,0.0,0.0,1.0,0.0,0.0,1.0,0.0,7.0,0.9138875046107952,0.0,0.0,1.0
2928.0,2.0,5.0,0.1515151515151515,8.06499505111715,33.0,241.0,7.303030303030303,0.0,0.0,2.0,21.0,0.0,6.997169295585331,1.4,1.4,15.0,1.0,8.0,0.5925185382172079,0.0,7.0,0.6915780759183662,0.0,2.0,0.920858044405382,1.0,4.0,0.4109061087090329,0.0,0.0,1.0,0.0,0.0,1.0,0.0,0.0,1.0,0.0,0.0,1.0
2936.0,1.0,2.0,0.0625,9.137745144361,32.0,208.0,6.5,0.0,0.0,0.0,12.0,0.0,10.292899863054258,0.8571428571428571,0.8571428571428571,14.0,0.0,3.0,0.930040760228135,0.0,7.0,0.8395713671963169,0.0,2.0,0.970444501265757,0.0,0.0,0.4545848906227942,0.0,0.0,1.0,0.0,0.0,1.0,0.0,0.0,1.0,0.0,0.0,0.8525360711722666
2944.0,2.0,8.0,0.2580645161290322,9.42587413315717,31.0,204.0,6.580645161290323,0.0,0.0,2.0,17.0,5.0,5.706186047303513,1.5454545454545454,1.5454545454545454,11.0,0.0,0.0,0.9428376692128394,2.0,15.0,0.3474444765196725,0.0,2.0,0.4268454740015674,0.0,0.0,1.0,0.0,0.0,1.0,0.0,0.0,1.0,0.0,0.0,0.6335402615096525,0.0,0.0,0.9902584353727176
2952.0,5.0,34.0,1.1333333333333333,8.589204755920985,30.0,168.0,5.6,0.0,0.0,5.0,43.0,26.0,4.78604427697043,3.583333333333333,3.583333333333333,12.0,0.0,0.0,0.9429785625200876,4.0,37.0,0.3681955124385533,0.0,2.0,0.9711252328742416,0.0,0.0,1.0,0.0,0.0,1.0,0.0,0.0,1.0,1.0,4.0,0.0595348506910723,0.0,0.0,1.0
2968.0,4.0,18.0,0.6206896551724138,8.763352147712682,29.0,134.0,4.620689655172414,0.0,0.0,4.0,46.0,30.0,7.655074622963474,2.555555555555556,2.555555555555556,18.0,0.0,13.0,0.9658584197820678,1.0,12.0,0.6177119526997862,1.0,17.0,0.4859352163856041,0.0,0.0,1.0,0.0,0.0,1.0,1.0,2.0,0.1556784249035472,1.0,2.0,0.2491449933927834,0.0,0.0,1.0
2984.0,2.0,28.0,0.9032258064516128,8.669042623444748,31.0,176.0,5.67741935483871,23.0,0.7419354838709677,2.0,56.0,0.0,7.67720140625576,3.294117647058824,3.294117647058824,17.0,0.0,3.0,0.7480221178267886,0.0,7.0,0.8620105847861868,1.0,30.0,0.4881736369900552,1.0,3.0,0.0002209930144551,0.0,0.0,0.5218828912389342,0.0,0.0,1.0,0.0,13.0,0.4934808247868975,0.0,0.0,1.0
2992.0,2.0,6.0,0.1818181818181818,8.404319439759263,33.0,155.0,4.696969696969697,0.0,0.0,2.0,29.0,0.0,7.947074696608216,1.5263157894736843,1.5263157894736843,19.0,0.0,3.0,0.6728216184503547,1.0,7.0,0.7191900846614568,0.0,3.0,0.8437025211230483,0.0,0.0,1.0,0.0,0.0,0.5217149216434631,0.0,0.0,1.0,1.0,16.0,0.0,0.0,0.0,1.0
3008.0,4.0,16.0,0.4210526315789473,7.819856520760872,38.0,188.0,4.947368421052632,27.0,0.7105263157894737,4.0,43.0,8.0,7.601190471771333,1.5925925925925926,1.5925925925925926,27.0,3.0,20.0,0.5225551659106453,1.0,19.0,0.6280745181841397,0.0,3.0,0.9843338882196366,0.0,1.0,0.841876932775428,0.0,0.0,1.0,0.0,0.0,1.0,0.0,0.0,0.9936259177857644,0.0,0.0,1.0
3016.0,4.0,19.0,0.4130434782608695,7.983318649734798,46.0,175.0,3.804347826086957,0.0,0.0,4.0,49.0,6.0,8.22575325986936,1.75,1.75,28.0,3.0,30.0,0.5446498663010781,0.0,11.0,0.8796773783867323,0.0,6.0,0.9667919457534948,0.0,0.0,0.6705246141515385,0.0,0.0,0.3134169342670902,0.0,0.0,1.0,1.0,2.0,0.3407975277625695,0.0,0.0,1.0
3024.0,7.0,48.0,0.9230769230769232,7.2605779160910435,52.0,204.0,3.923076923076923,29.0,0.5576923076923077,7.0,66.0,17.0,5.899145797008673,2.357142857142857,2.357142857142857,28.0,3.0,53.0,0.5936033921591026,3.0,8.0,0.1569701139684012,0.0,3.0,0.751411896602443,1.0,2.0,0.4299075300095798,0.0,0.0,0.3621346690926386,0.0,0.0,1.0,0.0,0.0,0.7143680268789522,0.0,0.0,1.0
3032.0,1.0,5.0,0.0980392156862745,9.134738264060442,51.0,215.0,4.215686274509804,11.0,0.2156862745098039,1.0,42.0,0.0,8.398649502026691,1.75,1.75,24.0,0.0,28.0,0.7775141560197402,0.0,3.0,0.8214867378312734,0.0,3.0,0.8939150679997309,0.0,0.0,0.2519098281494918,0.0,0.0,0.3553005135799368,0.0,3.0,0.9788738860354366,1.0,5.0,0.097485005726767,0.0,0.0,1.0
3048.0,8.0,65.0,1.4444444444444444,6.82901038735588,45.0,305.0,6.777777777777778,47.0,1.0444444444444445,8.0,93.0,4.0,4.811697477021219,4.428571428571429,4.428571428571429,21.0,5.0,47.0,0.3631649702024235,3.0,39.0,0.2092523726682181,0.0,7.0,0.942627071486146,0.0,0.0,1.0,0.0,0.0,1.0,0.0,0.0,0.9541911682604308,0.0,0.0,1.0,0.0,0.0,1.0
3056.0,9.0,51.0,1.0625,6.821815481067215,48.0,360.0,7.5,55.0,1.1458333333333333,7.0,90.0,0.0,5.386153333879408,4.5,4.5,20.0,5.0,51.0,0.3099159103129267,2.0,26.0,0.4871106296211234,0.0,10.0,0.5196258555392985,0.0,0.0,1.0,0.0,0.0,1.0,0.0,0.0,0.9275051801845704,0.0,3.0,0.8162769607215271,0.0,0.0,1.0
3064.0,10.0,101.0,2.1956521739130435,7.544370858193682,46.0,391.0,8.5,31.0,0.6739130434782609,10.0,137.0,47.0,5.569985528248329,6.523809523809524,6.523809523809524,21.0,5.0,78.0,0.3593841736500241,2.0,35.0,0.570204049490305,2.0,23.0,0.3148483918968325,0.0,0.0,0.8828542962096273,0.0,0.0,1.0,1.0,1.0,0.0013664276348776,0.0,0.0,0.6467911292074213,0.0,0.0,1.0
3072.0,14.0,180.0,3.8297872340425534,5.601772540436588,47.0,432.0,9.191489361702128,41.0,0.8723404255319149,13.0,210.0,73.0,2.526444221039823,9.545454545454543,9.545454545454543,22.0,5.0,115.0,0.2391977275079288,5.0,62.0,0.203097740726436,1.0,23.0,0.4304589708122837,0.0,0.0,0.3126100077033324,0.0,0.0,1.0,0.0,0.0,1.0,2.0,10.0,0.0001118958238565,0.0,0.0,1.0
3080.0,4.0,29.0,0.5918367346938775,7.497849429895909,49.0,463.0,9.448979591836734,31.0,0.6326530612244898,4.0,112.0,0.0,7.248674431400066,4.666666666666667,4.666666666666667,24.0,3.0,90.0,0.3264986099452937,0.0,9.0,0.6770588873991055,0.0,7.0,0.8600820317472884,1.0,0.0,0.5862701625695844,0.0,0.0,0.9551554460702926,0.0,3.0,0.9454019295644062,0.0,3.0,0.6277402028971363,0.0,0.0,1.0
3088.0,3.0,14.0,0.2545454545454545,9.276106112828762,55.0,483.0,8.781818181818181,20.0,0.3636363636363636,3.0,90.0,0.0,8.648363920414338,3.75,3.75,24.0,2.0,75.0,0.6345780270176107,0.0,3.0,0.901000204959778,0.0,7.0,0.9049567728862578,0.0,0.0,0.52544369635304,0.0,0.0,1.0,0.0,0.0,1.0,1.0,5.0,4.265491576754359e-05,0.0,0.0,1.0
3096.0,1.0,0.0,0.0,9.285299081969606,58.0,454.0,7.827586206896552,0.0,0.0,1.0,35.0,0.0,9.356779465223491,1.3461538461538465,1.3461538461538465,26.0,1.0,25.0,0.6837680404120084,0.0,3.0,0.8592488790329394,0.0,7.0,0.9600023197273893,0.0,0.0,0.6862938702090736,0.0,0.0,1.0,0.0,0.0,1.0,0.0,0.0,0.5751122655790202,0.0,0.0,1.0
3104.0,8.0,31.0,0.5535714285714286,8.420893841957355,56.0,380.0,6.785714285714286,0.0,0.0,8.0,62.0,27.0,7.483891303668598,2.066666666666667,2.066666666666667,30.0,7.0,49.0,0.5300340915343432,0.0,3.0,0.6603883470794243,0.0,3.0,0.6954397824756183,1.0,7.0,0.6251769766619125,0.0,0.0,1.0,0.0,0.0,1.0,0.0,0.0,1.0,0.0,0.0,1.0
3112.0,12.0,100.0,1.7543859649122806,7.516978978329755,57.0,356.0,6.245614035087719,0.0,0.0,12.0,131.0,69.0,7.1954813534842685,3.852941176470588,3.852941176470588,34.0,9.0,112.0,0.489718579934928,1.0,3.0,0.7122859701581374,0.0,3.0,0.9769996371312728,2.0,13.0,0.0005780748337407,0.0,0.0,1.0,0.0,0.0,1.0,0.0,0.0,0.9794675516851286,0.0,0.0,1.0
3120.0,6.0,9.0,0.1384615384615384,8.181243906096341,65.0,406.0,6.246153846153846,50.0,0.7692307692307693,4.0,89.0,0.0,8.294363148126585,2.4054054054054053,2.4054054054054053,37.0,1.0,71.0,0.6507124015114099,2.0,10.0,0.6229803154020104,0.0,3.0,0.5002898019775945,0.0,0.0,0.5665983180763265,0.0,0.0,1.0,0.0,0.0,0.8904468295958431,1.0,5.0,1.1720571599208024e-05,0.0,0.0,1.0
3128.0,5.0,33.0,0.5,9.79424721898272,66.0,444.0,6.727272727272728,38.0,0.5757575757575758,5.0,64.0,0.0,9.045221540647994,2.2857142857142856,2.2857142857142856,28.0,3.0,37.0,0.6967162907642055,0.0,6.0,0.8400924112627149,0.0,3.0,0.9169066571132992,0.0,0.0,0.8337648000876832,0.0,0.0,1.0,1.0,5.0,0.3247452154879625,1.0,13.0,0.0,0.0,0.0,1.0
3136.0,0.0,0.0,0.0,9.03602542339304,62.0,434.0,7.0,0.0,0.0,0.0,47.0,0.0,8.06566491264077,2.136363636363636,2.136363636363636,22.0,0.0,41.0,0.5875382510954384,0.0,3.0,0.8513194970161654,0.0,3.0,0.9401480487984456,0.0,0.0,0.3059306071972377,0.0,0.0,0.7556011357542137,0.0,0.0,0.9459371310957098,0.0,0.0,1.0,0.0,0.0,1.0
3144.0,3.0,14.0,0.2295081967213114,8.131677272603607,61.0,375.0,6.147540983606557,0.0,0.0,3.0,52.0,5.0,6.638348902293479,2.260869565217391,2.260869565217391,23.0,2.0,39.0,0.4525425898867085,1.0,6.0,0.0,0.0,7.0,0.8145870614635791,0.0,0.0,0.9638906624908328,0.0,0.0,0.2442018646607856,0.0,0.0,1.0,0.0,0.0,1.0,0.0,0.0,1.0
3152.0,8.0,55.0,0.9322033898305084,8.957242468450229,59.0,360.0,6.101694915254237,0.0,0.0,7.0,71.0,19.0,7.614288586929385,3.227272727272727,3.227272727272727,22.0,5.0,57.0,0.5911076492528995,0.0,0.0,1.0,1.0,10.0,0.4880901150278929,1.0,4.0,0.0,0.0,0.0,1.0,0.0,0.0,0.9966933259927592,0.0,0.0,1.0,0.0,0.0,1.0
3168.0,3.0,8.0,0.135593220338983,8.836303386568177,59.0,340.0,5.762711864406779,0.0,0.0,2.0,32.0,7.0,9.166213154596164,1.2307692307692308,1.2307692307692308,26.0,0.0,21.0,0.6888170138117333,0.0,0.0,0.8696416025464282,0.0,0.0,0.8677906568829762,0.0,0.0,1.0,0.0,0.0,1.0,1.0,5.0,0.4784679247474679,1.0,6.0,0.7663864560353366,0.0,0.0,1.0
3176.0,3.0,12.0,0.2068965517241379,8.761469603650538,58.0,249.0,4.293103448275862,0.0,0.0,3.0,20.0,0.0,8.395705176133308,0.8695652173913043,0.8695652173913043,23.0,0.0,3.0,0.7990496676925798,1.0,6.0,0.4691753338638413,0.0,0.0,0.860815614304478,0.0,0.0,0.837515210240791,0.0,0.0,1.0,0.0,0.0,0.4962107268709831,2.0,11.0,0.1072012856805998,0.0,0.0,1.0
3184.0,3.0,4.0,0.0677966101694915,8.643650645118907,59.0,183.0,3.101694915254237,0.0,0.0,3.0,15.0,0.0,7.926181987210116,0.5357142857142857,0.5357142857142857,28.0,1.0,6.0,0.6703948457950227,1.0,0.0,0.4807051206094875,0.0,0.0,0.849607825474178,0.0,0.0,0.9495271070871086,0.0,0.0,1.0,0.0,0.0,1.0,1.0,9.0,0.4310091453153954,0.0,0.0,1.0
3192.0,6.0,30.0,0.5660377358490566,9.1575694865094,53.0,197.0,3.716981132075472,14.0,0.2641509433962264,5.0,39.0,24.0,8.48814377885725,1.5,1.5,26.0,3.0,14.0,0.585370355341659,0.0,0.0,0.9601204879575652,0.0,0.0,0.861786340257217,0.0,0.0,0.9723538742540394,0.0,0.0,1.0,0.0,4.0,0.9223085705675738,2.0,21.0,0.0,0.0,0.0,0.951450934061154
3208.0,1.0,4.0,0.0816326530612244,7.813673580786835,49.0,162.0,3.306122448979592,0.0,0.0,1.0,9.0,0.0,6.651312684988995,0.391304347826087,0.391304347826087,23.0,0.0,4.0,0.5221746417692711,0.0,0.0,1.0,0.0,0.0,0.9953608597484176,1.0,4.0,0.0,0.0,0.0,1.0,0.0,0.0,1.0,0.0,1.0,0.3130186174888593,0.0,0.0,1.0
3216.0,3.0,7.0,0.1521739130434782,8.076785568044551,46.0,154.0,3.347826086956522,0.0,0.0,3.0,15.0,6.0,6.185021080086656,0.75,0.75,20.0,3.0,11.0,0.4772962662672186,0.0,0.0,1.0,0.0,0.0,1.0,0.0,0.0,1.0,0.0,0.0,1.0,0.0,0.0,1.0,0.0,4.0,0.1742337821158108,0.0,0.0,1.0
3224.0,2.0,7.0,0.1458333333333333,8.273701557118153,48.0,133.0,2.770833333333333,0.0,0.0,2.0,19.0,4.0,7.402323270140654,0.76,0.76,25.0,2.0,19.0,0.5192364579150494,0.0,0.0,1.0,0.0,0.0,1.0,0.0,0.0,1.0,0.0,0.0,1.0,0.0,0.0,1.0,0.0,0.0,1.0,0.0,0.0,0.8399796517928664
3232.0,4.0,6.0,0.1276595744680851,7.362529042448337,47.0,153.0,3.25531914893617,20.0,0.425531914893617,4.0,29.0,10.0,6.428883419338111,1.1153846153846154,1.1153846153846154,26.0,4.0,29.0,0.4337326370972996,0.0,0.0,1.0,0.0,0.0,1.0,0.0,0.0,1.0,0.0,0.0,0.94709267205197,0.0,0.0,1.0,0.0,0.0,1.0,0.0,0.0,0.917213605713398
3248.0,4.0,10.0,0.217391304347826,7.669470876342551,46.0,121.0,2.630434782608696,0.0,0.0,4.0,31.0,0.0,6.69472521435165,1.148148148148148,1.148148148148148,27.0,4.0,31.0,0.4307982035803816,0.0,0.0,0.7684265018288571,0.0,0.0,0.9313251112735071,0.0,0.0,1.0,0.0,0.0,1.0,0.0,0.0,1.0,0.0,0.0,0.9495795452626464,0.0,0.0,1.0
3256.0,6.0,13.0,0.2826086956521739,6.960806362597095,46.0,140.0,3.0434782608695654,19.0,0.4130434782608695,6.0,46.0,15.0,5.725538653851396,1.4375,1.4375,32.0,4.0,44.0,0.4038936871806726,1.0,0.0,0.4698997344943922,0.0,0.0,1.0,0.0,0.0,0.6435480606555469,0.0,0.0,1.0,0.0,0.0,1.0,1.0,2.0,0.001203824356381,0.0,0.0,1.0
3264.0,3.0,16.0,0.3478260869565217,7.367215842128212,46.0,156.0,3.391304347826087,16.0,0.3478260869565217,3.0,43.0,0.0,5.95174682493186,1.5357142857142858,1.5357142857142858,28.0,2.0,39.0,0.3625218709492716,0.0,0.0,0.9349059907418442,0.0,0.0,1.0,1.0,4.0,0.4687908080383973,0.0,0.0,1.0,0.0,0.0,1.0,0.0,0.0,0.3592346872254991,0.0,0.0,1.0
3272.0,11.0,39.0,0.7959183673469388,5.425151744228417,49.0,177.0,3.612244897959184,21.0,0.4285714285714285,10.0,64.0,21.0,3.4167176403536508,2.0,2.0,32.0,7.0,53.0,0.2142177547014252,2.0,4.0,0.0005313189862702,0.0,0.0,0.9471277840867468,1.0,4.0,0.2499318568585815,0.0,0.0,1.0,0.0,0.0,1.0,0.0,3.0,0.5974009010538341,0.0,0.0,1.0
3280.0,5.0,47.0,1.0,6.333788627927564,47.0,198.0,4.212765957446808,21.0,0.4468085106382978,5.0,83.0,19.0,4.751179078034834,2.7666666666666666,2.7666666666666666,30.0,5.0,79.0,0.2898505069227235,0.0,0.0,1.0,0.0,3.0,0.8521871439078652,0.0,0.0,0.4952944653301042,0.0,0.0,1.0,0.0,1.0,0.6708696711511271,0.0,0.0,1.0,0.0,0.0,1.0
3288.0,4.0,56.0,1.12,6.768109714032781,50.0,222.0,4.44,24.0,0.48,3.0,90.0,7.0,4.096413464894092,3.333333333333333,3.333333333333333,27.0,3.0,87.0,0.2506102420948342,0.0,0.0,1.0,0.0,3.0,0.9358342677761236,0.0,0.0,0.630807321205843,0.0,0.0,1.0,0.0,0.0,1.0,0.0,0.0,0.2672251136365519,0.0,0.0,1.0
3296.0,2.0,6.0,0.12,7.857283120333627,50.0,183.0,3.66,0.0,0.0,2.0,46.0,0.0,5.783398378309655,1.84,1.84,25.0,2.0,37.0,0.2389356660936143,0.0,6.0,0.7687796029412383,0.0,3.0,0.9236111080941068,0.0,0.0,0.9374857825842934,0.0,0.0,1.0,0.0,0.0,1.0,0.0,0.0,0.9024844528481452,0.0,0.0,1.0
3304.0,4.0,7.0,0.1458333333333333,7.332512455454747,48.0,190.0,3.9583333333333335,7.0,0.1458333333333333,3.0,48.0,2.0,6.083391488260475,1.8461538461538465,1.8461538461538465,26.0,3.0,38.0,0.1636406755617709,0.0,7.0,0.9020495882156824,0.0,3.0,0.9433033924509616,0.0,0.0,0.9539945648421032,0.0,0.0,1.0,0.0,0.0,1.0,0.0,0.0,1.0,0.0,0.0,1.0
3312.0,1.0,0.0,0.0,8.029420306271462,51.0,190.0,3.725490196078432,0.0,0.0,1.0,25.0,0.0,5.59723487925802,1.0869565217391304,1.0869565217391304,23.0,1.0,22.0,0.3178261933514425,0.0,0.0,0.8821429949577249,0.0,3.0,0.7992219765696512,0.0,0.0,1.0,0.0,0.0,1.0,0.0,0.0,1.0,0.0,0.0,1.0,0.0,0.0,1.0
3320.0,1.0,0.0,0.0,9.135281274853892,52.0,185.0,3.5576923076923075,0.0,0.0,1.0,11.0,0.0,8.088456174776008,0.3793103448275862,0.3793103448275862,29.0,0.0,4.0,0.5347442432842221,0.0,0.0,0.92314442612742,1.0,3.0,0.8319050170659279,0.0,0.0,0.8221827015321139,0.0,0.0,0.8947261639344958,0.0,4.0,0.7262288586640722,0.0,0.0,1.0,0.0,0.0,1.0
3328.0,1.0,0.0,0.0,9.199337504428543,48.0,89.0,1.8541666666666667,0.0,0.0,1.0,10.0,0.0,8.719495740710748,0.3125,0.3125,32.0,1.0,0.0,0.5765400845433021,0.0,0.0,0.867708589520754,0.0,3.0,0.9430455828385178,0.0,0.0,0.978841864935472,0.0,0.0,1.0,0.0,4.0,0.7391700628255489,0.0,3.0,0.8099227325433749,0.0,0.0,1.0
3336.0,8.0,24.0,0.5217391304347826,7.238631493915462,46.0,98.0,2.130434782608696,9.0,0.1956521739130435,8.0,30.0,20.0,6.27521871297416,0.9375,0.9375,32.0,5.0,16.0,0.4271035557265732,0.0,0.0,0.890983545816838,1.0,4.0,0.6652398208645228,1.0,3.0,0.1879925911742583,0.0,0.0,1.0,0.0,0.0,1.0,1.0,7.0,0.5580349687420869,0.0,0.0,1.0
3344.0,7.0,46.0,0.9787234042553192,6.806483450586217,47.0,152.0,3.234042553191489,54.0,1.148936170212766,7.0,60.0,30.0,6.686684562998665,1.6666666666666667,1.6666666666666667,36.0,5.0,38.0,0.487264877188077,0.0,3.0,0.8599195584206959,0.0,3.0,0.7132298516026674,0.0,0.0,1.0,0.0,0.0,1.0,0.0,0.0,0.0112412730866579,2.0,16.0,0.2727807954849953,0.0,0.0,1.0
3352.0,6.0,22.0,0.4680851063829787,8.134524236593403,47.0,196.0,4.170212765957447,44.0,0.9361702127659576,6.0,40.0,0.0,7.285978195400113,1.3333333333333333,1.3333333333333333,30.0,4.0,13.0,0.5122117658094867,1.0,17.0,0.7822445382750902,1.0,8.0,0.7021704465352772,0.0,0.0,1.0,0.0,0.0,1.0,0.0,0.0,1.0,0.0,2.0,0.1944664683793446,0.0,0.0,1.0
3360.0,4.0,38.0,0.8085106382978723,8.548258709543022,47.0,221.0,4.702127659574468,25.0,0.5319148936170213,4.0,66.0,26.0,7.3049563934994834,2.129032258064516,2.129032258064516,31.0,0.0,10.0,0.6893729232722661,1.0,29.0,0.6921550311315054,3.0,24.0,0.4538243029204302,0.0,0.0,1.0,0.0,0.0,1.0,0.0,3.0,0.9393372882186578,0.0,0.0,0.1573890151474269,0.0,0.0,1.0
3368.0,6.0,44.0,1.0,7.256365043990012,44.0,234.0,5.318181818181818,13.0,0.2954545454545454,5.0,80.0,14.0,6.451295976501498,2.857142857142857,2.857142857142857,28.0,1.0,13.0,0.6231955382515625,4.0,53.0,0.517447025590801,0.0,14.0,0.5646609941291645,0.0,0.0,1.0,0.0,0.0,1.0,0.0,0.0,1.0,0.0,0.0,0.9809179255159536,0.0,0.0,1.0
3376.0,6.0,35.0,0.7608695652173914,7.72175735661782,46.0,268.0,5.826086956521739,34.0,0.7391304347826086,6.0,73.0,0.0,6.362111050358307,2.607142857142857,2.607142857142857,28.0,3.0,29.0,0.4628106880496728,0.0,17.0,0.6938607301391138,3.0,27.0,0.5248360819968776,0.0,0.0,1.0,0.0,0.0,0.6313861067832245,0.0,0.0,1.0,0.0,0.0,1.0,0.0,0.0,1.0
3384.0,5.0,43.0,0.9772727272727272,8.190183873482109,44.0,306.0,6.954545454545454,38.0,0.8636363636363636,5.0,75.0,2.0,7.274521089853457,2.586206896551724,2.586206896551724,29.0,2.0,41.0,0.5978226029469651,1.0,14.0,0.7344561341866133,2.0,20.0,0.5033622848751677,0.0,0.0,1.0,0.0,0.0,1.0,0.0,0.0,0.7721794139316656,0.0,0.0,1.0,0.0,0.0,1.0
3392.0,6.0,45.0,1.0975609756097562,8.45995137926568,41.0,282.0,6.878048780487805,0.0,0.0,6.0,72.0,0.0,7.733631197230899,2.25,2.25,32.0,0.0,7.0,0.7535304744634469,3.0,34.0,0.67421199118013,2.0,25.0,0.6157005105523586,0.0,0.0,0.9017356952200966,0.0,0.0,1.0,1.0,6.0,0.0,0.0,0.0,1.0,0.0,0.0,1.0
3400.0,4.0,16.0,0.3809523809523809,8.762559711300904,42.0,312.0,7.428571428571429,30.0,0.7142857142857143,3.0,50.0,0.0,8.609375936824609,1.6666666666666667,1.6666666666666667,30.0,1.0,7.0,0.7893324233750348,1.0,25.0,0.753370552563889,0.0,4.0,0.819311185217051,0.0,0.0,0.8829774645195011,0.0,0.0,1.0,1.0,14.0,0.0,0.0,0.0,1.0,0.0,0.0,1.0
3408.0,4.0,10.0,0.2127659574468085,9.665624424942909,47.0,328.0,6.97872340425532,16.0,0.3404255319148936,4.0,42.0,0.0,8.776206381512456,1.4,1.4,30.0,1.0,12.0,0.7761416407116662,2.0,23.0,0.7017514300552337,1.0,7.0,0.712233100481358,0.0,0.0,0.8427247757567748,0.0,0.0,1.0,0.0,0.0,1.0,0.0,0.0,1.0,0.0,0.0,1.0
3416.0,3.0,15.0,0.3333333333333333,8.619318640995594,45.0,305.0,6.777777777777778,0.0,0.0,3.0,49.0,7.0,7.9562625334691806,1.6333333333333333,1.6333333333333333,30.0,2.0,27.0,0.492685580895417,0.0,10.0,0.8453854135676567,0.0,4.0,0.8390172626622326,1.0,2.0,0.4691782625323342,0.0,0.0,1.0,0.0,0.0,1.0,0.0,6.0,0.95857254726593,0.0,0.0,1.0
3424.0,3.0,31.0,0.7209302325581395,8.630315527499475,43.0,246.0,5.72093023255814,0.0,0.0,3.0,58.0,9.0,8.00325273165371,2.32,2.32,25.0,3.0,41.0,0.4949869985407712,0.0,13.0,0.903000755894359,0.0,4.0,0.8541298866038304,0.0,0.0,1.0,0.0,0.0,1.0,0.0,0.0,0.9712366001231338,0.0,0.0,1.0,0.0,0.0,1.0
3432.0,8.0,70.0,1.5909090909090908,7.106034321446175,44.0,266.0,6.045454545454546,20.0,0.4545454545454545,8.0,94.0,36.0,5.745355079830935,3.1333333333333333,3.1333333333333333,30.0,8.0,77.0,0.1839143110481198,0.0,13.0,0.943221593405512,0.0,4.0,0.6535028148288935,0.0,0.0,0.9901841715752526,0.0,0.0,1.0,0.0,0.0,0.919894409511543,0.0,0.0,1.0,0.0,0.0,1.0
3440.0,6.0,52.0,1.1063829787234043,7.940248627889296,47.0,309.0,6.574468085106383,43.0,0.9148936170212766,6.0,74.0,0.0,7.502741783168904,2.3870967741935485,2.3870967741935485,31.0,6.0,55.0,0.3148811675556388,0.0,12.0,0.8370771047081597,0.0,7.0,0.8242993596606883,0.0,0.0,0.9917585943686484,0.0,0.0,1.0,0.0,0.0,0.1050185495469171,0.0,0.0,1.0,0.0,0.0,1.0
3448.0,3.0,5.0,0.1020408163265306,8.95679250801316,49.0,330.0,6.73469387755102,21.0,0.4285714285714285,2.0,49.0,0.0,8.72976907295867,1.53125,1.53125,32.0,0.0,26.0,0.6719475847913461,0.0,14.0,0.907528969986476,1.0,6.0,0.754895496161591,1.0,3.0,0.4648071174713639,0.0,0.0,1.0,0.0,0.0,0.9802944614591016,0.0,0.0,1.0,0.0,0.0,1.0
3464.0,5.0,21.0,0.4468085106382978,8.20636931061413,47.0,292.0,6.212765957446808,0.0,0.0,5.0,34.0,0.0,6.310265441733416,1.4782608695652173,1.4782608695652173,23.0,1.0,3.0,0.6416590445610771,2.0,26.0,0.6763748774737738,2.0,5.0,0.2725246634292066,0.0,0.0,0.9354826538512684,0.0,0.0,1.0,0.0,0.0,1.0,0.0,0.0,1.0,0.0,0.0,1.0
3472.0,5.0,21.0,0.4285714285714285,8.901522279886965,49.0,302.0,6.163265306122449,10.0,0.2040816326530612,5.0,31.0,0.0,7.636149821456152,1.1923076923076923,1.1923076923076923,26.0,1.0,8.0,0.7431335366544511,1.0,6.0,0.6993262161678153,3.0,14.0,0.1955553563939609,0.0,0.0,0.9381896871130624,0.0,0.0,1.0,0.0,0.0,0.8681645994622235,0.0,3.0,0.6558051014217529,0.0,0.0,1.0
3480.0,4.0,15.0,0.3409090909090909,8.948653459316048,44.0,265.0,6.0227272727272725,0.0,0.0,3.0,50.0,19.0,7.685766566339647,2.380952380952381,2.380952380952381,21.0,1.0,3.0,0.7699123378042402,1.0,17.0,0.8003217087999307,1.0,30.0,0.4013568564797376,0.0,0.0,1.0,0.0,0.0,1.0,0.0,0.0,1.0,0.0,0.0,1.0,0.0,0.0,1.0
3488.0,5.0,6.0,0.125,7.867557362819537,48.0,237.0,4.9375,0.0,0.0,4.0,65.0,15.0,6.735039775982353,2.5,2.5,26.0,2.0,6.0,0.6020606233219379,0.0,16.0,0.8089588467116826,2.0,38.0,0.2705474187205205,0.0,1.0,0.8983694927537806,0.0,0.0,1.0,0.0,0.0,1.0,0.0,4.0,0.042102142795234,0.0,0.0,1.0
3496.0,4.0,22.0,0.4489795918367347,8.374024971918914,49.0,246.0,5.020408163265306,9.0,0.1836734693877551,4.0,59.0,0.0,8.035973358898193,2.185185185185185,2.185185185185185,27.0,3.0,21.0,0.6084143131459903,1.0,20.0,0.699599769273563,0.0,15.0,0.8175026310214386,0.0,0.0,0.8652696599947444,0.0,0.0,1.0,0.0,3.0,0.9401199549613928,0.0,0.0,1.0,0.0,0.0,1.0
3504.0,6.0,56.0,1.2173913043478262,7.599629545649902,46.0,282.0,6.130434782608695,36.0,0.782608695652174,6.0,78.0,19.0,6.455942023144233,3.12,3.12,25.0,2.0,30.0,0.4859055506577127,4.0,42.0,0.435720472530665,0.0,3.0,0.9446322370184675,0.0,0.0,0.9966623011608492,0.0,0.0,1.0,0.0,3.0,0.966642218990639,0.0,0.0,1.0,0.0,0.0,1.0
3512.0,3.0,33.0,0.7674418604651163,8.337565414258945,43.0,312.0,7.255813953488372,30.0,0.6976744186046512,3.0,63.0,0.0,7.632243139097826,3.5,3.5,18.0,1.0,7.0,0.707392078149396,2.0,53.0,0.608206172363285,0.0,3.0,0.9045882361845734,0.0,0.0,0.9215707733167848,0.0,0.0,1.0,0.0,0.0,0.952691740690368,0.0,0.0,1.0,0.0,0.0,1.0
3520.0,3.0,7.0,0.1521739130434782,8.989604601385134,46.0,314.0,6.826086956521739,2.0,0.0434782608695652,3.0,55.0,0.0,8.212389962706675,2.5,2.5,22.0,1.0,8.0,0.7043390852513383,2.0,35.0,0.63952751586376,0.0,3.0,0.937015944046017,0.0,3.0,0.9822865333412264,0.0,0.0,1.0,0.0,2.0,0.6201913912771032,0.0,4.0,0.9638503723848052,0.0,0.0,1.0
3528.0,1.0,1.0,0.025,8.9586620630998,40.0,282.0,7.05,0.0,0.0,1.0,35.0,0.0,7.574846041432155,1.8421052631578947,1.8421052631578947,19.0,0.0,11.0,0.68070950586085,1.0,21.0,0.6981829600515422,0.0,3.0,0.9354630733116684,0.0,0.0,0.9403870402621356,0.0,0.0,1.0,0.0,0.0,1.0,0.0,0.0,1.0,0.0,0.0,1.0
3536.0,5.0,17.0,0.4146341463414634,8.2601889708464,41.0,259.0,6.317073170731708,0.0,0.0,4.0,38.0,3.0,7.294994522930596,2.111111111111111,2.111111111111111,18.0,1.0,5.0,0.7145125615638291,3.0,30.0,0.398975689721276,0.0,3.0,0.9311689444661372,0.0,0.0,0.9444847681761532,0.0,0.0,1.0,0.0,0.0,1.0,0.0,0.0,0.9411308917094444,0.0,0.0,1.0
3544.0,3.0,15.0,0.3658536585365853,8.23615181675848,41.0,271.0,6.609756097560975,12.0,0.2926829268292683,3.0,24.0,0.0,4.3806706041516525,2.1818181818181817,2.1818181818181817,11.0,1.0,10.0,0.336074015589568,1.0,12.0,0.6867419631874662,0.0,0.0,0.479260325122234,1.0,2.0,0.0016554942846371,0.0,0.0,1.0,0.0,0.0,1.0,0.0,0.0,1.0,0.0,0.0,0.4510600313410892
3552.0,2.0,10.0,0.2631578947368421,8.900045519482035,38.0,256.0,6.7368421052631575,0.0,0.0,2.0,23.0,0.0,8.40969290166903,2.090909090909091,2.090909090909091,11.0,1.0,2.0,0.6353188305787243,0.0,8.0,0.8869221969475762,1.0,10.0,0.6090202664069447,0.0,0.0,1.0,0.0,0.0,0.7421166210399568,0.0,0.0,1.0,0.0,3.0,0.8507637498830986,0.0,0.0,1.0
3560.0,1.0,10.0,0.303030303030303,8.36620361920185,33.0,201.0,6.090909090909091,0.0,0.0,1.0,20.0,0.0,7.159852672501373,2.0,2.0,10.0,1.0,10.0,0.4447098574126347,0.0,8.0,0.9858347002433676,0.0,2.0,0.8545977126173152,0.0,0.0,1.0,0.0,0.0,0.572190559890092,0.0,0.0,1.0,0.0,0.0,1.0,0.0,0.0,1.0
3568.0,4.0,33.0,1.064516129032258,6.97504288256127,31.0,136.0,4.387096774193548,0.0,0.0,4.0,35.0,15.0,6.321363667492782,3.1818181818181817,3.1818181818181817,11.0,3.0,28.0,0.4704470077114899,0.0,0.0,0.966163107286233,1.0,7.0,0.473593311974297,0.0,0.0,0.8543766820080264,0.0,0.0,1.0,0.0,0.0,0.6392140285978668,0.0,0.0,1.0,0.0,0.0,1.0
3576.0,2.0,4.0,0.1333333333333333,7.271266602967126,30.0,135.0,4.5,0.0,0.0,1.0,9.0,0.0,7.925447924103429,0.8181818181818182,0.8181818181818182,11.0,0.0,0.0,0.7058491387102457,0.0,3.0,0.7196219490048285,0.0,2.0,0.8681697400266971,0.0,0.0,0.9238070649019628,0.0,0.0,1.0,1.0,4.0,0.4312744265752188,0.0,0.0,0.4974136154487669,0.0,0.0,1.0
3584.0,1.0,3.0,0.09375,8.905401822445981,32.0,128.0,4.0,0.0,0.0,1.0,8.0,0.0,8.52462085513435,0.7272727272727273,0.7272727272727273,11.0,0.0,0.0,0.7181753186618509,0.0,3.0,0.9579271322082707,0.0,2.0,0.926247664827694,0.0,0.0,0.9269218736851922,0.0,0.0,1.0,1.0,3.0,0.4564485171865662,0.0,0.0,1.0,0.0,0.0,1.0
3592.0,1.0,1.0,0.032258064516129,9.856341979593234,31.0,102.0,3.290322580645161,0.0,0.0,1.0,3.0,0.0,9.434447588973295,0.25,0.25,12.0,0.0,0.0,0.8355166310805175,1.0,1.0,0.0101554419732759,0.0,2.0,0.8707968925143525,0.0,0.0,1.0,0.0,0.0,1.0,0.0,0.0,0.9196603353971172,0.0,0.0,0.9225012442217552,0.0,0.0,0.998965711088982
3600.0,4.0,14.0,0.4827586206896552,7.841620657918933,29.0,69.0,2.3793103448275863,0.0,0.0,4.0,16.0,13.0,6.757460259225125,1.0,1.0,16.0,1.0,3.0,0.6537813150140919,1.0,9.0,0.3784775991919991,0.0,2.0,0.6633394482761891,0.0,0.0,1.0,0.0,0.0,1.0,1.0,1.0,0.4409823220039265,1.0,1.0,0.4695522207397033,0.0,0.0,0.9991269798319812
